2979213
2979876
3035369
3035972
3036064
3036300
3036440
3036497
3038355
3038361
3038536
3038736
3038737
3038995
3039148
3040373
3040382
3040521
3040548
3040658
3040890
3040974
3043216
3043952
3046052
3046096
3046401
3046450
3046722
3047005
3048554
3049084
3049249
3049271
3049415
3049668
3049728
3051221
3053085
3053254
3055031
3055928
3056727
3057139
3057147
3057225
3057292
3057399
3058901
3060010
3061454
3061507
3061552
3062018
3062639
3063032
3063078
3064224
3064330
3064683
3065008
3067223
3067821
3067887
3068023
3068286
3069655
3069946
3069948
3070878
3072522
3072662
3073178
3073190
3073473
3073832
3075159
3075367
3076177
3077812
3077862
3077904
3078473
3078614
3078616
3078672
3078988
3080410
3080702
3080724
3080790
3080907
3081239
3081572
3081590
3081718
3081755
3083843
3083952
3083989
3084426
3084485
3084566
3084628
3084786
3086230
3089164
3089169
3089406
3089712
3089949
3090198
3091710
3091755
3091762
3094331
3094422
3094961
3095253
3096627
3096883
3096992
3097273
3097342
3097830
3099923
3100004
3100584
3100733
3100890
3102096
3102279
3102666
3102910
3103431
3103674
3103697
3105091
3105230
3105296
3105332
3105379
3105461
3105489
3105755
3107307
3107320
3107429
3108559
3108975
3110993
3111464
3111685
3112045
3113913
3114228
3117284
3117318
3120138
3120328
3121227
3122660
3122705
3122784
3123096
3123177
3123638
3123873
3125153
3125213
3125297
3125629
3125799
3126039
3126141
3126286
3126617
3126643
3128017
3128246
3128502
3128930
3128990
3130602
3131336
3131681
3131794
3132069
3132183
3134111
3134197
3134692
3134865
3136087
3136161
3136261
3136331
3137004
3137055
3137416
3137503
3139370
3139606
3140014
3142690
3143410
3143552
3143964
3144650
3148334
3148420
3148714
3148750
3149302
3152486
3152738
3152826
3152904
3153091
3154718
3154771
3154837
3155190
3156732
3156824
3156856
3157303
3157563
3157856
3159299
3159764
3160442
3160798
3162771
3163005
3163474
3165174
3165559
3166097
3167408
3167645
3167721
3167899
3168140
3168473
3168658
3170308
3170690
3170695
3170826
3171446
3173215
3173614
3174229
3175957
3176066
3176105
3176332
3176408
3176649
3176829
3177151
3178500
3178899
3179186
3179283
3179557
3182099
3182101
3182126
3183881
3183940
3184077
3184379
3184814
3184982
3185262
3186576
3186577
3187042
3187178
3187252
3187839
3192347
3192715
3192870
3194906
3195475
3195536
3195913
3196401
3199962
3200419
3203269
3203981
3204109
3204359
3209160
3214280
3214478
3215660
3218840
3219257
3220223
3224771
3225363
3226087
3226276
3226301
3227069
3227074
3230590
3230841
3232106
3235143
3235527
3235709
3235827
3236294
3244403
3244690
3244968
3245719
3245862
3245955
3247416
3247515
3248101
3248593
3248648
3250093
3250334
3250411
3250871
3251247
3251396
3251431
3252654
3252864
3253071
3253268
3253896
3254039
3254079
3254108
3255816
3255972
3256071
3256147
3256196
3256222
3256640
3256778
3258500
3259447
3259613
3261053
3261556
3261906
3262032
3262223
3263859
3264219
3264332
3264456
3264972
3265587
3265807
3268346
3268981
3268987
3269019
3269207
3269386
3270152
3270856
3274007
3274696
3275246
3275422
3275442
3331711
3334757
3336074
3341535
3341567
3342138
3342683
3343108
3343250
3343306
3343986
3344023
3344135
3344393
3344607
3345132
3345227
3346036
3346059
3346274
3346436
3346819
3347052
3347216
3347294
3347345
3347485
3347828
3347946
3348023
3352010
3352101
3352106
3352578
3352728
3352848
3353122
3353537
3353824
3353923
3354155
3354450
3354508
3355199
3355267
3357787
3358052
3359208
3359246
3360117
3360266
3360394
3362583
3362598
3363914
3364090
3364421
3364553
3364700
3364761
3364933
3364946
3364973
3365114
3365203
3365541
3365588
3366020
3366385
3366960
3367037
3367793
3373778
3374068
3374579
3374838
3374862
3374935
3375890
3376038
3377558
3377829
3378237
3378393
3378547
3378704
3378885
3379252
3379305
3379729
3382669
3384052
3384883
3385692
3386518
3387684
3387995
3388844
3388967
3389379
3390502
3391135
3391394
3396155
3396229
3396577
3396584
3396617
3396639
3397965
3398112
3398218
3399049
3399172
3399991
3400054
3400407
3400447
3401269
