0.000000 0.666667 0.702882 0.702882
0.025000 0.648649 0.702882 0.702882
0.050000 0.628059 0.686147 0.686147
0.075000 0.582828 0.662021 0.662021
0.100000 0.547331 0.628472 0.628472
0.125000 0.519158 0.593703 0.593703
0.150000 0.489398 0.572418 0.572418
0.175000 0.463658 0.544161 0.544161
0.200000 0.432303 0.511398 0.511398
0.225000 0.407774 0.484534 0.484534
0.250000 0.384600 0.443573 0.443573
0.275000 0.345131 0.403310 0.403310
0.300000 0.308928 0.357768 0.357768
0.325000 0.272737 0.304008 0.304008
0.350000 0.229289 0.239241 0.239241
0.375000 0.179393 0.155248 0.155248
0.400000 0.122138 0.067057 0.067057
0.425000 0.055629 0.032269 0.032269
0.450000 0.021320 0.000000 0.000000
0.475000 0.000000 0.000000 0.000000
0.500000 0.000000 0.000000 0.000000
0.525000 0.000000 0.000000 0.000000
0.550000 0.000000 0.000000 0.000000
0.575000 0.000000 0.000000 0.000000
0.600000 0.000000 0.000000 0.000000
0.625000 0.000000 0.000000 0.000000
0.650000 0.000000 0.000000 0.000000
0.675000 0.000000 0.000000 0.000000
0.700000 0.000000 0.000000 0.000000
0.725000 0.000000 0.000000 0.000000
0.750000 0.000000 0.000000 0.000000
0.775000 0.000000 0.000000 0.000000
0.800000 0.000000 0.000000 0.000000
0.825000 0.000000 0.000000 0.000000
0.850000 0.000000 0.000000 0.000000
0.875000 0.000000 0.000000 0.000000
0.900000 0.000000 0.000000 0.000000
0.925000 0.000000 0.000000 0.000000
0.950000 0.000000 0.000000 0.000000
0.975000 0.000000 0.000000 0.000000
1.000000 0.000000 0.000000 0.000000
