2979125
2979128
2979153
2979166
2979208
2979222
2979257
2979289
2979295
2979316
2979320
2979742
2979833
2979845
2979846
2979866
2979873
3034954
3034962
3035001
3035074
3035108
3035118
3035140
3035182
3035188
3035205
3035372
3035717
3035719
3035742
3035753
3035804
3035829
3035830
3035840
3035845
3035847
3035851
3035876
3035929
3035969
3035979
3035994
3036003
3036070
3036080
3036093
3036118
3036124
3036134
3036152
3036154
3036168
3036186
3036194
3036204
3036285
3036292
3036300
3036333
3036357
3036419
3036464
3037884
3038149
3038166
3038294
3038348
3038354
3038388
3038396
3038411
3038429
3038434
3038435
3038440
3038469
3038508
3038552
3038555
3038564
3038565
3038573
3038592
3038660
3038753
3038756
3038791
3038804
3038843
3038844
3038882
3038883
3038906
3038940
3038954
3038962
3038968
3038972
3038991
3038998
3039034
3039058
3039086
3039110
3039142
3039153
3039158
3040386
3040455
3040489
3040533
3040534
3040535
3040662
3040675
3040742
3040746
3040767
3040791
3040801
3040834
3040854
3040892
3040931
3040944
3040989
3041011
3041015
3041055
3041056
3041059
3041090
3041099
3041122
3041130
3041169
3041204
3041225
3041253
3041273
3041342
3041355
3041370
3041386
3041423
3041426
3041452
3041468
3041491
3041497
3041521
3041546
3041562
3041567
3041571
3041584
3041608
3041610
3041688
3041706
3041726
3041731
3041737
3041749
3041814
3041939
3041941
3041942
3041984
3043082
3043112
3043216
3043221
3043273
3043277
3043310
3043321
3043342
3043348
3043385
3043403
3043428
3043449
3043457
3043467
3043491
3043509
3043611
3043741
3043748
3043749
3043797
3043822
3043835
3043868
3043880
3043910
3043951
3043979
3044081
3044094
3044123
3044155
3044156
3044170
3044217
3044235
3044239
3044242
3044248
3044408
3044421
3044425
3044429
3044459
3044530
3044593
3044677
3045682
3045688
3045730
3045742
3045805
3045825
3045835
3045849
3045901
3045921
3045927
3045946
3045959
3045962
3046007
3046030
3046034
3046068
3046089
3046162
3046191
3046284
3046319
3046365
3046406
3046433
3046462
3046532
3046535
3046584
3046601
3046604
3046608
3046618
3046644
3046671
3046715
3046738
3046765
3046840
3046896
3046913
3046984
3047004
3047036
3047052
3047084
3047104
3047136
3047148
3047181
3047192
3047204
3047220
3047234
3047388
3048440
3048485
3048512
3048518
3048524
3048526
3048579
3048583
3048589
3048603
3048632
3048673
3048674
3048691
3048692
3048742
3048750
3048764
3048834
3048875
3048876
3048908
3048910
3048977
3048980
3048986
3048993
3049005
3049080
3049097
3049129
3049157
3049166
3049172
3049173
3049182
3049226
3049336
3049341
3049348
3049401
3049488
3049490
3049491
3049496
3049520
3049561
3049567
3049574
3049578
3049582
3049627
3049630
3049644
3049693
3049695
3049744
3049824
3049827
3049843
3049945
3049978
3051145
3051148
3051160
3051163
3051204
3051280
3051297
3051363
3051390
3051393
3051470
3051481
3051494
3051608
3051624
3051711
3051731
3051744
3051755
3051764
3051799
3051804
3051834
3051841
3051938
3051943
3052008
3052014
3052024
3052074
3052075
3052110
3052115
3052182
3052221
3052278
3052324
3052409
3052441
3052447
3052448
3052499
3052529
3052540
3052547
3052625
3052627
3052628
3052640
3052643
3052653
3052657
3052662
3052683
3052692
3052704
3052727
3052728
3052785
3052791
3052804
3052815
3052823
3052832
3052842
3052856
3052894
3052896
3052921
3052931
3052983
3052990
3053006
3053007
3053031
3053039
3053123
3053180
3053182
3053190
3053197
3053234
3053241
3053246
3053262
3053305
3053316
3053323
3053343
3054453
3054458
3054472
3054485
3054492
3054585
3054618
3054631
3054669
3054730
3054774
3054778
3054890
3054897
3055038
3055056
3055058
3055063
3055085
3055632
3055660
3055667
3055940
3055964
3056034
3056127
3056593
3056596
3056604
3056605
3056644
3056645
3056788
3056795
3056797
3056814
3056858
3056869
3056871
3056879
3056918
3056968
3056969
3056974
3056997
3057048
3057114
3057117
3057162
3057176
3057209
3057214
3057254
3057263
3057329
3057345
3057380
3057410
3057411
3057416
3057424
3057436
3057470
3057510
3057521
3057562
3057569
3057590
3057662
3057674
3057722
3057735
3057814
3058699
3058872
3058885
3058892
3059265
3059430
3059461
3059486
3059492
3059506
3059532
3059543
3059549
3059558
3059565
3059594
3059603
3059656
3059671
3059674
3059691
3059702
3059761
3059763
3059773
3059856
3059993
3059998
3060036
3060037
3060060
3060085
3060185
3060197
3060256
3060342
3060355
3060398
3061411
3061448
3061481
3061610
3061633
3061641
3061651
3061698
3061713
3061730
3061763
3061765
3061839
3061846
3061874
3061882
3061904
3061969
3061971
3062003
3062010
3062052
3062057
3062100
3062191
3062226
3062238
3062240
3062287
3062417
3062479
3062505
3062522
3062556
3062564
3062586
3062621
3062648
3062654
3062674
3062685
3062695
3062723
3062740
3062752
3062783
3062844
3062878
3062911
3062964
3062999
3063132
3063967
3063982
3064172
3064185
3064218
3064219
3064269
3064353
3064354
3064356
3064390
3064448
3064450
3064472
3064485
3064496
3064516
3064521
3064539
3064572
3064581
3064629
3064657
3064673
3064729
3064749
3064814
3064836
3064837
3064856
3064964
3064972
3064997
3065040
3065044
3065052
3065312
3065405
3065406
3065418
3065423
3065431
3065444
3065472
3065522
3065528
3065534
3065565
3065587
3065669
3065675
3065719
3066804
3066808
3066826
3066883
3066901
3066953
3066959
3067028
3067053
3067075
3067081
3067083
3067085
3067102
3067153
3067208
3067217
3067244
3067247
3067274
3067341
3067522
3067529
3067548
3067571
3067601
3067640
3067645
3067652
3067671
3067675
3067757
3067763
3067840
3067875
3067899
3067902
3067939
3067955
3067968
3067976
3067990
3068005
3068027
3068038
3068059
3068095
3068098
3068152
3068186
3068213
3068236
3068245
3068268
3068269
3068360
3068392
3068433
3068440
3068450
3068499
3068502
3069520
3069525
3069643
3069784
3069833
3069842
3069868
3069901
3069914
3069917
3069939
3069942
3070052
3070220
3070252
3070307
3070389
3070432
3070467
3070515
3070754
3070825
3070863
3070911
3070923
3070968
3071063
3071155
3071218
3072233
3072474
3072541
3072542
3072605
3072611
3072619
3072628
3072652
3072658
3072701
3072756
3072758
3072767
3072786
3072800
3072883
3072890
3072920
3072923
3072959
3073144
3073250
3073264
3073295
3073316
3073334
3073342
3073343
3073352
3073364
3073389
3073396
3073423
3073461
3073509
3073613
3073673
3073680
3073776
3073788
3073889
3073897
3073900
3073919
3073949
3073962
3075069
3075081
3075084
3075136
3075240
3075244
3075273
3075276
3075278
3075301
3075315
3075360
3075417
3075442
3075444
3075512
3075516
3075521
3075527
3075564
3075566
3075656
3075688
3075710
3075715
3075719
3075751
3075801
3075810
3075862
3075871
3075876
3075892
3075905
3075934
3075942
3076024
3076073
3076078
3076080
3076087
3076107
3076115
3076144
3076183
3076187
3076200
3076321
3076406
3076460
3076462
3076473
3076508
3077655
3077678
3077710
3077735
3077752
3077766
3077768
3077807
3077850
3077884
3077888
3077890
3077928
3077946
3078027
3078147
3078167
3078179
3078205
3078222
3078266
3078280
3078318
3078358
3078379
3078383
3078385
3078389
3078404
3078437
3078441
3078456
3078467
3078472
3078476
3078478
3078486
3078511
3078543
3078565
3078593
3078597
3078658
3078719
3078752
3078753
3078801
3078831
3078847
3078858
3078916
3078920
3078936
3078985
3078994
3079001
3079030
3079098
3079116
3079126
3079172
3079201
3079218
3079271
3079298
3080476
3080550
3080560
3080596
3080651
3080799
3080805
3080830
3080899
3080936
3081002
3081006
3081064
3081099
3081104
3081152
3081172
3081180
3081198
3081200
3081359
3081363
3081379
3081494
3081495
3081518
3081525
3081526
3081540
3081545
3081546
3081556
3081579
3081582
3081614
3081630
3081640
3081666
3081703
3081705
3081736
3081765
3081770
3081818
3081838
3081845
3081941
3081949
3081997
3082004
3082028
3082030
3082076
3082097
3082102
3082325
3082477
3083113
3083199
3083210
3083217
3083223
3083245
3083263
3083266
3083281
3083285
3083337
3083357
3083371
3083387
3083400
3083430
3083516
3083532
3083571
3083581
3083583
3083586
3083624
3083657
3083667
3083710
3083746
3083749
3083794
3083849
3083864
3083877
3083934
3083936
3083982
3084028
3084103
3084118
3084173
3084232
3084360
3084362
3084416
3084419
3084423
3084434
3084480
3084482
3084486
3084525
3084539
3084723
3084737
3085757
3085758
3085793
3085819
3085866
3085900
3085910
3085949
3086049
3086056
3086081
3086111
3086130
3086134
3086184
3086191
3086231
3086247
3086307
3086364
3086375
3086444
3086459
3086470
3086492
3086497
3086514
3086518
3086582
3086604
3086605
3086614
3086650
3086676
3086711
3086723
3086727
3086797
3086803
3086814
3086846
3086867
3086882
3086906
3086957
3087009
3087160
3087202
3087217
3087233
3087264
3087283
3087427
3088509
3088541
3088579
3088602
3088688
3088712
3088744
3088789
3088796
3088818
3088861
3088864
3088911
3088976
3089035
3089045
3089070
3089088
3089097
3089101
3089105
3089200
3089202
3089221
3089227
3089238
3089271
3089282
3089286
3089299
3089318
3089330
3089421
3089428
3089464
3089503
3089507
3089519
3089556
3089666
3089679
3089704
3089723
3089777
3089858
3089872
3089877
3089908
3089927
3089928
3089944
3089951
3089977
3090052
3090075
3090119
3090197
3090200
3091324
3091363
3091404
3091441
3091545
3091557
3091562
3091586
3091697
3091733
3091781
3091784
3091842
3091869
3091874
3091939
3091998
3091999
3092067
3092081
3092082
3092104
3092114
3092141
3092162
3092210
3092213
3092235
3092313
3092321
3092329
3092333
3092335
3092413
3092421
3092452
3092476
3092536
3092558
3092599
3092601
3092617
3092623
3092628
3092656
3092716
3092725
3092762
3092774
3092787
3092796
3092797
3092804
3092850
3092852
3092856
3092859
3092871
3092876
3092957
3093929
3093959
3093994
3094119
3094233
3094236
3094241
3094244
3094259
3094295
3094326
3094332
3094341
3094348
3094381
3094383
3094390
3094396
3094410
3094422
3094472
3094513
3094523
3094526
3094572
3094658
3094674
3094696
3094700
3094713
3094737
3094747
3094798
3094812
3094818
3095042
3095088
3095169
3095196
3095199
3095218
3095264
3095276
3095282
3095287
3095288
3095316
3095318
3095401
3095418
3095477
3095490
3095497
3096711
3096800
3096819
3096891
3096974
3096979
3096982
3097028
3097035
3097050
3097051
3097074
3097131
3097140
3097156
3097249
3097295
3097335
3097346
3097350
3097376
3097412
3097452
3097514
3097597
3097611
3097643
3097665
3097699
3097719
3097728
3097737
3097744
3097790
3097822
3097824
3097834
3097877
3097890
3097892
3097942
3097948
3097964
3097987
3097990
3098015
3098061
3098063
3098067
3098160
3098249
3098292
3098342
3099332
3099340
3099347
3099385
3099424
3099481
3099583
3099677
3099681
3099694
3099701
3099764
3099806
3099864
3099871
3099929
3100026
3100161
3100198
3100229
3100356
3100391
3100398
3100451
3100472
3100476
3100483
3100502
3100513
3100515
3100533
3100537
3100549
3100558
3100626
3100647
3100679
3100695
3100708
3100723
3100726
3100747
3100762
3100789
3100874
3100885
3100888
3100907
3100912
3101065
3102079
3102080
3102086
3102113
3102114
3102121
3102123
3102142
3102168
3102181
3102206
3102211
3102230
3102257
3102304
3102307
3102335
3102361
3102461
3102462
3102484
3102509
3102584
3102620
3102632
3102642
3102653
3102680
3102699
3102711
3102720
3102749
3102793
3102811
3102830
3102834
3102849
3102894
3102932
3102936
3102974
3102987
3103024
3103044
3103160
3103191
3103197
3103204
3103275
3103279
3103296
3103311
3103364
3103388
3103394
3103506
3103517
3103565
3103683
3103693
3103695
3103711
3103817
3104778
3104787
3104870
3104873
3104908
3104975
3105091
3105094
3105108
3105150
3105222
3105226
3105328
3105354
3105357
3105358
3105436
3105439
3105444
3105450
3105491
3105497
3105504
3105505
3105555
3105625
3105666
3105667
3105686
3105729
3105751
3105755
3105864
3105886
3105892
3105938
3105952
3105957
3105970
3106003
3106008
3106032
3106045
3106065
3106069
3106130
3106148
3106198
3106215
3106218
3106232
3106304
3106343
3107183
3107186
3107222
3107233
3107263
3107303
3107310
3107323
3107331
3107524
3107535
3107599
3107603
3107618
3107620
3107627
3107634
3107644
3107671
3107686
3107692
3107703
3107708
3107774
3107825
3107866
3107872
3107891
3108008
3108030
3108507
3108585
3108587
3108601
3108609
3108644
3108648
3108680
3108706
3108923
3108938
3108955
3109056
3109069
3109091
3109113
3109130
3109274
3109278
3109279
3109445
3109476
3110517
3110533
3110534
3110544
3110651
3110772
3110796
3110808
3110864
3110903
3110914
3110922
3110940
3111005
3111026
3111103
3111142
3111159
3111172
3111265
3111266
3111285
3111418
3111425
3111493
3111498
3111502
3111533
3111552
3111558
3111568
3111574
3111597
3111603
3111617
3111628
3111640
3111660
3111674
3111680
3111697
3111765
3111787
3111797
3111799
3111807
3111834
3111851
3111884
3111908
3111931
3111991
3112011
3112013
3112045
3112046
3112154
3113196
3113288
3113303
3113325
3113336
3113368
3113373
3113375
3113379
3113428
3113442
3113464
3113514
3113535
3113562
3113574
3113623
3113625
3113638
3113662
3113673
3113745
3113765
3113794
3113845
3113848
3113905
3114008
3114054
3114110
3114124
3114128
3114185
3114187
3114241
3114287
3114317
3114337
3114401
3114412
3114435
3114469
3115800
3115804
3115842
3115858
3115860
3115902
3115923
3115942
3116103
3117080
3117082
3117103
3117189
3117201
3117231
3117265
3117271
3117272
3117295
3117350
3117365
3117394
3117416
3117489
3117547
3117651
3117675
3117678
3117702
3117710
3117735
3117761
3117791
3117844
3117956
3117964
3118011
3118040
3118055
3118059
3118099
3118112
3118116
3118129
3118216
3118260
3118300
3118380
3118461
3118472
3118561
3118577
3118607
3118611
3118628
3118640
3118641
3118651
3118668
3119691
3119710
3119747
3119774
3119826
3119835
3119887
3119898
3119904
3119914
3119935
3119942
3120001
3120024
3120026
3120032
3120056
3120092
3120196
3120198
3120210
3120221
3120281
3120291
3120322
3120352
3120375
3120461
3120468
3120475
3120487
3120495
3120514
3120522
3120533
3120534
3120538
3120545
3120695
3120791
3120881
3120886
3120896
3120908
3120918
3120951
3120978
3120995
3121024
3121092
3121115
3121117
3121124
3121164
3121166
3121216
3121221
3121237
3121246
3121330
3121333
3121339
3122375
3122395
3122397
3122434
3122463
3122466
3122505
3122559
3122560
3122613
3122674
3122738
3122786
3122798
3122842
3122859
3122888
3122902
3122934
3122961
3122963
3122992
3123051
3123074
3123123
3123169
3123179
3123199
3123207
3123229
3123245
3123279
3123288
3123293
3123300
3123372
3123380
3123392
3123430
3123476
3123517
3123527
3123540
3123594
3123686
3123724
3123776
3123787
3123794
3123830
3123882
3123886
3123901
3123915
3123997
3124065
3124101
3124381
3124383
3125070
3125074
3125129
3125153
3125217
3125344
3125362
3125372
3125455
3125517
3125523
3125611
3125674
3125700
3125719
3125756
3125785
3125850
3125889
3126004
3126015
3126028
3126040
3126087
3126141
3126149
3126160
3126235
3126258
3126265
3126298
3126313
3126345
3126360
3126426
3126514
3126522
3126554
3126560
3126568
3126586
3126616
3126632
3126676
3126683
3126754
3127811
3127819
3127828
3127858
3127963
3128028
3128038
3128078
3128086
3128101
3128108
3128143
3128197
3128257
3128310
3128317
3128325
3128354
3128413
3128445
3128482
3128485
3128511
3128547
3128566
3128598
3128605
3128654
3128665
3128721
3128745
3128746
3128766
3128776
3128779
3128788
3128793
3128794
3128832
3128846
3128946
3128954
3129041
3129043
3129045
3129067
3129107
3129109
3129154
3129160
3129199
3129308
3129404
3129419
3130635
3130676
3130678
3130746
3130759
3130787
3130814
3130839
3130859
3130874
3130908
3130914
3130929
3130931
3130933
3130946
3131000
3131012
3131015
3131016
3131033
3131127
3131152
3131162
3131177
3131189
3131197
3131246
3131257
3131321
3131323
3131367
3131406
3131479
3131569
3131611
3131615
3131640
3131641
3131654
3131702
3131747
3131795
3131819
3131849
3131894
3131923
3131941
3131945
3131974
3131999
3132014
3132023
3132088
3132112
3132116
3132138
3132178
3132220
3132233
3133224
3133229
3133277
3133287
3133289
3133290
3133310
3133323
3133335
3133369
3133372
3133401
3133424
3133470
3133473
3133485
3133504
3133533
3133537
3133546
3133559
3133567
3133574
3133593
3133655
3133660
3133696
3133698
3133720
3133724
3133741
3133768
3133791
3133833
3133862
3133923
3133944
3133953
3133983
3134001
3134020
3134037
3134091
3134115
3134127
3134165
3134179
3134204
3134238
3134270
3134279
3134300
3134413
3134565
3134637
3134641
3134660
3134678
3134774
3134777
3134799
3134827
3134888
3134892
3134933
3135944
3135976
3135989
3136076
3136096
3136123
3136199
3136224
3136236
3136239
3136245
3136264
3136271
3136378
3136403
3136446
3136466
3136469
3136506
3136524
3136836
3136889
3136938
3136956
3136973
3137017
3137084
3137138
3137139
3137145
3137238
3137249
3137263
3137312
3137355
3137370
3137393
3137442
3137459
3137509
3137533
3137549
3137610
3138804
3138869
3138950
3139050
3139096
3139104
3139238
3139264
3139302
3139304
3139346
3139355
3139413
3139464
3139502
3139548
3139595
3139617
3139629
3139638
3139644
3139675
3139731
3139884
3139907
3139917
3139961
3139964
3140022
3140033
3140036
3140210
3140245
3140287
3140292
3140310
3140319
3140320
3140351
3140365
3140366
3140374
3142132
3142152
3142184
3142211
3142280
3142301
3142409
3142458
3142485
3142639
3142796
3142939
3143027
3143061
3143208
3143264
3143288
3143306
3143308
3143455
3143503
3143536
3143583
3143660
3143784
3143830
3143855
3143903
3144001
3144247
3144250
3144266
3144372
3144438
3144463
3144467
3144485
3144534
3144559
3144567
3144666
3144706
3144722
3144793
3144818
3144832
3144859
3145015
3145034
3145079
3145095
3145107
3145124
3145167
3145216
3145220
3147299
3147305
3147363
3147427
3147571
3147598
3147618
3147683
3147744
3147969
3147999
3148154
3148265
3148282
3148337
3148343
3148380
3148384
3148411
3148540
3148632
3148644
3148656
3148710
3148758
3148779
3148807
3148811
3148881
3148930
3149022
3149050
3149088
3149090
3149118
3149133
3149139
3149164
3149239
3149323
3149356
3149400
3149444
3149446
3149514
3149601
3149679
3149710
3149754
3149779
3149873
3150040
3150216
3150227
3150249
3150314
3150363
3150396
3152423
3152801
3152822
3152828
3152897
3152933
3152966
3153000
3153095
3153135
3153195
3153246
3153303
3153393
3153468
3153539
3153560
3153581
3153972
3154131
3154177
3154337
3154346
3154394
3154471
3154513
3154575
3154620
3154633
3154682
3154709
3154752
3154775
3154779
3154791
3154812
3154961
3155002
3155008
3155010
3155012
3155024
3155032
3155040
3155051
3155104
3155158
3155230
3155292
3156341
3156357
3156477
3156491
3156538
3156558
3156619
3156649
3156676
3156684
3156689
3156710
3156724
3156767
3156907
3156917
3156934
3156937
3157018
3157063
3157168
3157208
3157229
3157246
3157276
3157299
3157347
3157409
3157413
3157450
3157451
3157505
3157510
3157518
3157521
3157551
3157573
3157580
3157596
3157610
3157617
3157722
3157858
3157859
3157909
3157917
3157937
3159185
3159272
3159275
3159287
3159289
3159330
3159406
3159409
3159434
3159470
3159487
3159490
3159509
3159528
3159531
3159585
3159590
3159606
3159620
3159629
3159652
3159687
3159718
3159722
3159739
3159808
3159820
3159891
3159898
3159911
3159923
3159974
3159976
3159993
3160035
3160072
3160089
3160208
3160268
3160281
3160285
3160321
3160338
3160376
3160384
3160423
3160453
3160470
3160477
3160525
3160528
3160539
3160664
3160666
3160767
3161861
3161887
3161920
3161983
3162009
3162122
3162172
3162224
3162236
3162246
3162285
3162299
3162380
3162384
3162403
3162468
3162479
3162536
3162564
3162574
3162582
3162608
3162631
3162647
3162652
3162680
3162702
3162706
3162729
3162775
3162832
3162854
3162903
3162928
3162979
3162981
3162984
3163042
3163043
3163122
3163124
3163129
3163133
3163140
3163216
3163232
3163272
3163286
3163296
3163309
3163390
3163470
3164631
3164635
3164685
3164741
3164787
3164849
3164873
3164883
3164924
3164942
3165059
3165113
3165149
3165183
3165313
3165317
3165326
3165353
3165401
3165423
3165436
3165455
3165465
3165468
3165502
3165536
3165538
3165558
3165583
3165638
3165649
3165653
3165665
3165667
3165791
3165822
3165871
3165884
3165891
3165900
3165907
3165908
3165913
3165945
3166020
3166039
3166104
3166149
3166158
3166264
3166323
3167353
3167382
3167421
3167424
3167438
3167452
3167470
3167487
3167504
3167556
3167587
3167603
3167612
3167684
3167748
3167749
3167767
3167800
3167822
3167840
3167863
3167869
3167999
3168050
3168078
3168176
3168214
3168251
3168276
3168308
3168311
3168317
3168343
3168354
3168427
3168435
3168480
3168527
3168531
3168570
3168701
3168719
3168815
3168835
3168919
3168945
3168947
3168952
3168985
3168989
3170125
3170215
3170226
3170229
3170233
3170240
3170280
3170286
3170353
3170363
3170395
3170398
3170430
3170435
3170480
3170484
3170489
3170511
3170553
3170566
3170583
3170722
3170729
3170756
3170773
3170794
3170810
3170872
3170881
3170884
3170906
3170909
3170991
3171122
3171164
3171173
3171195
3171214
3171218
3171230
3171252
3171253
3171260
3171284
3171291
3171329
3171331
3171352
3171356
3171367
3171411
3171441
3171509
3171522
3171567
3171620
3172917
3172928
3172965
3172994
3172999
3173008
3173025
3173031
3173088
3173093
3173116
3173162
3173205
3173210
3173232
3173270
3173279
3173282
3173285
3173303
3173316
3173327
3173332
3173366
3173376
3173389
3173399
3173415
3173449
3173455
3173598
3173680
3173690
3173696
3173708
3173715
3173716
3173728
3173735
3173767
3173799
3173834
3173869
3173948
3173967
3173978
3173982
3174036
3174047
3174194
3174222
3174242
3174305
3174311
3174322
3174324
3174328
3174390
3174467
3174473
3175574
3175706
3175707
3175718
3175775
3175783
3175835
3175836
3175873
3175924
3175929
3175953
3175979
3176128
3176143
3176147
3176214
3176219
3176265
3176294
3176321
3176327
3176358
3176434
3176462
3176520
3176533
3176552
3176600
3176629
3176631
3176649
3176662
3176678
3176688
3176717
3176844
3176860
3176885
3176921
3176927
3176945
3176953
3177010
3177065
3177129
3178307
3178328
3178352
3178451
3178458
3178492
3178508
3178519
3178529
3178548
3178551
3178554
3178557
3178561
3178603
3178605
3178635
3178638
3178667
3178689
3178693
3178719
3178741
3178789
3178820
3178838
3178841
3178859
3178864
3178868
3178899
3179009
3179017
3179028
3179049
3179070
3179074
3179079
3179095
3179101
3179118
3179193
3179251
3179253
3179267
3179285
3179318
3179370
3179379
3179428
3179429
3179439
3179462
3179464
3179483
3179489
3179493
3179540
3179580
3179593
3179614
3179665
3179703
3179722
3179725
3179728
3179734
3179739
3179749
3179813
3181141
3181153
3181200
3181207
3181208
3181259
3181267
3181341
3181401
3181404
3181421
3181446
3181479
3181483
3181512
3181577
3181589
3181613
3181620
3181648
3181672
3181684
3181695
3181764
3181899
3181978
3181994
3182004
3182021
3182022
3182066
3182150
3182172
3182176
3182206
3182213
3182289
3182290
3182308
3182329
3182345
3182377
3182417
3182421
3182462
3182493
3182539
3182546
3182561
3182564
3182615
3182619
3182656
3183847
3183851
3183876
3183887
3183893
3183950
3183952
3183986
3183989
3184010
3184024
3184028
3184039
3184049
3184056
3184057
3184092
3184127
3184205
3184218
3184274
3184336
3184346
3184365
3184407
3184411
3184428
3184437
3184439
3184495
3184508
3184515
3184530
3184561
3184584
3184592
3184606
3184628
3184652
3184655
3184679
3184709
3184712
3184736
3184737
3184826
3184830
3184891
3184922
3184923
3184925
3185007
3185090
3185127
3185226
3185238
3185282
3185329
3186514
3186532
3186676
3186702
3186725
3186737
3186768
3186830
3186849
3187000
3187016
3187035
3187049
3187058
3187073
3187096
3187105
3187125
3187151
3187156
3187223
3187250
3187312
3187378
3187385
3187399
3187416
3187432
3187440
3187461
3187467
3187483
3187510
3187563
3187575
3187584
3187603
3187612
3187625
3187671
3187676
3187685
3187751
3187762
3187779
3187795
3187803
3187822
3187857
3187925
3187926
3187939
3187992
3188013
3188055
3188073
3188083
3188088
3188111
3190313
3190400
3190475
3190477
3190515
3190679
3190683
3190716
3190787
3191957
3191965
3192053
3192056
3192131
3192132
3192277
3192415
3192426
3192509
3192610
3192612
3192715
3192763
3192774
3192836
3192864
3192910
3192924
3192945
3192958
3192970
3193073
3193088
3193101
3193114
3193132
3193159
3193164
3193170
3193217
3193245
3193363
3193501
3193667
3194705
3194727
3194870
3194875
3194904
3194918
3195021
3195039
3195100
3195107
3195121
3195200
3195218
3195231
3195284
3195288
3195326
3195335
3195365
3195387
3195408
3195421
3195456
3195468
3195486
3195507
3195534
3195558
3195595
3195654
3195691
3195692
3195733
3195740
3195745
3195749
3195774
3195818
3195827
3195845
3195854
3195931
3195999
3196041
3196044
3196060
3196097
3196102
3196117
3196137
3196141
3196142
3196169
3196172
3196183
3196187
3196223
3196262
3196288
3196324
3196396
3197649
3197687
3197843
3197880
3197890
3197911
3198019
3198036
3198104
3198208
3198214
3198223
3198312
3198339
3198342
3198426
3198727
3198978
3199084
3199132
3199134
3199326
3199335
3199337
3199370
3199612
3199614
3199795
3199807
3199967
3199977
3199985
3200000
3200094
3200185
3200403
3200447
3200469
3200508
3200535
3200577
3200615
3200658
3200836
3202991
3203034
3203078
3203091
3203427
3203918
3203953
3204023
3204039
3204198
3204210
3204221
3204223
3204239
3204254
3204269
3204310
3204336
3204458
3208270
3208378
3208470
3208526
3208561
3208580
3208619
3208734
3208743
3209220
3209495
3209514
3209636
3209779
3209843
3210774
3210781
3210787
3211013
3213679
3213682
3213779
3213893
3213895
3213971
3213976
3213996
3214046
3214066
3214098
3214159
3214254
3214287
3214359
3214402
3214433
3214488
3214513
3214542
3214561
3214643
3214673
3214835
3214850
3214890
3214908
3214925
3214939
3214984
3215054
3215216
3215296
3215304
3215309
3215350
3215401
3215431
3215500
3215515
3215527
3215571
3215687
3215710
3215737
3215775
3215804
3215834
3215847
3215872
3215915
3216018
3216024
3216031
3216066
3216115
3216128
3216192
3216279
3216332
3216347
3216364
3216391
3216437
3216439
3216501
3216588
3218884
3219011
3219019
3219063
3219096
3219105
3219111
3219113
3219121
3219393
3219412
3219477
3219512
3219569
3219623
3219625
3219633
3219690
3219748
3219753
3219803
3219853
3219855
3219905
3219907
3219924
3219973
3220042
3220073
3220112
3220164
3220181
3220221
3220322
3220327
3220352
3220435
3220456
3220460
3220494
3220609
3220638
3220676
3220841
3220913
3220923
3221015
3221092
3221094
3221250
3221337
3221440
3221580
3221624
3221626
3221659
3221720
3221722
3221731
3223801
3223895
3224033
3224073
3224077
3224090
3224110
3224148
3224457
3224516
3224524
3224794
3224900
3224910
3225011
3225058
3225173
3225223
3225225
3225278
3225301
3225303
3225340
3225369
3225377
3225625
3225681
3225704
3225718
3225734
3225815
3225897
3225969
3225982
3226141
3226190
3226272
3226301
3226316
3226324
3226374
3226561
3226734
3226750
3226818
3227009
3227065
3227083
3227153
3227163
3229076
3229082
3229101
3229115
3229221
3229261
3229374
3229411
3229446
3229476
3229493
3229534
3229541
3229550
3229663
3229672
3229714
3229766
3229838
3229866
3230055
3230109
3230121
3230190
3230221
3230308
3230401
3230446
3230511
3230613
3230691
3230693
3230711
3230721
3230744
3230777
3230851
3230853
3230963
3231076
3231115
3231117
3231132
3231200
3231340
3231365
3231381
3231425
3231442
3231477
3231522
3231529
3231562
3231622
3231663
3231831
3232084
3232121
3232165
3232201
3232221
3234367
3234394
3234486
3234509
3234584
3234663
3234709
3234738
3234814
3234839
3234857
3235030
3235052
3235056
3235078
3235137
3235143
3235170
3235193
3235341
3235353
3235355
3235435
3235468
3235583
3235655
3235676
3235721
3235736
3235737
3235741
3235774
3235776
3235842
3235865
3235867
3235876
3235883
3235899
3235912
3235927
3235942
3235944
3235986
3236021
3236100
3236142
3236183
3236228
3236238
3236269
3236295
3236328
3236342
3236551
3236569
3236663
3236678
3236680
3236692
3236709
3236742
3236922
3236951
3236957
3236963
3236980
3236990
3237176
3239366
3239453
3239486
3239551
3239620
3239630
3239785
3239789
3239810
3239824
3240059
3240208
3240210
3240214
3240500
3240515
3240531
3240627
3240641
3240651
3240658
3240729
3240766
3240863
3240879
3240908
3241008
3241018
3241106
3241119
3241206
3241213
3241231
3241254
3241306
3241329
3241426
3241522
3241548
3241584
3241673
3241683
3241866
3241897
3242051
3242125
3242178
3242200
3242223
3242377
3242385
3242531
3244531
3244680
3244692
3244710
3244716
3244741
3244776
3244789
3244819
3244836
3244844
3244889
3244956
3245020
3245041
3245095
3245186
3245201
3245331
3245336
3245356
3245456
3245464
3245540
3245555
3245560
3245574
3245577
3245599
3245627
3245636
3245647
3245701
3245710
3245770
3245827
3245846
3245860
3245866
3245885
3245909
3245910
3245954
3245969
3245978
3246026
3247197
3247210
3247298
3247306
3247309
3247341
3247348
3247357
3247367
3247393
3247438
3247462
3247474
3247475
3247529
3247554
3247562
3247571
3247796
3247906
3247919
3247963
3248008
3248022
3248028
3248051
3248130
3248189
3248259
3248260
3248264
3248301
3248436
3248452
3248488
3248507
3248554
3248586
3248633
3248644
3248673
3248695
3248715
3248758
3249030
3249913
3249917
3249959
3249981
3250020
3250035
3250060
3250091
3250097
3250124
3250183
3250197
3250204
3250208
3250229
3250238
3250253
3250327
3250333
3250361
3250382
3250384
3250396
3250422
3250426
3250442
3250465
3250509
3250573
3250587
3250605
3250640
3250653
3250733
3250743
3250749
3250765
3250818
3250854
3250858
3250870
3251030
3251032
3251059
3251099
3251105
3251137
3251159
3251176
3251238
3251258
3251264
3251266
3251295
3251313
3251328
3251334
3251476
3251499
3252729
3252866
3253094
3253279
3253382
3253396
3253522
3253588
3253611
3253628
3253652
3253657
3253661
3253684
3253689
3253711
3253742
3253743
3253763
3253766
3253781
3253795
3253850
3253856
3253923
3253934
3253990
3254034
3254038
3254113
3254160
3254198
3254202
3254222
3254238
3255462
3255519
3255562
3255569
3255580
3255659
3255686
3255690
3255694
3255718
3255799
3255804
3255824
3255863
3255866
3255877
3255906
3255912
3255913
3255933
3255973
3255977
3256018
3256020
3256024
3256041
3256042
3256044
3256059
3256115
3256196
3256219
3256235
3256270
3256294
3256479
3256485
3256518
3256546
3256547
3256626
3256630
3256638
3256741
3256759
3256767
3256798
3256851
3256933
3256963
3258028
3258106
3258107
3258143
3258179
3258245
3258337
3258397
3258423
3258429
3258435
3258452
3258465
3258466
3258502
3258511
3258529
3258547
3258559
3258572
3258614
3258632
3258648
3258792
3258806
3258834
3259088
3259089
3259103
3259112
3259140
3259154
3259308
3259323
3259342
3259446
3259449
3259493
3259546
3259579
3259612
3259621
3259680
3260885
3260897
3261053
3261081
3261089
3261090
3261527
3261532
3261566
3261618
3261624
3261628
3261637
3261652
3261679
3261722
3261749
3261792
3261849
3261854
3261857
3261872
3261902
3261913
3261927
3261971
3261977
3261984
3262007
3262132
3262254
3262270
3262275
3262291
3262316
3262317
3262348
3262381
3262392
3262403
3262503
3263691
3263712
3263731
3263920
3263931
3263937
3263946
3263959
3263986
3263991
3263997
3264060
3264069
3264079
3264088
3264129
3264142
3264143
3264171
3264173
3264217
3264270
3264322
3264364
3264389
3264393
3264453
3264519
3264707
3264754
3264806
3264840
3264844
3264902
3264961
3264972
3265025
3265145
3265201
3265293
3265461
3265520
3265553
3265653
3265690
3265722
3265912
3265930
3265946
3268046
3268098
3268225
3268246
3268256
3268267
3268285
3268294
3268327
3268344
3268377
3268433
3268454
3268466
3268526
3268547
3268652
3268729
3268858
3269119
3269326
3269450
3269501
3269508
3269603
3269653
3269663
3269696
3269858
3269921
3269953
3270001
3270079
3270342
3270458
3270527
3270704
3270725
3270750
3270991
3271008
3271048
3271245
3273333
3273344
3273558
3273581
3273660
3273721
3273728
3273736
3273746
3273765
3273859
3273897
3273950
3273975
3274003
3274052
3274056
3274097
3274105
3274219
3274221
3274235
3274360
3274379
3274389
3274460
3274478
3274552
3274596
3274784
3274790
3274891
3274893
3274946
3274952
3274962
3274993
3275009
3275026
3275217
3275264
3275367
3275389
3275420
3275495
3275558
3275587
3275631
3275633
3275653
3275693
3275694
3275710
3275809
3275840
3275859
3275877
3275996
3276025
3276045
3276089
3276123
3276127
3276193
3276511
3276526
3278743
3322461
3322481
3322505
3323042
3323149
3323970
3324109
3330401
3330641
3331294
3331553
3331819
3332416
3334693
3334721
3335748
3336038
3336078
3341559
3341616
3341690
3341881
3341885
3341915
3341955
3341959
3342070
3342170
3342229
3342274
3342279
3342383
3342431
3342441
3342474
3342512
3342559
3342562
3342572
3342579
3342580
3342624
3342761
3342774
3342836
3342877
3342936
3342948
3342954
3342962
3342998
3343021
3343070
3343088
3343112
3343113
3343129
3343135
3343145
3343146
3343182
3343203
3343222
3343243
3343259
3343355
3343380
3343420
3343437
3343441
3343477
3343492
3343500
3343551
3343608
3343625
3343681
3343715
3343736
3343755
3343757
3343761
3343762
3343787
3343808
3343809
3343812
3343872
3343893
3343923
3343973
3344059
3344118
3344119
3344177
3344280
3344292
3344445
3344448
3344467
3344496
3344553
3344576
3344625
3344634
3344699
3344729
3344737
3344763
3344776
3344820
3344867
3344891
3344935
3344959
3344997
3345076
3345095
3345163
3345197
3345202
3345229
3345257
3345284
3345323
3345370
3345388
3345419
3345433
3345507
3345524
3345565
3345580
3345638
3345736
3345738
3345806
3345866
3345871
3345900
3345983
3346070
3346085
3346095
3346097
3346108
3346127
3346136
3346144
3346159
3346160
3346163
3346182
3346210
3346230
3346314
3346363
3346431
3346461
3346502
3346537
3346576
3346636
3346670
3346691
3346716
3346737
3346770
3346817
3346869
3346880
3346908
3346948
3347005
3347007
3347067
3347077
3347087
3347146
3347210
3347227
3347234
3347274
3347306
3347338
3347399
3347462
3347500
3347505
3347508
3347522
3347536
3347538
3347559
3347563
3347583
3347599
3347620
3347636
3347685
3347709
3347717
3347808
3347820
3347838
3347877
3347878
3347881
3347923
3347948
3348083
3348259
3348574
3348624
3348647
3348660
3348898
3349025
3351804
3351854
3351878
3351890
3351898
3351912
3352015
3352048
3352076
3352139
3352166
3352185
3352269
3352397
3352466
3352569
3352610
3352629
3352681
3352689
3352695
3352731
3352754
3352843
3352849
3352869
3352874
3352881
3352883
3352908
3352978
3353008
3353098
3353104
3353124
3353172
3353175
3353230
3353238
3353265
3353308
3353322
3353348
3353410
3353455
3353457
3353459
3353464
3353482
3353491
3353495
3353503
3353588
3353673
3353745
3353769
3353791
3353803
3353821
3353844
3353866
3353905
3353951
3354024
3354052
3354087
3354135
3354147
3354191
3354318
3354341
3354361
3354377
3354407
3354478
3354481
3354521
3354594
3354598
3354601
3354609
3354642
3354691
3354735
3354749
3354752
3354761
3354794
3354796
3354844
3354893
3354922
3354940
3354996
3355156
3355265
3356540
3356825
3356943
3356951
3356970
3357378
3357394
3357512
3357591
3357646
3357705
3357875
3357983
3358048
3358433
3358477
3358627
3358722
3358738
3358790
3358836
3358843
3358869
3358915
3358948
3358953
3358988
3359009
3359017
3359034
3359067
3359075
3359104
3359124
3359153
3359191
3359198
3359216
3359248
3359250
3359254
3359256
3359259
3359260
3359281
3359330
3359370
3359371
3359478
3359508
3359539
3359553
3359560
3359601
3359608
3359645
3359658
3359669
3359690
3359742
3359755
3359768
3359795
3359817
3359828
3359875
3359896
3359925
3359937
3359952
3359962
3360006
3360026
3360044
3360056
3360077
3360095
3360137
3360203
3360215
3360218
3360229
3360260
3360292
3360314
3360407
3360425
3360474
3360545
3360578
3360605
3360660
3360695
3360703
3360709
3360719
3360727
3360731
3360749
3360794
3360796
3360834
3360931
3360993
3361024
3361071
3361138
3361212
3361253
3361332
3361391
3361400
3361418
3361429
3361469
3361566
3361636
3362007
3362096
3362106
3362181
3362186
3362235
3362254
3362286
3362295
3362310
3362380
3362515
3362604
3362851
3362934
3363040
3363106
3363135
3363159
3363201
3363204
3363328
3363354
3363383
3363460
3363489
3363546
3363558
3363568
3363595
3363639
3363729
3363811
3363897
3363902
3363903
3364170
3364204
3364344
3364509
3364517
3364535
3364637
3364654
3364681
3364702
3364839
3364843
3364879
3364888
3364894
3364898
3364955
3365006
3365008
3365014
3365030
3365046
3365075
3365086
3365099
3365104
3365149
3365150
3365173
3365314
3365410
3365459
3365517
3365519
3365610
3365624
3365637
3365704
3365729
3365760
3365813
3365852
3365867
3365901
3365968
3366024
3366037
3366099
3366109
3366147
3366149
3366172
3366205
3366216
3366230
3366341
3366347
3366376
3366419
3366424
3366459
3366467
3366475
3366500
3366519
3366536
3366547
3366552
3366615
3366722
3366740
3366745
3366764
3366779
3366784
3366794
3366797
3366835
3366859
3366908
3366925
3366932
3366990
3367025
3367120
3367388
3367407
3367409
3367422
3367535
3367612
3367654
3367676
3367701
3367751
3367753
3367777
3367877
3367950
3367988
3367994
3368226
3368250
3368271
3368393
3368466
3368567
3368723
3368724
3368773
3368820
3368874
3373625
3373653
3373661
3373683
3373755
3373766
3373792
3373836
3373841
3373849
3373945
3374056
3374075
3374159
3374181
3374322
3374350
3374365
3374366
3374399
3374414
3374477
3374497
3374508
3374522
3374535
3374586
3374602
3374610
3374641
3374743
3374779
3374831
3374862
3374914
3374971
3375007
3375038
3375039
3375059
3375106
3375151
3375155
3375220
3375246
3375277
3375290
3375311
3375343
3375405
3375474
3375537
3375544
3375547
3375549
3375591
3375602
3375618
3375621
3375626
3375665
3375688
3375729
3375742
3375852
3375876
3375949
3375971
3375978
3376027
3376100
3376136
3376211
3376272
3376294
3376340
3376362
3376366
3376397
3376467
3376488
3376513
3376591
3376609
3376650
3376660
3376666
3376702
3376712
3376731
3376735
3376843
3376953
3376977
3376985
3376996
3377034
3377189
3377221
3377246
3377250
3377279
3377302
3377363
3377464
3377484
3377522
3377542
3377571
3377590
3377613
3377632
3377682
3377691
3377706
3377749
3377785
3377808
3377849
3377867
3377872
3377878
3377913
3377962
3377981
3378008
3378036
3378103
3378115
3378289
3378303
3378339
3378367
3378407
3378413
3378478
3378487
3378511
3378552
3378583
3378779
3378795
3378815
3378855
3378857
3378861
3378934
3379027
3379066
3379091
3379096
3379127
3379159
3379184
3379196
3379226
3379232
3379235
3379277
3379281
3379296
3379325
3379405
3379408
3379492
3379607
3379638
3379645
3379755
3379874
3379910
3379931
3379943
3379975
3380079
3380090
3380107
3380391
3380478
3380537
3380720
3380995
3381007
3381083
3381438
3381473
3381589
3381617
3381721
3381724
3381821
3381837
3382090
3382197
3382345
3382389
3382448
3382594
3382628
3382845
3382908
3382967
3383021
3383120
3383177
3383284
3383484
3383571
3383595
3383647
3383816
3383877
3383922
3383967
3383995
3384134
3384143
3384150
3384204
3384301
3384355
3384412
3384467
3384507
3384588
3384611
3384622
3384684
3384696
3384851
3384855
3384863
3384903
3384918
3384944
3385008
3385076
3385091
3385208
3385253
3385265
3385401
3385441
3385445
3385455
3385465
3385553
3385582
3385583
3385607
3385695
3385699
3385704
3385706
3385728
3385745
3385746
3385836
3385892
3385899
3385939
3386004
3386013
3386060
3386078
3386084
3386208
3386218
3386253
3386330
3386343
3386352
3386383
3386451
3386501
3386529
3386541
3386545
3386652
3386659
3386688
3386744
3386803
3386851
3386879
3387000
3387125
3387185
3387186
3387252
3387324
3387329
3387335
3387439
3387471
3387485
3387488
3387559
3387626
3387657
3387684
3387700
3387705
3387719
3387770
3387782
3387790
3387861
3387916
3388002
3388016
3388020
3388031
3388086
3388122
3388124
3388136
3388307
3388375
3388392
3388439
3388460
3388467
3388474
3388523
3388545
3388584
3388614
3388872
3388894
3388924
3388926
3388943
3389033
3389040
3389102
3389116
3389118
3389123
3389310
3389326
3389333
3389358
3389415
3389497
3389607
3389615
3389681
3389715
3389733
3389751
3389825
3389841
3389911
3389914
3390038
3390069
3390081
3390203
3390204
3390208
3390248
3390380
3390523
3390900
3390958
3391409
3395174
3395190
3395203
3395392
3395423
3395439
3395480
3395496
3395522
3395605
3395630
3395631
3395642
3395728
3395785
3395846
3396114
3396139
3396151
3396198
3396233
3396275
3396360
3396412
3396444
3396483
3396499
3396542
3396565
3396570
3396619
3396636
3396644
3396652
3396658
3396688
3396770
3396818
3396828
3396836
3396879
3396900
3396950
3396991
3397066
3397082
3397122
3397216
3397236
3397314
3397402
3397419
3397450
3397515
3397554
3397571
3397600
3397620
3397690
3397810
3397837
3397863
3397867
3397872
3397875
3398049
3398076
3398164
3398185
3398194
3398324
3398364
3398412
3398442
3398507
3398727
3398766
3398975
3399152
3399364
3399586
3399670
3399675
3399677
3399680
3399702
3399764
3399839
3399978
3400060
3400085
3400231
3400244
3400325
3400335
3400345
3400366
3400381
3400418
3400455
3400539
3400633
3400658
3400668
3400905
3400938
3401025
3401034
3401093
3401136
3401176
3401216
3401243
3401265
3401280
3401388
3401488
3401489
3401657
