0.000000 1.000000 1.000000 1.000000
0.025000 0.649485 0.689427 0.689427
0.050000 0.621711 0.672395 0.672395
0.075000 0.568136 0.645805 0.645805
0.100000 0.535032 0.610732 0.610732
0.125000 0.499208 0.579844 0.579844
0.150000 0.466475 0.556940 0.556940
0.175000 0.443551 0.529355 0.529355
0.200000 0.422390 0.505859 0.505859
0.225000 0.395262 0.482528 0.482528
0.250000 0.366544 0.444413 0.444413
0.275000 0.329322 0.405129 0.405129
0.300000 0.298513 0.356994 0.356994
0.325000 0.261963 0.305303 0.305303
0.350000 0.217110 0.232829 0.232829
0.375000 0.164740 0.144138 0.144138
0.400000 0.100149 0.055693 0.055693
0.425000 0.035445 0.032383 0.032383
0.450000 0.021030 0.000000 0.000000
0.475000 0.000000 0.000000 0.000000
0.500000 0.000000 0.000000 0.000000
0.525000 0.000000 0.000000 0.000000
0.550000 0.000000 0.000000 0.000000
0.575000 0.000000 0.000000 0.000000
0.600000 0.000000 0.000000 0.000000
0.625000 0.000000 0.000000 0.000000
0.650000 0.000000 0.000000 0.000000
0.675000 0.000000 0.000000 0.000000
0.700000 0.000000 0.000000 0.000000
0.725000 0.000000 0.000000 0.000000
0.750000 0.000000 0.000000 0.000000
0.775000 0.000000 0.000000 0.000000
0.800000 0.000000 0.000000 0.000000
0.825000 0.000000 0.000000 0.000000
0.850000 0.000000 0.000000 0.000000
0.875000 0.000000 0.000000 0.000000
0.900000 0.000000 0.000000 0.000000
0.925000 0.000000 0.000000 0.000000
0.950000 0.000000 0.000000 0.000000
0.975000 0.000000 0.000000 0.000000
1.000000 0.000000 0.000000 0.000000
