2979135
2979152
2979157
2979164
2979235
2979274
2979286
2979291
2979690
3034942
3034954
3035005
3035014
3035118
3035143
3035255
3035272
3035693
3035707
3035830
3035846
3035918
3035936
3035953
3035957
3035985
3036366
3036382
3037950
3038206
3038244
3038257
3038263
3038302
3038546
3038587
3038855
3038926
3038985
3039177
3040471
3040519
3040634
3040740
3040764
3040877
3040956
3040970
3041147
3041217
3041266
3041275
3041300
3041433
3041543
3041548
3041562
3041585
3041704
3041796
3041973
3043088
3043273
3043341
3043388
3043453
3043530
3043618
3043633
3043780
3043877
3043892
3044018
3044056
3044066
3044075
3044154
3044468
3044636
3044644
3045735
3045745
3045811
3045946
3045995
3046081
3046156
3046183
3046210
3046262
3046290
3046295
3046453
3046484
3046529
3046577
3046725
3046790
3046999
3047181
3047190
3047266
3048594
3048604
3048654
3048838
3048861
3048911
3048956
3049019
3049030
3049140
3049142
3049185
3049204
3049626
3049746
3049757
3051376
3051418
3051497
3051910
3051917
3051935
3051942
3052267
3052301
3052364
3052456
3052562
3052581
3052642
3052661
3052697
3052718
3052731
3052960
3053060
3053096
3053222
3053297
3053330
3054458
3054500
3054542
3054545
3054616
3054643
3054723
3054737
3054851
3054959
3055009
3055032
3055049
3055114
3055520
3055660
3055792
3055943
3056001
3056011
3056590
3056605
3056626
3056797
3056812
3056813
3056976
3057055
3057060
3057076
3057081
3057166
3057272
3057337
3057371
3057409
3057441
3057449
3057520
3057630
3057635
3057637
3057656
3058719
3058791
3058892
3059080
3059111
3059272
3059521
3059579
3059616
3059625
3059706
3059825
3060044
3060056
3060256
3060309
3060326
3060339
3060381
3060390
3061418
3061561
3061621
3061904
3062003
3062118
3062286
3062308
3062322
3062457
3062570
3062813
3062867
3062876
3063112
3063135
3064177
3064211
3064291
3064316
3064353
3064394
3064445
3064535
3064542
3064545
3064578
3064643
3064692
3064757
3064840
3064879
3064951
3064980
3065021
3065092
3065093
3065099
3065106
3065366
3065479
3065576
3065605
3066826
3066891
3066957
3067019
3067026
3067096
3067112
3067120
3067222
3067339
3067533
3067839
3067907
3067914
3067998
3068004
3068055
3068099
3068232
3068331
3069552
3069766
3069834
3069931
3069944
3070142
3070312
3070378
3070580
3070590
3070632
3070827
3070872
3071153
3072484
3072717
3072792
3072968
3073070
3073121
3073123
3073126
3073145
3073162
3073558
3073575
3073661
3073670
3073787
3073857
3073860
3073918
3074996
3074999
3075073
3075102
3075151
3075216
3075264
3075567
3075639
3075708
3075728
3075760
3075765
3075894
3075903
3076008
3076060
3076096
3076118
3076170
3076213
3076228
3076409
3076496
3076704
3077701
3077706
3077824
3077897
3077925
3077951
3078103
3078221
3078231
3078233
3078235
3078252
3078258
3078360
3078427
3078528
3078654
3078825
3078866
3078888
3078899
3078953
3079011
3079256
3079282
3079828
3080397
3080404
3080441
3080496
3080556
3080676
3080836
3080844
3080854
3080856
3080909
3081020
3081048
3081081
3081220
3081812
3081904
3082020
3082026
3082123
3083274
3083300
3083353
3083379
3083412
3083435
3083488
3083661
3083773
3083902
3084159
3084200
3084431
3084477
3084510
3084557
3084564
3084584
3086003
3086006
3086084
3086088
3086221
3086238
3086370
3086400
3086449
3086451
3086459
3086489
3086497
3086672
3086678
3086690
3086731
3086810
3086910
3087032
3087066
3087227
3087367
3088589
3088630
3088687
3088741
3088794
3088983
3089046
3089086
3089136
3089298
3089300
3089562
3089572
3089677
3089757
3089825
3089866
3089955
3089958
3089967
3090014
3091326
3091415
3091501
3091552
3091567
3091603
3091665
3091683
3091860
3092065
3092160
3092250
3092296
3092318
3092434
3092482
3092559
3092623
3092673
3092804
3092809
3092872
3092930
3094216
3094651
3094730
3094734
3094738
3094769
3094828
3094833
3094866
3094878
3095084
3095312
3095395
3096762
3096940
3096989
3097022
3097080
3097139
3097171
3097204
3097207
3097341
3097349
3097424
3097483
3097578
3097747
3097838
3098060
3098159
3098416
3099427
3099464
3099492
3099522
3099534
3099582
3099595
3099598
3099603
3099750
3099766
3099845
3099881
3099943
3099958
3100129
3100156
3100216
3100217
3100247
3100274
3100477
3100554
3100588
3100599
3100766
3100816
3100896
3102081
3102131
3102137
3102185
3102294
3102331
3102403
3102489
3102587
3102691
3102697
3102705
3102710
3102735
3102740
3102792
3102845
3103029
3103195
3103393
3103420
3103428
3103436
3103496
3103581
3104869
3104878
3104901
3104954
3105133
3105252
3105640
3105768
3105838
3105867
3105883
3105906
3106232
3106281
3106310
3106317
3107398
3107407
3107417
3107418
3107521
3107532
3107551
3107666
3107729
3107850
3107944
3108016
3108487
3108506
3108609
3108741
3108928
3108982
3109128
3109301
3110531
3110553
3110725
3110839
3110856
3110899
3110912
3110926
3110986
3111005
3111320
3111353
3111415
3111441
3111443
3111609
3111669
3111809
3111939
3112006
3112007
3112147
3113351
3113404
3113451
3113541
3113575
3113578
3113621
3113640
3113879
3113937
3114035
3114187
3114200
3114201
3114304
3114373
3114414
3114550
3115854
3115882
3115950
3116115
3117189
3117244
3117306
3117723
3117978
3118006
3118125
3118128
3118161
3118173
3118402
3118457
3118514
3118591
3118595
3118668
3119712
3119737
3119739
3119742
3119898
3119939
3119953
3119993
3120143
3120234
3120399
3120423
3120464
3120560
3120883
3120914
3120967
3120995
3121016
3121084
3121245
3122535
3122615
3122793
3122922
3122946
3123050
3123155
3123252
3123300
3123325
3123461
3123476
3123481
3123503
3123565
3123618
3123745
3123767
3123992
3124015
3124062
3124097
3125178
3125249
3125327
3125347
3125365
3125434
3125517
3125520
3125618
3125621
3125662
3125666
3125677
3125684
3125742
3125807
3125946
3125949
3125973
3126005
3126013
3126017
3126029
3126039
3126053
3126105
3126186
3126221
3126335
3126417
3126442
3126461
3126501
3126507
3126554
3126578
3126584
3126651
3126697
3126707
3126746
3127862
3127867
3127886
3127948
3127975
3128020
3128095
3128120
3128125
3128196
3128333
3128374
3128413
3128495
3128505
3128781
3129012
3129068
3129112
3129184
3129375
3129379
3129401
3130607
3130618
3130669
3131019
3131047
3131133
3131205
3131337
3131361
3131383
3131391
3131424
3131566
3131666
3131739
3131757
3131763
3131780
3131816
3132008
3132214
3133299
3133366
3133400
3133485
3133707
3133829
3133874
3133903
3134021
3134216
3134285
3134421
3134445
3134690
3134692
3134838
3135971
3136036
3136047
3136073
3136246
3136260
3136297
3136346
3136419
3136433
3136846
3136887
3137088
3137112
3137163
3137192
3137364
3137592
3138800
3138874
3138893
3138994
3139082
3139086
3139090
3139103
3139281
3139326
3139331
3139577
3139579
3139669
3140090
3140104
3140260
3140304
3140308
3142250
3142345
3142365
3142428
3142757
3143155
3143162
3143241
3143352
3143441
3143728
3143991
3144231
3144339
3144403
3144516
3144679
3144888
3145079
3145142
3145173
3147142
3147161
3147198
3147205
3147404
3147788
3148244
3148353
3148370
3148424
3148781
3148877
3149013
3149042
3149121
3149229
3149443
3149458
3149494
3149877
3152925
3152935
3153019
3153145
3153215
3153226
3153247
3153323
3153324
3153445
3153592
3153805
3153838
3154271
3154308
3154577
3154785
3155021
3155132
3155145
3155157
3156438
3156479
3156813
3156906
3156921
3157038
3157085
3157223
3157259
3157273
3157392
3157519
3157550
3157595
3157678
3157742
3157760
3157768
3157942
3157945
3157959
3157961
3159233
3159242
3159255
3159263
3159294
3159333
3159337
3159485
3159497
3159524
3159536
3159567
3159626
3160015
3160042
3160071
3160095
3160130
3160173
3160231
3160327
3160420
3160449
3160461
3160611
3160652
3160695
3160709
3160774
3161895
3161926
3161953
3162035
3162147
3162183
3162220
3162376
3162440
3162491
3162527
3162557
3162600
3162691
3162791
3162803
3163066
3163076
3163133
3163145
3163152
3163155
3163214
3163246
3163267
3163281
3163309
3164588
3164806
3164809
3164890
3165066
3165217
3165218
3165238
3165327
3165407
3165559
3165658
3165669
3165765
3165781
3165805
3165894
3165901
3165949
3166052
3166154
3166264
3167349
3167376
3167387
3167430
3167465
3167582
3167622
3167648
3167954
3168036
3168044
3168145
3168197
3168220
3168222
3168262
3168283
3168300
3168706
3168936
3168960
3168982
3169646
3170096
3170230
3170241
3170295
3170398
3170449
3170475
3170673
3170682
3170739
3170796
3170922
3170948
3170950
3170994
3171233
3171242
3171265
3171271
3171359
3171418
3171447
3171509
3171578
3171595
3171646
3172978
3172993
3173115
3173123
3173451
3173549
3173583
3173681
3173719
3173731
3173820
3173876
3173929
3173958
3173961
3174005
3174189
3174197
3174236
3174369
3175733
3175905
3175944
3175981
3176006
3176020
3176043
3176067
3176090
3176124
3176163
3176288
3176336
3176360
3176435
3176483
3176510
3176521
3176548
3176555
3176567
3176644
3176867
3176906
3176909
3176949
3176989
3177048
3177070
3177088
3177147
3177151
3178303
3178330
3178336
3178461
3178475
3178484
3178540
3178569
3178590
3178682
3178710
3178715
3178731
3178755
3178766
3178786
3178809
3178925
3179005
3179016
3179077
3179098
3179113
3179141
3179145
3179198
3179230
3179233
3179235
3179261
3179324
3179409
3179432
3179481
3179589
3179608
3179633
3179637
3179768
3181272
3181338
3181536
3181579
3181618
3181701
3181759
3181852
3181912
3182043
3182280
3182331
3182393
3182528
3182626
3183843
3183882
3183950
3184050
3184167
3184376
3184389
3184439
3184503
3184510
3184512
3184535
3184549
3184578
3184582
3184592
3184657
3184711
3184774
3184824
3184853
3184868
3184890
3184920
3184925
3184927
3184938
3184978
3185006
3185008
3185048
3185053
3185064
3185283
3186610
3186713
3186719
3187084
3187236
3187266
3187282
3187345
3187656
3187726
3187916
3188014
3188052
3188065
3190438
3192207
3192331
3192451
3192562
3192806
3193639
3194863
3194947
3194949
3195079
3195141
3195283
3195290
3195310
3195326
3195339
3195403
3195455
3195709
3195784
3195963
3196072
3196220
3197649
3197884
3198117
3198586
3198694
3199014
3199035
3199094
3199341
3200102
3200167
3200211
3200660
3200731
3202958
3203064
3203352
3203381
3203434
3203920
3203964
3203968
3204189
3204399
3208368
3208382
3208403
3208517
3208745
3209357
3209829
3213316
3213657
3213947
3214035
3214200
3214206
3214272
3214301
3214340
3214523
3214622
3215048
3215563
3215582
3215590
3215660
3216416
3216553
3218684
3218720
3218840
3218846
3218863
3219031
3219071
3219343
3219345
3219554
3219932
3219973
3220064
3220225
3220427
3220502
3220517
3220630
3220641
3220664
3220804
3220833
3220841
3220902
3220904
3221003
3221007
3221277
3221444
3221531
3221663
3221723
3224012
3224742
3224837
3224856
3225050
3225480
3225646
3225706
3225965
3226318
3226746
3226818
3229126
3229151
3229380
3229455
3229638
3229736
3229787
3230137
3230588
3230773
3230818
3230857
3231109
3231413
3231597
3232173
3232201
3232222
3234427
3234771
3234882
3234884
3234961
3235099
3235527
3235564
3235612
3235642
3236028
3236068
3236200
3236309
3236363
3236665
3236897
3239572
3239820
3240063
3240189
3240270
3240332
3240360
3240414
3240535
3240694
3240914
3240982
3241020
3241031
3241553
3241701
3241809
3241866
3241886
3241919
3241998
3242015
3242031
3242129
3242381
3244447
3244474
3244598
3244661
3244697
3245476
3245582
3245758
3245908
3245930
3245944
3246119
3247232
3247356
3247419
3247448
3247634
3247636
3247755
3247989
3248044
3248055
3248091
3248109
3248172
3248200
3248326
3248327
3248577
3248642
3248648
3250086
3250174
3250183
3250185
3250224
3250240
3250256
3250269
3250291
3250385
3250410
3250449
3250590
3250668
3250705
3250774
3250824
3250911
3250961
3250967
3251001
3251263
3251353
3251394
3252678
3252808
3252916
3253383
3253387
3253418
3253448
3253453
3253569
3253630
3253675
3253677
3253709
3253715
3253736
3253739
3253813
3253895
3253948
3254108
3254116
3254121
3254179
3254219
3255466
3255691
3255694
3255701
3255829
3255859
3255947
3255991
3256021
3256050
3256125
3256200
3256274
3256466
3256523
3256527
3256531
3256542
3256601
3256673
3256683
3256756
3256949
3258118
3258273
3258285
3258382
3258514
3258573
3258803
3259343
3259380
3259384
3259440
3259546
3259727
3259805
3260881
3260970
3261002
3261026
3261549
3261671
3261722
3261732
3261810
3261827
3261835
3261890
3261945
3262339
3262501
3263676
3263685
3263807
3263856
3263898
3263934
3263977
3264014
3264088
3264158
3264208
3264262
3264299
3264389
3264607
3264857
3264974
3265095
3265182
3265205
3265232
3265426
3265437
3265749
3265954
3268219
3268298
3268391
3268408
3268891
3269530
3269667
3269784
3269792
3269852
3269898
3270085
3270144
3270389
3270668
3270681
3270776
3270995
3271073
3273501
3273662
3273695
3274101
3274169
3274287
3274679
3274903
3275260
3275579
3276148
3322372
3323396
3323534
3331553
3334770
3334799
3335456
3340370
3341543
3341616
3341681
3341811
3342012
3342030
3342043
3342092
3342456
3342507
3342570
3342608
3342687
3342704
3342794
3342801
3342824
3343131
3343243
3343299
3343333
3343398
3343430
3343431
3343712
3343749
3343809
3343906
3343919
3344111
3344125
3344160
3344312
3344423
3344493
3344499
3344516
3344592
3344761
3344930
3344943
3345089
3345113
3345204
3345239
3345264
3345271
3345317
3345408
3345453
3345459
3345463
3345467
3345472
3345580
3345588
3345755
3345910
3345915
3345951
3346121
3346273
3346290
3346292
3346460
3346470
3346499
3346506
3346517
3346569
3346735
3346794
3346945
3346955
3347106
3347213
3347231
3347391
3347507
3347554
3347657
3347742
3347777
3347822
3347842
3347858
3347891
3348268
3351773
3351821
3351905
3351951
3352080
3352118
3352138
3352353
3352490
3352541
3352580
3352614
3352683
3352838
3352953
3353042
3353106
3353110
3353208
3353238
3353373
3353466
3353493
3353535
3353591
3353636
3353651
3353671
3353827
3353843
3353846
3353941
3353980
3354093
3354109
3354117
3354314
3354596
3354751
3354760
3354808
3354829
3354872
3354931
3354960
3355054
3355120
3355265
3356877
3356910
3357022
3357835
3358401
3358409
3358541
3358883
3358926
3359049
3359204
3359297
3359316
3359465
3359532
3359572
3359687
3359807
3359971
3359978
3359996
3360147
3360266
3360385
3360398
3360400
3360476
3360600
3360662
3360682
3360819
3360917
3361184
3361237
3361299
3361300
3361554
3361573
3361651
3361724
3361948
3362010
3362301
3362332
3362347
3362431
3362833
3362873
3363165
3363335
3363347
3363378
3363396
3363687
3363855
3363935
3364131
3364483
3364765
3364808
3364929
3365118
3365120
3365132
3365142
3365180
3365333
3365434
3365849
3365936
3365986
3366061
3366181
3366206
3366274
3366302
3366461
3366607
3366754
3366865
3366905
3366932
3367053
3367197
3367222
3367239
3367251
3367398
3367426
3367517
3367530
3367531
3367611
3367736
3367960
3367985
3368211
3368251
3368352
3368372
3368553
3368610
3368894
3368909
3373703
3373959
3373996
3374082
3374131
3374361
3374484
3374649
3374761
3374849
3374963
3375001
3375061
3375213
3375380
3375428
3375537
3375572
3375685
3375699
3375726
3375852
3375913
3375980
3376219
3376600
3376712
3377171
3377242
3377391
3377750
3377781
3377817
3377926
3377991
3378001
3378073
3378175
3378475
3378576
3378584
3378598
3378671
3378739
3379055
3379148
3379288
3379503
3379622
3379817
3379890
3380066
3380074
3380079
3380250
3380296
3380338
3380474
3380845
3380907
3380971
3381065
3381163
3381183
3381261
3381311
3381672
3381676
3381982
3382412
3382428
3382460
3382628
3382632
3382644
3382693
3382725
3382757
3383124
3383523
3384309
3384595
3385171
3385182
3385192
3385451
3385474
3385651
3385675
3385721
3385886
3385892
3386031
3386083
3386151
3386373
3386378
3386382
3386424
3386462
3386508
3386730
3386877
3386900
3386926
3386963
3387045
3387181
3387187
3387253
3387498
3387637
3387645
3387647
3387651
3387836
3387837
3387989
3388016
3388185
3388321
3388358
3388433
3388770
3388806
3388898
3388902
3389031
3389045
3389123
3389293
3389422
3389430
3389477
3389560
3389697
3389725
3389774
3390211
3390237
3390558
3390916
3390949
3391371
3395236
3395379
3395476
3395513
3395581
3395740
3395928
3395936
3395982
3396069
3396139
3396157
3396167
3396213
3396395
3396522
3396526
3396649
3396665
3396705
3396706
3396812
3396986
3397241
3397300
3397306
3397350
3397369
3397391
3397540
3397545
3397704
3397927
3398066
3398171
3398202
3398221
3398446
3398526
3398702
3398778
3398809
3398986
3399054
3399139
3399165
3399462
3399521
3399527
3399611
3399670
3399935
3400011
3400193
3400446
3400717
3401051
3401189
3401200
3401270
3401370
3402001
