0.000000 0.664360 0.684096 0.684096
0.025000 0.664360 0.684096 0.684096
0.050000 0.615200 0.664550 0.664550
0.075000 0.566158 0.637779 0.637779
0.100000 0.540493 0.618262 0.618262
0.125000 0.523316 0.595825 0.595825
0.150000 0.493571 0.573035 0.573035
0.175000 0.471156 0.543857 0.543857
0.200000 0.438071 0.515652 0.515652
0.225000 0.408371 0.478942 0.478942
0.250000 0.375685 0.442285 0.442285
0.275000 0.338328 0.407744 0.407744
0.300000 0.312119 0.360816 0.360816
0.325000 0.271422 0.307936 0.307936
0.350000 0.230690 0.242064 0.242064
0.375000 0.182942 0.156864 0.156864
0.400000 0.118250 0.065469 0.065469
0.425000 0.051807 0.032344 0.032344
0.450000 0.021386 0.000000 0.000000
0.475000 0.000000 0.000000 0.000000
0.500000 0.000000 0.000000 0.000000
0.525000 0.000000 0.000000 0.000000
0.550000 0.000000 0.000000 0.000000
0.575000 0.000000 0.000000 0.000000
0.600000 0.000000 0.000000 0.000000
0.625000 0.000000 0.000000 0.000000
0.650000 0.000000 0.000000 0.000000
0.675000 0.000000 0.000000 0.000000
0.700000 0.000000 0.000000 0.000000
0.725000 0.000000 0.000000 0.000000
0.750000 0.000000 0.000000 0.000000
0.775000 0.000000 0.000000 0.000000
0.800000 0.000000 0.000000 0.000000
0.825000 0.000000 0.000000 0.000000
0.850000 0.000000 0.000000 0.000000
0.875000 0.000000 0.000000 0.000000
0.900000 0.000000 0.000000 0.000000
0.925000 0.000000 0.000000 0.000000
0.950000 0.000000 0.000000 0.000000
0.975000 0.000000 0.000000 0.000000
1.000000 0.000000 0.000000 0.000000
