2979262
2979274
2979314
3035015
3035260
3035790
3035821
3035829
3035920
3036339
3038257
3038336
3038362
3038565
3038600
3038857
3038906
3038948
3039150
3040364
3040410
3040774
3040894
3040923
3040961
3040970
3041122
3041394
3041508
3041687
3041830
3041834
3043422
3043423
3043605
3043743
3043769
3043845
3043966
3044042
3044046
3044048
3044085
3044385
3044453
3044854
3046041
3046145
3046152
3046276
3046323
3046341
3046376
3046517
3046676
3047001
3047019
3047075
3047220
3048508
3048538
3048607
3048832
3048972
3049206
3049356
3049376
3049498
3049534
3049658
3049680
3051593
3051762
3051999
3052435
3052545
3052548
3052686
3052737
3052768
3052888
3052916
3053039
3053346
3054428
3054761
3054793
3054952
3055040
3055059
3055835
3055928
3056029
3056049
3056131
3056677
3056684
3056794
3056829
3056877
3057041
3057118
3057155
3057196
3057214
3057385
3057443
3057518
3057653
3057656
3058797
3059515
3059609
3059714
3059989
3060124
3060154
3060180
3060194
3060372
3061487
3061538
3061780
3061784
3061813
3061869
3062029
3062082
3062212
3062274
3062455
3062527
3062667
3062720
3062842
3063026
3063125
3064222
3064449
3064453
3064567
3064698
3064858
3064873
3065050
3065068
3065404
3065433
3066879
3066930
3067066
3067113
3067399
3067422
3068031
3068102
3069922
3069985
3070357
3070513
3072529
3072658
3073047
3073323
3073343
3073595
3073887
3075161
3075217
3075271
3075275
3075381
3075419
3075493
3075526
3075565
3075600
3075706
3075755
3076164
3076325
3077868
3077952
3078179
3078315
3078433
3078463
3078522
3078545
3078602
3078658
3078716
3078731
3078801
3078950
3079124
3080422
3080554
3080644
3081198
3081206
3081516
3081608
3081703
3081902
3082074
3083191
3083556
3083661
3084260
3084467
3084617
3084701
3085897
3085901
3086240
3086262
3086272
3086323
3086370
3086389
3086411
3086469
3086544
3086580
3086600
3086718
3086799
3087054
3088531
3088567
3088614
3088727
3088749
3089025
3089029
3089058
3089185
3089311
3089546
3089738
3089807
3089844
3090068
3091263
3091676
3091700
3091746
3091773
3091939
3092390
3092424
3092595
3092873
3092953
3093939
3094466
3094472
3094854
3095109
3095225
3095237
3095340
3095421
3096852
3096885
3096925
3096950
3097094
3097113
3097227
3097315
3097316
3097370
3097620
3097691
3097756
3097842
3097878
3097940
3098027
3098030
3098174
3098221
3098439
3099339
3099450
3099501
3099524
3099602
3099890
3099953
3100098
3100189
3100492
3102199
3102317
3102324
3102508
3102594
3102904
3103237
3103276
3103449
3103539
3103619
3105721
3106226
3106231
3106255
3106270
3107189
3107339
3107510
3107703
3107887
3108022
3108025
3108566
3108995
3108998
3109066
3110617
3110886
3110991
3111013
3111019
3111231
3111458
3111515
3111664
3111674
3111950
3111956
3112035
3113562
3113571
3113657
3113693
3114001
3114127
3114135
3114239
3114472
3114478
3115896
3116397
3117030
3117099
3117286
3117317
3117739
3117744
3117785
3118065
3118262
3118302
3118592
3118617
3118649
3119731
3120139
3120214
3120301
3121238
3122422
3122657
3122743
3122801
3123140
3123246
3123273
3123475
3123730
3125180
3125225
3125492
3125499
3125670
3126168
3126171
3126421
3126523
3126601
3126674
3126728
3126771
3126775
3126812
3126827
3127902
3128042
3128051
3128127
3128320
3128520
3128681
3128702
3128779
3129017
3129130
3130629
3130837
3130881
3130995
3131516
3131750
3131763
3133482
3133573
3133657
3133804
3133821
3133863
3133937
3133956
3133969
3133991
3134270
3134334
3134611
3134863
3134871
3134905
3134913
3135991
3138940
3139303
3139375
3139385
3139494
3139865
3142244
3142590
3142742
3143065
3143520
3143799
3143898
3143919
3144493
3144718
3144867
3144896
3145095
3147226
3147363
3148240
3148242
3148463
3148567
3148723
3149252
3149400
3149959
3152391
3152613
3152908
3153265
3153267
3153370
3153520
3153545
3154195
3154227
3154575
3154822
3154954
3155098
3155184
3155186
3155250
3156581
3156977
3157122
3157211
3157298
3157388
3157600
3157713
3159397
3159443
3159478
3159538
3159553
3159607
3159609
3159846
3159924
3160158
3160169
3160221
3160251
3160373
3160809
3161955
3161997
3162333
3162431
3162516
3162607
3162637
3162752
3162776
3163096
3163163
3163402
3164692
3164798
3164846
3164961
3164975
3165108
3165172
3165309
3165353
3165437
3165545
3165698
3165827
3166003
3166118
3167363
3168020
3168324
3168356
3168391
3168438
3168539
3168668
3168766
3168830
3168968
3170300
3170406
3170656
3170822
3170870
3170974
3171226
3171288
3171434
3172835
3172908
3173050
3173110
3173387
3173596
3173910
3174015
3174112
3175629
3175764
3175947
3175948
3175999
3176273
3176480
3176495
3176840
3176862
3176864
3177020
3177110
3178985
3179010
3179281
3179328
3179523
3179916
3179929
3181371
3181551
3181768
3182088
3182216
3182649
3183992
3184000
3184131
3184332
3184518
3184559
3184797
3185074
3185191
3185195
3186747
3187060
3187264
3187413
3187571
3187693
3187862
3188027
3188057
3190472
3190496
3190824
3192566
3192830
3192874
3192920
3193418
3195446
3195474
3195816
3195859
3196049
3196191
3196270
3197676
3197678
3198509
3199044
3200357
3200401
3200815
3203198
3203374
3204377
3204417
3208171
3208470
3208478
3210783
3214591
3214835
3215240
3215505
3215546
3215795
3215911
3216030
3216198
3216294
3216364
3219226
3219320
3219412
3219562
3219882
3220037
3220456
3221063
3221401
3224463
3225250
3225500
3225720
3226052
3226121
3226299
3227014
3229920
3229951
3230504
3230699
3230732
3231058
3231086
3231226
3231270
3232155
3234313
3234878
3235353
3235362
3235784
3236322
3236361
3236365
3236447
3236480
3237137
3240057
3240703
3240731
3241252
3241314
3241325
3241745
3241934
3241948
3242090
3242216
3242435
3244432
3244503
3244716
3244798
3245358
3245549
3245661
3245662
3245753
3245777
3245821
3245856
3247198
3247208
3247499
3247580
3247699
3247769
3247780
3247949
3248027
3248329
3248332
3248498
3248631
3248756
3250169
3250275
3250391
3250730
3250750
3250933
3251044
3251216
3252666
3253706
3253792
3253810
3253825
3253971
3254086
3254154
3255408
3255441
3255511
3255551
3255600
3255715
3255767
3255826
3256250
3256594
3256756
3258507
3258610
3258687
3259813
3261795
3261820
3261857
3262052
3263710
3263822
3263953
3264105
3264312
3264738
3265248
3265669
3265794
3268040
3268126
3268140
3268269
3268443
3268489
3268952
3269243
3269585
3269630
3269945
3269970
3270262
3271214
3273647
3273864
3273920
3273924
3273994
3274019
3274038
3274114
3274198
3274556
3274774
3275114
3275503
3275589
3275740
3335486
3336105
3336116
3339480
3342087
3342238
3342273
3342282
3342334
3342423
3342472
3342678
3342696
3342726
3342789
3343128
3343366
3343571
3343712
3343762
3343774
3344009
3344017
3344084
3344091
3344093
3344135
3344169
3344245
3344298
3344668
3344877
3344945
3345080
3345336
3345622
3345654
3345822
3346062
3346086
3346679
3346714
3346783
3346889
3347125
3347205
3347310
3347691
3347718
3347731
3348063
3348222
3348238
3348691
3348983
3351837
3352070
3352312
3352464
3352595
3352667
3352682
3352757
3352965
3353065
3353110
3353218
3353409
3353496
3353531
3353755
3353757
3353844
3353966
3354109
3354503
3354996
3356524
3357717
3357963
3359005
3359346
3359348
3359568
3359712
3359949
3359966
3360274
3360349
3360547
3360636
3361107
3361249
3361614
3362056
3362206
3362446
3363469
3363580
3363930
3364037
3364242
3364359
3364814
3365124
3365252
3365633
3365872
3365877
3365943
3366090
3366103
3366594
3366740
3366920
3367166
3367334
3367776
3368211
3368871
3373701
3374103
3374123
3374134
3374166
3374354
3374607
3374655
3374690
3374750
3374943
3375129
3375350
3376050
3376132
3376200
3376794
3377016
3377158
3377481
3377540
3377793
3378109
3378131
3378179
3378458
3378847
3378919
3378955
3379239
3379420
3379468
3381186
3381490
3382353
3382463
3382912
3383527
3383842
3384242
3384387
3384683
3384877
3384984
3385233
3385725
3385748
3385904
3386292
3386336
3386457
3386478
3386567
3386613
3386730
3387738
3387816
3388263
3388331
3388656
3389188
3389197
3389808
3390038
3390386
3390550
3391250
3391261
3395284
3395480
3395563
3395571
3395678
3396045
3396108
3396340
3396624
3396682
3397003
3397007
3397038
3397225
3397244
3397366
3398209
3398510
3399052
3399131
3399186
3400870
3401096
3401240
3401693
3401718
