2979125
2979184
2979185
2979186
2979197
2979199
2979210
2979256
2979293
2979317
2979660
2979756
2979764
2979797
2979800
2979801
2979859
2979880
3035022
3035031
3035040
3035105
3035153
3035167
3035216
3035261
3035301
3035355
3035371
3035713
3035762
3035796
3035871
3035880
3035901
3035909
3035935
3035963
3035994
3036065
3036081
3036107
3036130
3036144
3036148
3036211
3036215
3036218
3036274
3036281
3036282
3036373
3036385
3036388
3036454
3036456
3036471
3036498
3037755
3037882
3037930
3038118
3038132
3038148
3038154
3038168
3038190
3038194
3038284
3038302
3038324
3038352
3038377
3038383
3038421
3038449
3038456
3038490
3038491
3038585
3038604
3038605
3038610
3038691
3038694
3038700
3038756
3038758
3038854
3038857
3038865
3038948
3038957
3038982
3039025
3039087
3039109
3039167
3040395
3040420
3040433
3040449
3040467
3040472
3040534
3040603
3040629
3040645
3040657
3040665
3040690
3040710
3040733
3040737
3040804
3040807
3040867
3040895
3040903
3040923
3040929
3040947
3040975
3040997
3041018
3041097
3041130
3041131
3041158
3041216
3041226
3041246
3041259
3041261
3041271
3041273
3041336
3041406
3041407
3041438
3041464
3041499
3041616
3041639
3041660
3041664
3041671
3041672
3041705
3041717
3041735
3041793
3041800
3041814
3041818
3041822
3041942
3041947
3041992
3041997
3043170
3043174
3043184
3043313
3043358
3043388
3043442
3043447
3043452
3043469
3043586
3043587
3043634
3043666
3043704
3043754
3043809
3043845
3043846
3043939
3043946
3043975
3044003
3044038
3044058
3044091
3044124
3044150
3044224
3044226
3044239
3044253
3044389
3044390
3044391
3044400
3044409
3044431
3044434
3044438
3044459
3044508
3044512
3044591
3044630
3045741
3045757
3045800
3045829
3045848
3045904
3045921
3045979
3045983
3046078
3046158
3046189
3046237
3046336
3046340
3046369
3046374
3046393
3046398
3046406
3046459
3046467
3046482
3046517
3046634
3046695
3046724
3046770
3046779
3046867
3046903
3046959
3046989
3047006
3047008
3047139
3047152
3047157
3047167
3047177
3047179
3047186
3047198
3047236
3047251
3047312
3047314
3048523
3048532
3048553
3048580
3048596
3048600
3048655
3048661
3048684
3048706
3048715
3048718
3048736
3048780
3048834
3048889
3048926
3048963
3048966
3049004
3049008
3049024
3049071
3049188
3049205
3049210
3049225
3049242
3049267
3049318
3049333
3049346
3049360
3049376
3049400
3049467
3049517
3049555
3049560
3049589
3049591
3049644
3049707
3049771
3049869
3049965
3049976
3051150
3051152
3051163
3051222
3051311
3051319
3051329
3051333
3051352
3051367
3051402
3051415
3051536
3051565
3051566
3051605
3051608
3051610
3051744
3051756
3051781
3051787
3051789
3051797
3051877
3051886
3051909
3051914
3051951
3051970
3051988
3052028
3052055
3052146
3052149
3052168
3052189
3052206
3052218
3052228
3052264
3052302
3052327
3052330
3052331
3052338
3052354
3052366
3052372
3052389
3052396
3052453
3052470
3052475
3052479
3052495
3052520
3052527
3052537
3052591
3052598
3052599
3052620
3052652
3052662
3052673
3052693
3052704
3052718
3052719
3052750
3052777
3052817
3052949
3052974
3052998
3053044
3053053
3053100
3053154
3053223
3053261
3053276
3053286
3053293
3053306
3053361
3053366
3053369
3053382
3054439
3054463
3054474
3054483
3054485
3054502
3054525
3054533
3054541
3054544
3054667
3054686
3054709
3054752
3054761
3054783
3054827
3054837
3054859
3054874
3054907
3054922
3055059
3055098
3055153
3055345
3055472
3055523
3055524
3055594
3055781
3055796
3055806
3055822
3055891
3055929
3055961
3055986
3056000
3056049
3056099
3056127
3056615
3056623
3056638
3056662
3056665
3056712
3056741
3056751
3056789
3056790
3056832
3056840
3056842
3056859
3056861
3056864
3056870
3056882
3056908
3056922
3056933
3056957
3056971
3057048
3057051
3057082
3057125
3057207
3057268
3057278
3057345
3057408
3057427
3057487
3057495
3057523
3057528
3057529
3057625
3058709
3058726
3058786
3058854
3058855
3058859
3058864
3058866
3058875
3058893
3059063
3059112
3059158
3059212
3059218
3059271
3059302
3059323
3059439
3059444
3059449
3059453
3059463
3059465
3059466
3059530
3059552
3059564
3059592
3059597
3059635
3059684
3059710
3059719
3059731
3059764
3059851
3059877
3059886
3059918
3059985
3059994
3060037
3060061
3060086
3060097
3060110
3060113
3060120
3060122
3060141
3060161
3060248
3060250
3060257
3060274
3060292
3060303
3060330
3060348
3060365
3060378
3061452
3061505
3061559
3061607
3061631
3061717
3061736
3061755
3061792
3061811
3061814
3061836
3061854
3061901
3061921
3061966
3062012
3062038
3062087
3062094
3062118
3062134
3062143
3062223
3062235
3062236
3062264
3062275
3062282
3062345
3062356
3062361
3062371
3062387
3062413
3062436
3062457
3062458
3062501
3062524
3062532
3062549
3062552
3062641
3062667
3062670
3062696
3062735
3062773
3062778
3062840
3062877
3062934
3062947
3062949
3062960
3062989
3063006
3063027
3063069
3063084
3063142
3063212
3064084
3064185
3064206
3064248
3064295
3064397
3064400
3064467
3064475
3064523
3064558
3064560
3064699
3064703
3064764
3064822
3064833
3064913
3064948
3065089
3065102
3065309
3065311
3065355
3065369
3065392
3065398
3065449
3065463
3065495
3065553
3065563
3065673
3065793
3065795
3066807
3066809
3066878
3066890
3066907
3066910
3066920
3066928
3066937
3066941
3066945
3066994
3067025
3067041
3067043
3067083
3067107
3067138
3067148
3067150
3067165
3067184
3067189
3067208
3067217
3067231
3067232
3067261
3067265
3067312
3067345
3067357
3067367
3067406
3067424
3067432
3067500
3067502
3067511
3067546
3067622
3067657
3067664
3067679
3067707
3067750
3067811
3067830
3067832
3067960
3068039
3068089
3068162
3068163
3068167
3068184
3068288
3068297
3068413
3068422
3069507
3069541
3069610
3069612
3069634
3069833
3069846
3069878
3069890
3069914
3069917
3070203
3070240
3070286
3070322
3070335
3070350
3070386
3070399
3070434
3070469
3070472
3070546
3070568
3070641
3070760
3070776
3070920
3070931
3070938
3071022
3071065
3071098
3072320
3072337
3072402
3072451
3072455
3072473
3072480
3072526
3072531
3072549
3072602
3072620
3072723
3072734
3072765
3072766
3072769
3072792
3072804
3072822
3072827
3072860
3072892
3072894
3072897
3072925
3072951
3072986
3073012
3073026
3073037
3073119
3073127
3073165
3073167
3073334
3073346
3073352
3073462
3073465
3073483
3073502
3073563
3073605
3073614
3073621
3073628
3073653
3073654
3073669
3073673
3073740
3073744
3073777
3073799
3073818
3073831
3073957
3074925
3074938
3075030
3075041
3075061
3075093
3075105
3075106
3075150
3075156
3075174
3075177
3075232
3075245
3075276
3075316
3075320
3075358
3075389
3075416
3075491
3075493
3075498
3075502
3075521
3075522
3075582
3075683
3075696
3075726
3075742
3075783
3075784
3075794
3075795
3075810
3075866
3075894
3075900
3075912
3075921
3075922
3075925
3075959
3075973
3076041
3076054
3076070
3076085
3076110
3076150
3076200
3076369
3076373
3076446
3076482
3076523
3077719
3077730
3077767
3077835
3077849
3077850
3077861
3077880
3077897
3077910
3077973
3078104
3078130
3078136
3078186
3078239
3078261
3078297
3078359
3078361
3078362
3078395
3078428
3078468
3078546
3078586
3078595
3078698
3078777
3078793
3078819
3078827
3078860
3078877
3078883
3078926
3078977
3078986
3079014
3079022
3079038
3079055
3079074
3079087
3079125
3079182
3079191
3079203
3079224
3079256
3079258
3079259
3079289
3079291
3079301
3079371
3079865
3080378
3080476
3080496
3080760
3080803
3080804
3080842
3080849
3080860
3080919
3080928
3080974
3081075
3081110
3081175
3081214
3081216
3081235
3081240
3081260
3081279
3081329
3081336
3081358
3081382
3081388
3081392
3081488
3081521
3081543
3081602
3081634
3081658
3081690
3081704
3081780
3081782
3081811
3081814
3081825
3081894
3081898
3081945
3081993
3082003
3082427
3082467
3082472
3083113
3083188
3083208
3083232
3083233
3083252
3083269
3083295
3083320
3083379
3083410
3083415
3083451
3083453
3083457
3083470
3083496
3083498
3083509
3083513
3083517
3083518
3083557
3083618
3083642
3083657
3083718
3083751
3083771
3083782
3083787
3083794
3083800
3083918
3083940
3083967
3084051
3084073
3084117
3084127
3084163
3084212
3084242
3084298
3084319
3084320
3084438
3084515
3084517
3084536
3084555
3084561
3084572
3084644
3084685
3084696
3084743
3084770
3085820
3085852
3085868
3085889
3085902
3085914
3085928
3085932
3085950
3086054
3086099
3086102
3086111
3086129
3086134
3086137
3086140
3086182
3086197
3086218
3086220
3086235
3086247
3086256
3086279
3086306
3086325
3086371
3086402
3086407
3086417
3086427
3086444
3086450
3086461
3086513
3086529
3086553
3086573
3086579
3086583
3086597
3086635
3086648
3086750
3086834
3086853
3086854
3086875
3086883
3086930
3086983
3087043
3087103
3087165
3087241
3087304
3087334
3088483
3088537
3088604
3088621
3088626
3088655
3088677
3088794
3088802
3088811
3088835
3088849
3088854
3088922
3088963
3088993
3088999
3089014
3089030
3089034
3089047
3089099
3089100
3089124
3089144
3089176
3089204
3089212
3089275
3089290
3089330
3089372
3089455
3089539
3089562
3089592
3089612
3089653
3089660
3089710
3089823
3089838
3089851
3090014
3090064
3090086
3090115
3091263
3091293
3091402
3091420
3091549
3091605
3091622
3091654
3091664
3091688
3091726
3091731
3091759
3091772
3091845
3091904
3091915
3091927
3091954
3092010
3092037
3092041
3092046
3092048
3092063
3092065
3092082
3092099
3092111
3092119
3092193
3092255
3092292
3092334
3092339
3092348
3092398
3092401
3092409
3092426
3092430
3092438
3092442
3092446
3092480
3092569
3092585
3092603
3092611
3092663
3092684
3092736
3092753
3092790
3092794
3092828
3092858
3092888
3093925
3094093
3094111
3094124
3094179
3094231
3094284
3094301
3094325
3094330
3094394
3094436
3094461
3094481
3094535
3094627
3094652
3094732
3094737
3094788
3094792
3094818
3094861
3094926
3094954
3094956
3095032
3095113
3095167
3095174
3095182
3095265
3095358
3095377
3095432
3095470
3095474
3096672
3096714
3096728
3096736
3096765
3096779
3096797
3096823
3096871
3096883
3096884
3096901
3097030
3097080
3097118
3097140
3097154
3097167
3097190
3097220
3097280
3097293
3097296
3097321
3097337
3097348
3097386
3097428
3097477
3097479
3097493
3097531
3097542
3097580
3097590
3097627
3097660
3097672
3097713
3097914
3097934
3098040
3098049
3098051
3098062
3098084
3098098
3098099
3098100
3098117
3098170
3098171
3098174
3098185
3098190
3098267
3098292
3098301
3098307
3098322
3098342
3098395
3098413
3099338
3099371
3099388
3099420
3099425
3099502
3099525
3099542
3099560
3099575
3099590
3099620
3099628
3099658
3099726
3099729
3099762
3099791
3099902
3099911
3099951
3099956
3099973
3100009
3100028
3100047
3100049
3100068
3100081
3100182
3100191
3100199
3100308
3100331
3100345
3100394
3100453
3100458
3100463
3100482
3100483
3100485
3100571
3100589
3100603
3100606
3100632
3100682
3100690
3100704
3100716
3100725
3100743
3100751
3100777
3100810
3100831
3100835
3100856
3101055
3102080
3102088
3102094
3102112
3102118
3102173
3102183
3102209
3102256
3102277
3102363
3102378
3102402
3102516
3102519
3102548
3102551
3102557
3102563
3102585
3102655
3102681
3102701
3102733
3102737
3102745
3102758
3102838
3102878
3102911
3102952
3102960
3102967
3103012
3103029
3103221
3103243
3103254
3103272
3103291
3103303
3103307
3103332
3103335
3103363
3103372
3103376
3103384
3103392
3103418
3103429
3103437
3103438
3103477
3103514
3103515
3103517
3103569
3103669
3103671
3103700
3104744
3104757
3104776
3104888
3104941
3104948
3105014
3105058
3105067
3105076
3105101
3105160
3105194
3105231
3105242
3105262
3105285
3105360
3105405
3105413
3105433
3105453
3105483
3105489
3105503
3105541
3105546
3105548
3105553
3105568
3105582
3105627
3105630
3105640
3105661
3105682
3105729
3105750
3105784
3105888
3105897
3105925
3105962
3105969
3106002
3106003
3106018
3106027
3106036
3106048
3106066
3106135
3106260
3106263
3106301
3106315
3106394
3107186
3107219
3107231
3107259
3107288
3107303
3107305
3107313
3107320
3107326
3107333
3107369
3107428
3107436
3107450
3107474
3107477
3107498
3107507
3107511
3107682
3107706
3107708
3107744
3107764
3107791
3107876
3107894
3108026
3108481
3108499
3108511
3108569
3108608
3108617
3108674
3108681
3108683
3108701
3108710
3108732
3108745
3108919
3108974
3109027
3109035
3109042
3109094
3109128
3109134
3109448
3110504
3110522
3110550
3110573
3110796
3110837
3110845
3110886
3110896
3110912
3110969
3110981
3110997
3111024
3111072
3111099
3111125
3111178
3111198
3111211
3111252
3111275
3111364
3111393
3111401
3111409
3111417
3111516
3111532
3111548
3111571
3111581
3111608
3111644
3111768
3111769
3111808
3111839
3111849
3111859
3111865
3111867
3111871
3111887
3111901
3111938
3111939
3111962
3111987
3111990
3112053
3112057
3112137
3112157
3113299
3113311
3113342
3113509
3113552
3113556
3113577
3113617
3113653
3113671
3113678
3113723
3113755
3113762
3113780
3113846
3113906
3113908
3113914
3113925
3113926
3113930
3113940
3113958
3113959
3114030
3114032
3114039
3114050
3114127
3114239
3114271
3114290
3114307
3114402
3114406
3114436
3114454
3114664
3115820
3115849
3115893
3116111
3116968
3117044
3117045
3117098
3117191
3117198
3117208
3117233
3117272
3117284
3117320
3117334
3117407
3117419
3117438
3117539
3117604
3117652
3117661
3117709
3117745
3117760
3117834
3117839
3117941
3117948
3117969
3117973
3118026
3118037
3118039
3118060
3118103
3118113
3118119
3118168
3118173
3118206
3118218
3118228
3118334
3118344
3118352
3118356
3118371
3118381
3118398
3118453
3118539
3118588
3118590
3118641
3119744
3119800
3119820
3119830
3119835
3119844
3119915
3119933
3119934
3119953
3120027
3120037
3120074
3120205
3120215
3120248
3120282
3120287
3120318
3120324
3120359
3120371
3120389
3120403
3120432
3120459
3120470
3120478
3120501
3120844
3120886
3120895
3120902
3120907
3120937
3120951
3120956
3120976
3120977
3121000
3121032
3121052
3121105
3121145
3121166
3121190
3121231
3121254
3121310
3121315
3121337
3121338
3122403
3122438
3122451
3122494
3122497
3122516
3122563
3122638
3122657
3122677
3122714
3122752
3122812
3122828
3122861
3122920
3122929
3122963
3123010
3123018
3123030
3123039
3123049
3123063
3123074
3123134
3123170
3123187
3123237
3123278
3123333
3123377
3123414
3123448
3123476
3123542
3123545
3123567
3123570
3123593
3123644
3123664
3123720
3123726
3123771
3123774
3123816
3123840
3123843
3123914
3123946
3123962
3123993
3124017
3124037
3124050
3124084
3124092
3125099
3125144
3125157
3125305
3125340
3125437
3125442
3125452
3125550
3125590
3125600
3125618
3125629
3125636
3125652
3125669
3125706
3125730
3125766
3125772
3125789
3125799
3125817
3125867
3125879
3125943
3125950
3125980
3126022
3126098
3126117
3126119
3126121
3126122
3126187
3126194
3126210
3126211
3126212
3126215
3126227
3126285
3126309
3126314
3126344
3126348
3126351
3126429
3126454
3126512
3126526
3126535
3126538
3126558
3126561
3126571
3126610
3126637
3126763
3126805
3126819
3127831
3127886
3127894
3127964
3128007
3128019
3128063
3128094
3128107
3128118
3128121
3128134
3128181
3128225
3128299
3128306
3128307
3128363
3128410
3128449
3128454
3128458
3128476
3128505
3128546
3128589
3128594
3128595
3128596
3128599
3128616
3128622
3128623
3128634
3128703
3128760
3128820
3128825
3128927
3128953
3128960
3128965
3128971
3129015
3129016
3129032
3129054
3129073
3129079
3129114
3129152
3129159
3129163
3129189
3129209
3129213
3129225
3129234
3129235
3129255
3129256
3129310
3129311
3129374
3130608
3130643
3130651
3130658
3130677
3130719
3130760
3130773
3130775
3130796
3130816
3130822
3130823
3130841
3130846
3130852
3130890
3130904
3130919
3130963
3130967
3130977
3130993
3131002
3131108
3131144
3131256
3131258
3131312
3131350
3131362
3131396
3131418
3131419
3131426
3131428
3131479
3131538
3131541
3131545
3131575
3131576
3131635
3131639
3131667
3131669
3131691
3131701
3131709
3131731
3131775
3131784
3131795
3131822
3131851
3131871
3131913
3131938
3131945
3132020
3132029
3132075
3132103
3132135
3132171
3132189
3132215
3132219
3133268
3133292
3133314
3133328
3133403
3133409
3133476
3133483
3133499
3133500
3133539
3133578
3133583
3133606
3133624
3133637
3133722
3133751
3133778
3133802
3133815
3133820
3133847
3133850
3133878
3133904
3133930
3133942
3133946
3133989
3134016
3134069
3134084
3134094
3134124
3134128
3134135
3134148
3134150
3134177
3134189
3134199
3134229
3134272
3134282
3134283
3134321
3134325
3134405
3134457
3134463
3134471
3134511
3134658
3134732
3134748
3134812
3134813
3134823
3134826
3134842
3134870
3134891
3134909
3134920
3135958
3135965
3135990
3135999
3136009
3136043
3136050
3136051
3136055
3136065
3136081
3136122
3136150
3136180
3136195
3136229
3136249
3136267
3136342
3136354
3136370
3136372
3136395
3136549
3136559
3136579
3136601
3136606
3136608
3136843
3136869
3136885
3136935
3136989
3137009
3137080
3137107
3137139
3137211
3137217
3137240
3137272
3137285
3137355
3137388
3137390
3137397
3137425
3137450
3137486
3137532
3137566
3137704
3138822
3138934
3139083
3139155
3139255
3139277
3139284
3139311
3139329
3139330
3139336
3139371
3139403
3139520
3139532
3139534
3139574
3139590
3139620
3139744
3139836
3139890
3139892
3139894
3139928
3139989
3139993
3140047
3140054
3140102
3140104
3140225
3140229
3140336
3142268
3142306
3142316
3142387
3142439
3142538
3142615
3142635
3142898
3142965
3143025
3143048
3143077
3143187
3143233
3143235
3143267
3143276
3143290
3143392
3143406
3143425
3143445
3143554
3143556
3143563
3143608
3143717
3143736
3143932
3144017
3144193
3144243
3144292
3144298
3144313
3144352
3144358
3144362
3144471
3144544
3144639
3144664
3144666
3144681
3144706
3144754
3144855
3145093
3145116
3145176
3147150
3147196
3147213
3147224
3147316
3147346
3147400
3147604
3147696
3147815
3147852
3147865
3147869
3147995
3148095
3148158
3148188
3148200
3148209
3148240
3148374
3148401
3148471
3148578
3148607
3148698
3148725
3148729
3148852
3148871
3148928
3148980
3149011
3149166
3149370
3149373
3149537
3149700
3149735
3149754
3149787
3149873
3149882
3150005
3150130
3152328
3152611
3152617
3152644
3152776
3152784
3152794
3152801
3152812
3152849
3152874
3152948
3152975
3153184
3153257
3153323
3153376
3153395
3153422
3153569
3153704
3154058
3154179
3154200
3154398
3154408
3154410
3154435
3154475
3154540
3154554
3154567
3154571
3154602
3154620
3154666
3154728
3154742
3154853
3154999
3155017
3155038
3155089
3155102
3155105
3155108
3155133
3155203
3156352
3156358
3156379
3156443
3156485
3156504
3156580
3156610
3156641
3156645
3156679
3156683
3156695
3156699
3156722
3156762
3156800
3156802
3156864
3156872
3156937
3157077
3157121
3157144
3157163
3157165
3157236
3157286
3157332
3157456
3157517
3157565
3157572
3157608
3157647
3157648
3157650
3157653
3157700
3157724
3157772
3157775
3157780
3157840
3157883
3157892
3157937
3157943
3159184
3159185
3159242
3159307
3159312
3159399
3159417
3159433
3159439
3159446
3159463
3159504
3159523
3159536
3159562
3159570
3159576
3159597
3159633
3159636
3159637
3159650
3159682
3159684
3159697
3159721
3159750
3159755
3159772
3159783
3159799
3159921
3159923
3159936
3159958
3159978
3159998
3160007
3160015
3160024
3160055
3160088
3160110
3160152
3160209
3160216
3160223
3160236
3160256
3160267
3160330
3160333
3160348
3160408
3160514
3160546
3160582
3160584
3160678
3160688
3160695
3160801
3160803
3160820
3161861
3161957
3161964
3162017
3162019
3162021
3162031
3162120
3162193
3162195
3162293
3162358
3162395
3162450
3162480
3162557
3162565
3162649
3162752
3162760
3162770
3162776
3162777
3162884
3162893
3162908
3162974
3163002
3163057
3163134
3163179
3163207
3163274
3163278
3163394
3164634
3164635
3164684
3164793
3164842
3164881
3164898
3165001
3165008
3165034
3165107
3165108
3165125
3165157
3165161
3165254
3165269
3165270
3165276
3165289
3165302
3165336
3165342
3165345
3165349
3165376
3165389
3165391
3165399
3165448
3165471
3165478
3165494
3165517
3165532
3165546
3165611
3165616
3165630
3165632
3165673
3165710
3165776
3165802
3165807
3165871
3165884
3165896
3165905
3165935
3165936
3165949
3165997
3166005
3166073
3166076
3166109
3166136
3166170
3166215
3167366
3167367
3167458
3167488
3167569
3167605
3167608
3167655
3167663
3167697
3167698
3167704
3167734
3167740
3167764
3167780
3167798
3167875
3167881
3167894
3167933
3167955
3167956
3167970
3167971
3168027
3168230
3168233
3168273
3168291
3168307
3168357
3168408
3168440
3168465
3168468
3168473
3168514
3168593
3168669
3168692
3168702
3168706
3168721
3168733
3168734
3168736
3168778
3168786
3168787
3168799
3168847
3168867
3168872
3168888
3168915
3168919
3168927
3168996
3169008
3169016
3169018
3170143
3170160
3170185
3170219
3170228
3170256
3170297
3170301
3170340
3170356
3170371
3170390
3170423
3170454
3170496
3170508
3170519
3170528
3170529
3170571
3170581
3170584
3170585
3170614
3170654
3170664
3170679
3170696
3170697
3170761
3170775
3170858
3170866
3170871
3170883
3170897
3170995
3171008
3171039
3171137
3171207
3171224
3171234
3171265
3171336
3171359
3171414
3171421
3171474
3171622
3171640
3171646
3172836
3172885
3172904
3172912
3172938
3172948
3173017
3173040
3173074
3173079
3173125
3173127
3173175
3173218
3173230
3173262
3173316
3173373
3173380
3173381
3173407
3173466
3173472
3173513
3173539
3173565
3173567
3173570
3173595
3173608
3173664
3173818
3173856
3173883
3174045
3174092
3174111
3174142
3174154
3174183
3174184
3174231
3174260
3174308
3174333
3174358
3174379
3174482
3175670
3175716
3175745
3175770
3175822
3175828
3175858
3175920
3175965
3176035
3176042
3176085
3176125
3176140
3176153
3176156
3176188
3176241
3176254
3176278
3176324
3176327
3176376
3176419
3176433
3176488
3176522
3176549
3176616
3176619
3176652
3176692
3176718
3176735
3176809
3176825
3176833
3176865
3176882
3176906
3176924
3176943
3176944
3176973
3177012
3177069
3177073
3177091
3178295
3178412
3178450
3178478
3178489
3178515
3178619
3178623
3178624
3178634
3178665
3178693
3178747
3178763
3178909
3178959
3178966
3179009
3179015
3179067
3179076
3179152
3179184
3179204
3179235
3179240
3179243
3179314
3179397
3179461
3179470
3179477
3179486
3179537
3179569
3179574
3179578
3179583
3179629
3179707
3179723
3179757
3179770
3179799
3179804
3179843
3179852
3179867
3179985
3181127
3181147
3181152
3181215
3181244
3181277
3181286
3181318
3181343
3181362
3181384
3181428
3181446
3181522
3181546
3181566
3181635
3181686
3181688
3181708
3181820
3181822
3181861
3181867
3181881
3181889
3181910
3181951
3181995
3182038
3182044
3182046
3182093
3182140
3182153
3182180
3182200
3182207
3182212
3182293
3182295
3182297
3182303
3182309
3182362
3182427
3182442
3182458
3182464
3182467
3182501
3182527
3182552
3182659
3182673
3182680
3182709
3183841
3183863
3183895
3183899
3183904
3183934
3183956
3184020
3184055
3184063
3184068
3184092
3184118
3184135
3184157
3184237
3184278
3184292
3184293
3184299
3184300
3184304
3184318
3184345
3184351
3184407
3184412
3184473
3184515
3184517
3184575
3184611
3184623
3184628
3184643
3184669
3184708
3184774
3184786
3184792
3184825
3184834
3184900
3184982
3185015
3185024
3185026
3185040
3185095
3185108
3185119
3185121
3185218
3185227
3185283
3185285
3185319
3185346
3186568
3186600
3186635
3186650
3186666
3186701
3186886
3186888
3186891
3187018
3187021
3187051
3187088
3187092
3187119
3187159
3187171
3187175
3187179
3187192
3187218
3187229
3187243
3187249
3187254
3187284
3187415
3187441
3187448
3187470
3187475
3187526
3187553
3187578
3187580
3187636
3187689
3187692
3187770
3187771
3187793
3187796
3187832
3187855
3187884
3187889
3187937
3187974
3187985
3188005
3188037
3188066
3188088
3188102
3188113
3190256
3190309
3190433
3190482
3190674
3190712
3190745
3190802
3190811
3190816
3190824
3191966
3191970
3192020
3192061
3192091
3192099
3192207
3192277
3192381
3192451
3192510
3192705
3192728
3192743
3192760
3192787
3192801
3192826
3192830
3192852
3192883
3192891
3192917
3193086
3193107
3193116
3193182
3193284
3193415
3193509
3193534
3194784
3194834
3194843
3194850
3194877
3194929
3194995
3194996
3195151
3195161
3195298
3195401
3195445
3195446
3195462
3195490
3195538
3195557
3195563
3195567
3195617
3195623
3195632
3195657
3195669
3195695
3195697
3195707
3195710
3195713
3195719
3195727
3195747
3195784
3195839
3195854
3195865
3195866
3195897
3195903
3195916
3195931
3195932
3195949
3195951
3195987
3196071
3196074
3196159
3196170
3196174
3196233
3196260
3196287
3196302
3197642
3197644
3197691
3197705
3197734
3197798
3197909
3197920
3197928
3197949
3198013
3198024
3198123
3198223
3198266
3198283
3198314
3198386
3198396
3198572
3198946
3198964
3199123
3199328
3199352
3199617
3199625
3199631
3199652
3199763
3199965
3200088
3200092
3200139
3200202
3200403
3200423
3200458
3200545
3200554
3200559
3200579
3200650
3200689
3200733
3200764
3200765
3200777
3200840
3200928
3202946
3202968
3203072
3203079
3203089
3203129
3203354
3204044
3204050
3204121
3204210
3204248
3204342
3204355
3204378
3204447
3208295
3208380
3208413
3208414
3208548
3208567
3208915
3209097
3209835
3213588
3213655
3213698
3213704
3213746
3213783
3213854
3213858
3213912
3213926
3213947
3213955
3213998
3214004
3214143
3214174
3214219
3214268
3214280
3214307
3214316
3214320
3214382
3214423
3214556
3214569
3214583
3214600
3214710
3214875
3214885
3214916
3214984
3215041
3215066
3215074
3215136
3215176
3215216
3215284
3215375
3215381
3215443
3215449
3215575
3215577
3215627
3215814
3215903
3215913
3215980
3215982
3216065
3216078
3216185
3216298
3216391
3216439
3216489
3216538
3216557
3216563
3218692
3218766
3218979
3219031
3219295
3219305
3219343
3219439
3219446
3219613
3219646
3219648
3219656
3219780
3219803
3219857
3219878
3219901
3219917
3219920
3219928
3219969
3219992
3220056
3220131
3220162
3220233
3220245
3220304
3220308
3220312
3220425
3220438
3220450
3220475
3220544
3220559
3220599
3220764
3220831
3220892
3220963
3220965
3220979
3221123
3221126
3221197
3221199
3221246
3221254
3221308
3221357
3221370
3221456
3221460
3221469
3221702
3221720
3221725
3221727
3221745
3221764
3221770
3223792
3224010
3224289
3224459
3224522
3224530
3224716
3224765
3224906
3224916
3224952
3225113
3225266
3225517
3225527
3225529
3225556
3225623
3225693
3225712
3225782
3225808
3225856
3225928
3225957
3226004
3226023
3226029
3226133
3226289
3226445
3226601
3226641
3226708
3226732
3226788
3227001
3227049
3227053
3227059
3227070
3227089
3229186
3229215
3229226
3229244
3229251
3229253
3229393
3229417
3229432
3229455
3229539
3229541
3229542
3229552
3229603
3229644
3229646
3229709
3229728
3229731
3229799
3229852
3229858
3229932
3229953
3229957
3230043
3230045
3230137
3230188
3230428
3230438
3230440
3230480
3230582
3230594
3230740
3230750
3230838
3231000
3231033
3231053
3231154
3231189
3231230
3231263
3231377
3231502
3231577
3231713
3231750
3231769
3231775
3231812
3231871
3231935
3232063
3232121
3234287
3234313
3234320
3234408
3234412
3234527
3234571
3234586
3234616
3234623
3234653
3234659
3234687
3234732
3234755
3234763
3234787
3234847
3234894
3234919
3234929
3235037
3235047
3235083
3235099
3235110
3235154
3235170
3235202
3235235
3235293
3235425
3235437
3235445
3235574
3235690
3235719
3235720
3235732
3235737
3235740
3235788
3235831
3235992
3236059
3236074
3236096
3236135
3236158
3236223
3236226
3236365
3236374
3236455
3236510
3236561
3236563
3236636
3236657
3236669
3236740
3236849
3236853
3236857
3236867
3236990
3237006
3237070
3237093
3237315
3237440
3237454
3239362
3239404
3239416
3239445
3239447
3239595
3239781
3239783
3239793
3239870
3239892
3239900
3239912
3239925
3239949
3239976
3240001
3240031
3240063
3240101
3240123
3240158
3240292
3240350
3240360
3240381
3240389
3240414
3240449
3240455
3240462
3240529
3240555
3240668
3240690
3240705
3240707
3240744
3240774
3240803
3240822
3240891
3240904
3240916
3240957
3240964
3240974
3241090
3241119
3241129
3241139
3241202
3241204
3241277
3241297
3241337
3241478
3241491
3241559
3241567
3241623
3241741
3241878
3242029
3242062
3242155
3242182
3242227
3242241
3242396
3242402
3242416
3242422
3244507
3244522
3244539
3244581
3244614
3244617
3244673
3244713
3244736
3244739
3244810
3244918
3244949
3244972
3245012
3245024
3245040
3245078
3245113
3245200
3245329
3245332
3245362
3245386
3245432
3245455
3245488
3245490
3245497
3245512
3245530
3245559
3245583
3245597
3245616
3245722
3245764
3245770
3245807
3245815
3245872
3245884
3245935
3246006
3246065
3247427
3247469
3247470
3247649
3247660
3247674
3247684
3247705
3247713
3247752
3247763
3247777
3247791
3247798
3247823
3247854
3247879
3247906
3247953
3247966
3248007
3248054
3248133
3248140
3248175
3248249
3248250
3248282
3248286
3248290
3248298
3248337
3248409
3248420
3248459
3248473
3248493
3248544
3248567
3248632
3248671
3248684
3248751
3249923
3249962
3249993
3250051
3250069
3250076
3250085
3250137
3250144
3250147
3250161
3250174
3250175
3250180
3250189
3250255
3250549
3250558
3250586
3250607
3250628
3250639
3250675
3250676
3250715
3250731
3250748
3250760
3250804
3250811
3250815
3250823
3250873
3250881
3250907
3250918
3250931
3251129
3251131
3251205
3251210
3251212
3251219
3251232
3251241
3251266
3251325
3251390
3251425
3251427
3251488
3251568
3251606
3252683
3252866
3252966
3252996
3253036
3253067
3253219
3253420
3253452
3253620
3253641
3253727
3253731
3253756
3253764
3253778
3253791
3253815
3253878
3253910
3253943
3253964
3254052
3254108
3254116
3254131
3254140
3254164
3254166
3254240
3255479
3255485
3255486
3255505
3255537
3255568
3255608
3255641
3255645
3255687
3255718
3255721
3255744
3255767
3255813
3255817
3255839
3255842
3255871
3255882
3255889
3255931
3256014
3256019
3256078
3256080
3256087
3256105
3256171
3256208
3256214
3256256
3256269
3256315
3256318
3256330
3256358
3256425
3256432
3256441
3256464
3256467
3256498
3256511
3256533
3256537
3256596
3256611
3256652
3256661
3256665
3256741
3256744
3256753
3256793
3256796
3256803
3256808
3256834
3256860
3256871
3256884
3256934
3256950
3256958
3258067
3258235
3258242
3258254
3258377
3258447
3258490
3258495
3258556
3258578
3258581
3258827
3258834
3259095
3259103
3259108
3259157
3259181
3259207
3259313
3259315
3259328
3259376
3259400
3259423
3259430
3259439
3259443
3259482
3259497
3259514
3259526
3259527
3259578
3259590
3259665
3259678
3259722
3259786
3259806
3259808
3260843
3260898
3260913
3261016
3261044
3261053
3261069
3261085
3261527
3261557
3261565
3261596
3261693
3261701
3261747
3261757
3261763
3261803
3261853
3261864
3261905
3261917
3261923
3262013
3262014
3262019
3262022
3262035
3262089
3262093
3262126
3262145
3262168
3262199
3262216
3262291
3262315
3262353
3262363
3262371
3262372
3262373
3263613
3263726
3263788
3263818
3263843
3263856
3263895
3263964
3264000
3264048
3264053
3264098
3264111
3264128
3264159
3264186
3264230
3264275
3264287
3264306
3264326
3264329
3264350
3264362
3264397
3264413
3264517
3264771
3264949
3265032
3265048
3265058
3265143
3265153
3265213
3265365
3265455
3265479
3265564
3265596
3265609
3265673
3265724
3265753
3265791
3265916
3265935
3268027
3268071
3268096
3268246
3268273
3268289
3268292
3268314
3268343
3268408
3268450
3268468
3268503
3268537
3268722
3268787
3268893
3268964
3268985
3269211
3269243
3269285
3269355
3269392
3269466
3269473
3269507
3269534
3269568
3269570
3269572
3269673
3269677
3269708
3269718
3269747
3269753
3269769
3269781
3269870
3269906
3269915
3269953
3270021
3270130
3270227
3270351
3270355
3270370
3270529
3270560
3270774
3270931
3271040
3271084
3271086
3271218
3273308
3273488
3273537
3273713
3273738
3273759
3273814
3274021
3274079
3274130
3274139
3274153
3274239
3274254
3274296
3274410
3274412
3274420
3274466
3274529
3274560
3274564
3274568
3274682
3274708
3274847
3274889
3274905
3274960
3275077
3275085
3275099
3275112
3275260
3275311
3275540
3275675
3275778
3275787
3275801
3275844
3275907
3276013
3276064
3276133
3276150
3276154
3276501
3278700
3278753
3322427
3322988
3323588
3323892
3324123
3330663
3331568
3331587
3331711
3331720
3332318
3334631
3334753
3335482
3336168
3336338
3336382
3336601
3336609
3340386
3341491
3341606
3341616
3341673
3341685
3341752
3341806
3341881
3341886
3341919
3342004
3342012
3342062
3342112
3342188
3342281
3342292
3342319
3342400
3342431
3342458
3342484
3342540
3342582
3342589
3342595
3342665
3342669
3342696
3342698
3342704
3342762
3342763
3342770
3342776
3342801
3342810
3342855
3342868
3342877
3342932
3343021
3343038
3343089
3343102
3343145
3343203
3343254
3343297
3343333
3343373
3343376
3343404
3343410
3343411
3343478
3343541
3343545
3343563
3343582
3343587
3343601
3343627
3343628
3343661
3343699
3343744
3343841
3343852
3343866
3343878
3343889
3343894
3343933
3343934
3343938
3343947
3344026
3344048
3344055
3344061
3344108
3344153
3344185
3344189
3344219
3344227
3344312
3344325
3344331
3344386
3344397
3344412
3344417
3344437
3344446
3344494
3344499
3344507
3344546
3344549
3344574
3344582
3344707
3344763
3344765
3344783
3344875
3344888
3344933
3344942
3345067
3345095
3345126
3345141
3345188
3345193
3345205
3345215
3345242
3345271
3345280
3345282
3345289
3345315
3345352
3345369
3345416
3345478
3345518
3345545
3345564
3345587
3345617
3345632
3345655
3345657
3345668
3345709
3345727
3345749
3345766
3345777
3345820
3345904
3345943
3345962
3345990
3346082
3346137
3346168
3346179
3346195
3346211
3346232
3346243
3346247
3346305
3346372
3346384
3346428
3346481
3346500
3346511
3346590
3346674
3346699
3346792
3346800
3346803
3346813
3346871
3346907
3346919
3346924
3346929
3346943
3346986
3346990
3347014
3347037
3347040
3347163
3347169
3347181
3347242
3347328
3347352
3347405
3347429
3347465
3347473
3347475
3347542
3347650
3347652
3347661
3347686
3347696
3347731
3347817
3347821
3347825
3347919
3347975
3348112
3348212
3350882
3351801
3351831
3351833
3351908
3351938
3352007
3352025
3352035
3352047
3352081
3352086
3352154
3352207
3352275
3352284
3352341
3352419
3352434
3352443
3352598
3352623
3352625
3352670
3352727
3352750
3352798
3352806
3352813
3352861
3352870
3352883
3352917
3352942
3352964
3352980
3352993
3353027
3353039
3353044
3353051
3353061
3353067
3353127
3353145
3353224
3353249
3353276
3353340
3353357
3353362
3353391
3353427
3353454
3353458
3353488
3353515
3353587
3353611
3353632
3353723
3353763
3353769
3353825
3353828
3353829
3353836
3353841
3353857
3353858
3353873
3353882
3353905
3353955
3354092
3354108
3354114
3354134
3354157
3354184
3354199
3354259
3354268
3354304
3354363
3354381
3354406
3354471
3354488
3354518
3354646
3354758
3354760
3354817
3354870
3354916
3354927
3354952
3354992
3355028
3355070
3355128
3355142
3355152
3356025
3356772
3356794
3356802
3356833
3357179
3357230
3357374
3357512
3357587
3357669
3357779
3357903
3357951
3357967
3358080
3358176
3358364
3358523
3358570
3358696
3358727
3358730
3358739
3358868
3358956
3358985
3359012
3359076
3359084
3359095
3359183
3359206
3359250
3359263
3359293
3359316
3359338
3359383
3359468
3359561
3359651
3359653
3359670
3359683
3359754
3359823
3359843
3359878
3360099
3360108
3360117
3360163
3360194
3360232
3360278
3360321
3360325
3360341
3360344
3360403
3360406
3360433
3360443
3360455
3360465
3360519
3360523
3360560
3360593
3360674
3360709
3360807
3360818
3360858
3360890
3360900
3360903
3360908
3360909
3360929
3360988
3361056
3361084
3361102
3361104
3361146
3361172
3361235
3361243
3361256
3361424
3361445
3361495
3361509
3361528
3361691
3361850
3361853
3361859
3361924
3361930
3361951
3362187
3362194
3362205
3362295
3362296
3362446
3362518
3362545
3362836
3363121
3363153
3363187
3363188
3363191
3363246
3363274
3363275
3363278
3363301
3363341
3363366
3363371
3363375
3363392
3363445
3363448
3363456
3363498
3363541
3363546
3363595
3363615
3363645
3363672
3363678
3363684
3363764
3363779
3363846
3364013
3364244
3364261
3364289
3364309
3364404
3364411
3364413
3364437
3364453
3364460
3364469
3364474
3364529
3364621
3364647
3364672
3364708
3364756
3364760
3364763
3364766
3364840
3364841
3364851
3364860
3364885
3364889
3364910
3364918
3364939
3365095
3365128
3365139
3365159
3365193
3365207
3365217
3365233
3365253
3365347
3365491
3365512
3365523
3365546
3365592
3365605
3365664
3365678
3365692
3365704
3365717
3365776
3365827
3365841
3365870
3365909
3365923
3365961
3366050
3366060
3366093
3366115
3366116
3366140
3366175
3366191
3366302
3366417
3366422
3366431
3366445
3366473
3366480
3366501
3366550
3366560
3366569
3366571
3366586
3366635
3366642
3366650
3366716
3366749
3366819
3366854
3366882
3366960
3366972
3367028
3367091
3367121
3367150
3367201
3367268
3367305
3367344
3367406
3367426
3367482
3367503
3367532
3367664
3367677
3367787
3367801
3367827
3367856
3368029
3368054
3368130
3368316
3368390
3368403
3368458
3368468
3368543
3368559
3368582
3368645
3368786
3368881
3373645
3373656
3373769
3373778
3373816
3373870
3373885
3373937
3374011
3374051
3374064
3374072
3374076
3374103
3374110
3374181
3374197
3374292
3374325
3374390
3374446
3374461
3374534
3374555
3374561
3374569
3374574
3374614
3374630
3374687
3374690
3374702
3374727
3374747
3374867
3374897
3374957
3374997
3375017
3375038
3375072
3375080
3375130
3375168
3375194
3375211
3375218
3375221
3375239
3375256
3375359
3375399
3375405
3375408
3375410
3375418
3375426
3375442
3375493
3375581
3375595
3375618
3375646
3375982
3376179
3376198
3376220
3376249
3376376
3376398
3376408
3376420
3376480
3376487
3376607
3376626
3376627
3376636
3376652
3376655
3376681
3376710
3376724
3376769
3376797
3376824
3376920
3376984
3377015
3377120
3377205
3377280
3377284
3377309
3377372
3377429
3377433
3377451
3377516
3377532
3377550
3377625
3377768
3377772
3377824
3377850
3377880
3377887
3377933
3378017
3378053
3378065
3378107
3378113
3378181
3378240
3378256
3378263
3378305
3378343
3378419
3378432
3378455
3378490
3378525
3378535
3378594
3378600
3378639
3378665
3378691
3378699
3378767
3378775
3378797
3378837
3378954
3379007
3379043
3379083
3379165
3379210
3379214
3379216
3379240
3379255
3379274
3379345
3379420
3379465
3379481
3379493
3379509
3379512
3379517
3379607
3379651
3379659
3379703
3379770
3379818
3379931
3380025
3380271
3380292
3380346
3380350
3380545
3380587
3380663
3381052
3381070
3381073
3381081
3381087
3381280
3381332
3381351
3381403
3381419
3381629
3381748
3381924
3381948
3382017
3382133
3382416
3382506
3382518
3382800
3382916
3383200
3383340
3383360
3383364
3383403
3383566
3383643
3383705
3383740
3383821
3383992
3384066
3384147
3384571
3384615
3384639
3384704
3384802
3384948
3384969
3384988
3385073
3385133
3385174
3385192
3385229
3385391
3385419
3385448
3385486
3385576
3385578
3385598
3385607
3385628
3385635
3385651
3385715
3385732
3385794
3385822
3385848
3385877
3385885
3385893
3385977
3385990
3386005
3386048
3386067
3386093
3386128
3386158
3386213
3386241
3386248
3386299
3386331
3386335
3386336
3386386
3386390
3386430
3386447
3386498
3386519
3386539
3386588
3386610
3386680
3386694
3386751
3386755
3386818
3386852
3386938
3386951
3386972
3386996
3387008
3387029
3387064
3387068
3387208
3387225
3387288
3387350
3387388
3387418
3387467
3387592
3387696
3387729
3387754
3387792
3387800
3387861
3387880
3387904
3387921
3388009
3388017
3388036
3388063
3388100
3388177
3388181
3388327
3388347
3388433
3388474
3388596
3388630
3388641
3388685
3388743
3388757
3388768
3388927
3388955
3388963
3388966
3389008
3389040
3389043
3389095
3389132
3389164
3389172
3389173
3389175
3389184
3389296
3389318
3389362
3389426
3389442
3389458
3389468
3389471
3389599
3389725
3389733
3389751
3389766
3389806
3389829
3390050
3390251
3390319
3390457
3390631
3390677
3390693
3390701
3390705
3390814
3390818
3390849
3390951
3391268
3391383
3391394
3395267
3395299
3395312
3395360
3395366
3395382
3395400
3395426
3395427
3395436
3395505
3395509
3395560
3395572
3395639
3395642
3395682
3395687
3395690
3395770
3395778
3395810
3395812
3395824
3395884
3395906
3395911
3395961
3395986
3396044
3396087
3396157
3396234
3396260
3396283
3396305
3396322
3396349
3396411
3396457
3396460
3396533
3396534
3396545
3396547
3396549
3396578
3396592
3396607
3396614
3396619
3396656
3396676
3396710
3396757
3396795
3396854
3396924
3396947
3396992
3397015
3397039
3397095
3397128
3397224
3397225
3397228
3397236
3397239
3397241
3397281
3397288
3397349
3397365
3397367
3397372
3397393
3397403
3397459
3397563
3397667
3397797
3397808
3397905
3398066
3398088
3398101
3398114
3398200
3398221
3398242
3398269
3398322
3398347
3398355
3398425
3398427
3398503
3398532
3398559
3398611
3398616
3398653
3398668
3398759
3398814
3398965
3399109
3399321
3399372
3399377
3399405
3399407
3399431
3399439
3399467
3399476
3399491
3399521
3399576
3399606
3399640
3399809
3399847
3399852
3399918
3400006
3400022
3400039
3400142
3400263
3400272
3400452
3400467
3400522
3400583
3400684
3400722
3400727
3400742
3400796
3400932
3401036
3401042
3401047
3401055
3401171
3401184
3401257
3401305
3401381
3401406
3401453
3401688
3401751
3401832
3401924
3402074
