2979146
2979205
2979245
2979589
2979646
2979652
2979661
2979717
2979725
2979735
2979741
2979777
2979784
2979793
2979859
3034943
3034963
3034971
3035000
3035031
3035033
3035074
3035135
3035140
3035175
3035198
3035213
3035275
3035354
3035373
3035374
3035691
3035720
3035727
3035740
3035745
3035757
3035763
3035823
3035836
3035841
3035854
3035861
3035879
3035894
3035909
3035922
3035948
3035982
3035998
3036003
3036076
3036089
3036098
3036102
3036128
3036142
3036145
3036165
3036222
3036292
3036297
3036314
3036315
3036339
3036360
3036366
3036383
3036422
3036444
3036471
3036494
3037685
3037756
3037906
3037942
3038121
3038140
3038151
3038153
3038158
3038161
3038163
3038185
3038193
3038197
3038241
3038309
3038383
3038394
3038533
3038534
3038541
3038595
3038624
3038633
3038638
3038654
3038669
3038678
3038679
3038710
3038730
3038731
3038764
3038815
3038845
3038854
3038859
3038908
3038909
3038920
3038941
3038952
3038957
3039005
3039006
3039009
3039021
3039025
3039044
3039045
3039046
3039054
3039069
3039078
3039126
3039132
3039145
3039156
3039212
3040364
3040419
3040431
3040560
3040567
3040595
3040626
3040635
3040637
3040713
3040732
3040741
3040788
3040836
3040886
3040957
3040979
3040997
3041013
3041015
3041030
3041039
3041058
3041064
3041102
3041113
3041153
3041195
3041226
3041320
3041322
3041447
3041507
3041580
3041598
3041618
3041678
3041686
3041714
3041715
3041824
3041974
3041979
3041982
3041993
3043215
3043329
3043343
3043349
3043365
3043366
3043396
3043405
3043411
3043425
3043503
3043507
3043517
3043520
3043551
3043604
3043609
3043611
3043683
3043718
3043724
3043745
3043746
3043785
3043850
3043891
3043905
3043938
3043956
3043957
3043990
3043992
3044074
3044090
3044123
3044244
3044379
3044388
3044397
3044400
3044420
3044427
3044453
3044638
3045692
3045707
3045795
3045801
3045827
3045912
3046061
3046063
3046101
3046143
3046147
3046219
3046284
3046290
3046314
3046316
3046351
3046362
3046364
3046374
3046399
3046431
3046468
3046479
3046484
3046492
3046511
3046550
3046559
3046570
3046597
3046669
3046706
3046734
3046782
3046794
3046818
3046830
3046837
3046854
3046960
3046965
3047004
3047035
3047090
3047104
3047117
3047121
3047145
3047146
3047173
3047219
3047243
3047253
3047324
3047336
3048417
3048436
3048473
3048495
3048520
3048556
3048558
3048582
3048611
3048613
3048647
3048705
3048711
3048740
3048767
3048773
3048832
3048838
3048845
3048847
3048849
3048859
3048870
3048879
3048968
3048991
3049017
3049086
3049138
3049158
3049184
3049214
3049268
3049274
3049294
3049296
3049298
3049328
3049409
3049434
3049438
3049471
3049477
3049510
3049512
3049532
3049559
3049587
3049630
3049638
3049644
3049708
3049718
3049724
3049729
3049738
3049739
3049754
3049855
3049913
3049914
3049948
3049950
3051169
3051210
3051232
3051237
3051290
3051333
3051373
3051383
3051410
3051496
3051507
3051547
3051560
3051565
3051582
3051629
3051636
3051698
3051727
3051775
3051796
3051822
3051823
3051831
3051833
3051856
3051867
3051952
3051965
3051979
3052025
3052029
3052056
3052081
3052124
3052125
3052155
3052156
3052198
3052227
3052257
3052295
3052301
3052343
3052421
3052439
3052473
3052493
3052501
3052506
3052513
3052558
3052568
3052591
3052630
3052674
3052687
3052696
3052794
3052818
3052855
3052857
3052869
3052898
3052916
3052922
3052946
3052967
3052973
3052988
3053013
3053029
3053070
3053074
3053137
3053140
3053153
3053258
3054390
3054437
3054524
3054604
3054652
3054730
3054734
3054740
3054743
3054808
3054869
3054901
3054936
3055052
3055069
3055082
3055094
3055247
3055396
3055422
3055474
3055663
3055774
3055909
3055946
3055989
3055998
3056018
3056040
3056596
3056612
3056617
3056622
3056634
3056635
3056675
3056693
3056704
3056721
3056756
3056817
3056832
3056905
3056914
3056937
3056982
3056995
3057029
3057088
3057116
3057123
3057133
3057139
3057172
3057179
3057211
3057213
3057229
3057254
3057262
3057299
3057301
3057303
3057380
3057442
3057479
3057488
3057535
3057552
3057563
3057615
3057621
3057667
3057673
3058710
3058716
3058729
3058730
3058767
3058772
3058782
3058793
3058857
3058985
3059072
3059213
3059218
3059395
3059426
3059458
3059481
3059513
3059531
3059574
3059595
3059641
3059650
3059733
3059762
3059808
3059811
3059841
3059982
3059993
3060000
3060019
3060046
3060056
3060093
3060168
3060212
3060244
3060264
3060265
3060306
3060315
3060345
3060355
3060375
3060385
3060408
3061464
3061543
3061563
3061665
3061684
3061751
3061766
3061808
3061853
3061928
3061947
3061949
3061992
3061995
3062004
3062012
3062053
3062099
3062124
3062153
3062154
3062156
3062158
3062220
3062242
3062282
3062316
3062328
3062336
3062348
3062371
3062373
3062385
3062391
3062396
3062465
3062473
3062488
3062591
3062651
3062664
3062731
3062796
3062825
3062905
3062943
3062952
3062953
3063014
3063070
3063170
3064092
3064093
3064176
3064196
3064226
3064247
3064321
3064349
3064353
3064357
3064362
3064456
3064462
3064486
3064492
3064558
3064568
3064608
3064667
3064675
3064681
3064694
3064702
3064741
3064817
3064936
3064973
3064983
3065095
3065313
3065381
3065395
3065402
3065429
3065448
3065455
3065468
3065473
3065487
3065507
3065560
3065588
3065716
3066871
3066874
3066891
3066931
3066948
3066954
3067016
3067052
3067069
3067088
3067117
3067162
3067170
3067189
3067193
3067265
3067268
3067326
3067327
3067370
3067395
3067435
3067441
3067464
3067479
3067488
3067492
3067515
3067542
3067544
3067546
3067577
3067620
3067621
3067626
3067628
3067656
3067665
3067727
3067745
3067866
3067893
3067907
3067914
3067978
3067994
3068013
3068073
3068106
3068118
3068125
3068159
3068216
3068263
3068314
3068325
3068412
3068421
3068465
3068502
3068560
3069523
3069543
3069578
3069610
3069623
3069789
3069859
3069881
3069899
3069929
3070166
3070167
3070220
3070325
3070392
3070409
3070421
3070451
3070482
3070509
3070573
3070752
3070779
3070858
3071020
3071093
3072230
3072232
3072333
3072402
3072443
3072479
3072482
3072486
3072487
3072537
3072543
3072550
3072637
3072647
3072676
3072686
3072708
3072736
3072750
3072760
3072790
3072814
3072823
3072831
3072851
3072886
3072918
3072927
3072955
3072984
3073064
3073090
3073236
3073259
3073289
3073317
3073346
3073424
3073425
3073450
3073458
3073500
3073503
3073512
3073521
3073647
3073661
3073669
3073762
3073772
3073798
3073961
3074934
3075060
3075067
3075077
3075079
3075088
3075096
3075106
3075109
3075159
3075173
3075197
3075223
3075231
3075278
3075294
3075397
3075430
3075454
3075464
3075479
3075493
3075514
3075552
3075564
3075582
3075600
3075692
3075715
3075790
3075819
3075863
3075868
3075931
3075940
3075965
3075996
3076020
3076021
3076024
3076030
3076041
3076046
3076055
3076097
3076098
3076191
3076219
3076278
3076310
3076316
3076361
3076443
3076467
3076513
3076525
3076700
3077675
3077690
3077705
3077775
3077796
3077806
3077858
3077885
3077953
3077966
3078104
3078117
3078170
3078182
3078183
3078191
3078194
3078202
3078223
3078343
3078385
3078393
3078436
3078458
3078469
3078496
3078555
3078628
3078641
3078771
3078806
3078827
3078873
3078928
3078963
3079012
3079017
3079055
3079057
3079119
3079133
3079151
3079178
3079205
3079216
3079266
3079281
3079315
3079339
3079374
3079917
3080404
3080463
3080551
3080562
3080584
3080616
3080629
3080643
3080645
3080720
3080726
3080779
3080784
3080798
3080819
3080852
3080860
3080891
3080909
3080911
3080950
3081080
3081117
3081127
3081151
3081188
3081211
3081245
3081265
3081272
3081297
3081404
3081419
3081464
3081485
3081580
3081602
3081615
3081629
3081648
3081700
3081759
3081792
3081842
3081845
3081869
3081895
3081921
3081928
3081952
3081963
3082003
3082008
3082088
3082099
3082133
3082468
3083197
3083207
3083240
3083247
3083256
3083265
3083295
3083298
3083312
3083345
3083366
3083418
3083462
3083511
3083566
3083590
3083608
3083611
3083662
3083680
3083717
3083740
3083768
3083775
3083855
3083918
3083967
3083998
3084012
3084025
3084051
3084084
3084100
3084112
3084123
3084166
3084167
3084236
3084255
3084292
3084313
3084317
3084327
3084346
3084378
3084505
3084524
3084601
3084609
3084631
3084725
3084747
3084782
3084785
3085750
3085768
3085805
3085864
3085899
3085912
3085915
3085927
3085950
3085982
3085987
3086016
3086041
3086045
3086090
3086128
3086134
3086150
3086153
3086163
3086171
3086197
3086201
3086233
3086366
3086426
3086429
3086491
3086530
3086540
3086546
3086550
3086582
3086604
3086648
3086659
3086660
3086674
3086747
3086793
3086794
3086804
3086824
3086846
3086876
3086910
3086927
3086945
3087006
3087007
3087009
3087036
3087058
3087075
3087103
3087106
3087158
3087162
3087201
3087203
3087267
3087292
3087319
3087329
3088483
3088490
3088498
3088668
3088670
3088682
3088733
3088744
3088772
3088787
3088844
3088858
3088913
3088915
3088924
3088952
3089000
3089045
3089101
3089122
3089162
3089170
3089172
3089203
3089208
3089213
3089261
3089323
3089349
3089352
3089382
3089428
3089429
3089432
3089458
3089460
3089531
3089548
3089564
3089567
3089583
3089693
3089724
3089743
3089792
3089836
3089854
3089891
3089943
3090011
3090023
3090025
3090152
3090163
3090175
3091237
3091274
3091289
3091299
3091312
3091314
3091359
3091420
3091422
3091448
3091466
3091504
3091542
3091549
3091571
3091579
3091657
3091659
3091695
3091752
3091880
3091924
3091948
3091967
3091968
3091987
3092014
3092051
3092084
3092089
3092126
3092151
3092152
3092163
3092169
3092230
3092238
3092254
3092255
3092268
3092279
3092313
3092320
3092393
3092396
3092400
3092415
3092462
3092464
3092473
3092568
3092605
3092621
3092641
3092669
3092682
3092690
3092742
3092750
3092801
3092859
3092868
3093907
3093912
3093964
3093966
3093969
3094244
3094292
3094306
3094316
3094347
3094357
3094383
3094387
3094406
3094424
3094460
3094468
3094483
3094511
3094515
3094518
3094528
3094531
3094550
3094581
3094592
3094698
3094742
3094754
3094774
3094853
3094858
3094921
3094928
3094946
3094956
3095082
3095100
3095118
3095180
3095188
3095223
3095277
3095299
3095356
3095367
3095373
3095381
3095423
3095433
3095443
3095445
3095457
3095458
3095470
3095586
3096678
3096679
3096697
3096706
3096758
3096759
3096791
3096809
3096823
3096838
3096883
3096926
3096933
3096964
3096997
3097015
3097023
3097027
3097105
3097156
3097193
3097197
3097208
3097220
3097240
3097260
3097361
3097371
3097404
3097418
3097419
3097462
3097468
3097489
3097490
3097496
3097511
3097517
3097522
3097523
3097532
3097567
3097613
3097618
3097667
3097717
3097761
3097762
3097768
3097790
3097833
3097851
3097909
3097915
3097950
3097979
3098031
3098058
3098097
3098098
3098191
3098193
3098227
3098245
3098255
3098262
3098271
3098341
3098918
3099352
3099401
3099435
3099479
3099505
3099508
3099569
3099654
3099674
3099733
3099746
3099757
3099768
3099792
3099806
3099809
3099824
3099870
3099896
3099901
3099914
3099971
3099992
3099997
3100029
3100057
3100081
3100128
3100133
3100144
3100157
3100160
3100186
3100188
3100274
3100310
3100319
3100320
3100323
3100327
3100369
3100397
3100406
3100438
3100445
3100476
3100499
3100517
3100519
3100520
3100539
3100574
3100593
3100603
3100625
3100741
3100748
3100775
3100797
3100802
3100808
3100811
3100849
3100871
3100892
3102060
3102086
3102116
3102148
3102215
3102220
3102270
3102331
3102342
3102353
3102379
3102404
3102405
3102430
3102487
3102488
3102549
3102554
3102600
3102611
3102676
3102715
3102742
3102825
3102831
3102852
3102897
3102926
3102936
3102989
3102992
3103003
3103305
3103312
3103313
3103340
3103364
3103375
3103378
3103396
3103415
3103459
3103478
3103551
3103568
3103572
3103619
3103674
3103691
3104754
3104783
3104923
3104934
3104948
3104980
3104996
3105008
3105028
3105029
3105124
3105159
3105243
3105250
3105260
3105320
3105342
3105408
3105420
3105446
3105465
3105488
3105545
3105647
3105709
3105724
3105823
3105834
3105838
3105902
3105938
3105941
3105998
3106007
3106018
3106021
3106025
3106037
3106051
3106066
3106257
3106282
3106285
3106289
3106346
3106367
3107192
3107251
3107278
3107289
3107296
3107300
3107331
3107361
3107412
3107449
3107458
3107467
3107501
3107569
3107632
3107651
3107673
3107732
3107758
3107800
3107819
3107837
3107838
3108001
3108005
3108022
3108024
3108517
3108606
3108607
3108655
3108667
3108741
3108742
3108940
3108943
3108988
3108996
3109051
3109111
3109129
3109445
3109466
3110516
3110517
3110536
3110538
3110565
3110609
3110711
3110825
3110855
3110961
3110963
3110978
3111037
3111069
3111078
3111120
3111131
3111154
3111167
3111185
3111200
3111205
3111216
3111235
3111243
3111265
3111289
3111345
3111443
3111445
3111461
3111487
3111521
3111577
3111592
3111593
3111599
3111614
3111665
3111682
3111698
3111714
3111744
3111796
3111816
3111817
3111860
3111895
3111934
3112004
3112029
3112045
3112049
3112138
3113289
3113314
3113361
3113397
3113419
3113421
3113445
3113475
3113536
3113542
3113559
3113600
3113686
3113693
3113714
3113729
3113735
3113741
3113764
3113812
3113817
3113819
3113833
3113942
3113975
3113978
3114005
3114009
3114047
3114160
3114166
3114170
3114183
3114186
3114277
3114331
3114433
3114454
3114480
3114493
3115774
3115784
3115822
3115838
3115839
3115843
3115874
3115880
3115946
3115950
3116103
3116108
3116112
3117017
3117056
3117084
3117289
3117291
3117324
3117356
3117370
3117424
3117442
3117451
3117465
3117478
3117482
3117507
3117541
3117648
3117680
3117709
3117840
3117842
3117851
3117876
3117877
3117915
3117929
3117932
3117938
3117940
3117970
3118003
3118008
3118014
3118017
3118030
3118071
3118079
3118117
3118146
3118176
3118211
3118223
3118235
3118276
3118317
3118319
3118332
3118338
3118343
3118366
3118375
3118394
3118418
3118448
3118450
3118461
3118467
3118521
3118561
3118597
3118604
3118645
3119752
3119762
3119775
3119790
3119849
3119858
3119900
3120028
3120095
3120102
3120136
3120164
3120221
3120240
3120259
3120272
3120408
3120434
3120450
3120477
3120485
3120496
3120510
3120535
3120543
3120816
3120860
3120877
3120897
3120930
3120962
3120966
3120977
3120979
3121122
3121162
3121310
3121313
3121811
3122421
3122424
3122429
3122454
3122458
3122496
3122506
3122521
3122542
3122577
3122590
3122659
3122676
3122684
3122726
3122756
3122761
3122763
3122800
3122811
3122820
3122867
3122931
3122939
3123002
3123008
3123010
3123027
3123029
3123031
3123052
3123054
3123077
3123147
3123179
3123203
3123257
3123272
3123309
3123321
3123326
3123335
3123419
3123479
3123509
3123513
3123536
3123554
3123570
3123574
3123579
3123635
3123667
3123684
3123685
3123691
3123719
3123765
3123840
3123851
3123895
3123905
3123926
3123947
3124033
3124076
3125093
3125128
3125144
3125145
3125154
3125157
3125199
3125209
3125244
3125251
3125313
3125367
3125445
3125453
3125465
3125488
3125534
3125537
3125551
3125574
3125590
3125610
3125617
3125639
3125658
3125663
3125692
3125712
3125744
3125757
3125766
3125776
3125777
3125790
3125896
3125897
3125929
3125998
3126000
3126018
3126022
3126072
3126204
3126210
3126211
3126246
3126276
3126279
3126294
3126434
3126445
3126521
3126552
3126564
3126580
3126596
3126654
3126677
3126723
3126765
3127873
3127894
3127905
3128068
3128088
3128093
3128114
3128132
3128198
3128232
3128238
3128248
3128266
3128270
3128303
3128311
3128319
3128330
3128372
3128402
3128405
3128476
3128477
3128488
3128522
3128532
3128561
3128570
3128592
3128593
3128673
3128716
3128721
3128723
3128733
3128766
3128767
3128776
3128790
3128805
3128821
3128891
3128920
3128924
3128986
3129019
3129099
3129109
3129154
3129188
3129214
3129259
3129409
3130670
3130674
3130678
3130719
3130732
3130734
3130743
3130749
3130768
3130774
3130852
3130892
3130931
3130939
3130969
3130991
3131058
3131130
3131167
3131195
3131199
3131220
3131267
3131301
3131359
3131383
3131396
3131429
3131492
3131510
3131519
3131542
3131600
3131614
3131630
3131637
3131656
3131669
3131706
3131761
3131839
3131864
3131896
3132015
3132070
3132098
3132129
3132130
3132149
3132169
3132176
3132183
3133273
3133283
3133321
3133322
3133331
3133335
3133336
3133358
3133466
3133499
3133504
3133538
3133539
3133615
3133619
3133622
3133643
3133646
3133666
3133711
3133717
3133762
3133795
3133802
3133846
3133888
3133953
3133962
3134066
3134068
3134078
3134109
3134111
3134160
3134162
3134163
3134183
3134184
3134191
3134200
3134215
3134286
3134372
3134395
3134451
3134454
3134459
3134460
3134510
3134577
3134618
3134640
3134641
3134647
3134658
3134661
3134705
3134709
3134792
3134816
3134840
3134841
3134862
3134876
3135969
3135973
3136082
3136125
3136127
3136236
3136265
3136271
3136297
3136308
3136345
3136364
3136366
3136368
3136408
3136410
3136413
3136430
3136441
3136480
3136493
3136520
3136562
3136570
3136595
3136842
3136845
3136849
3136866
3136951
3136965
3136969
3137014
3137064
3137078
3137104
3137125
3137171
3137202
3137257
3137272
3137303
3137316
3137343
3137360
3137375
3137416
3137459
3137571
3137572
3137615
3137619
3138841
3138887
3138944
3138952
3139055
3139101
3139126
3139143
3139153
3139291
3139293
3139294
3139300
3139325
3139339
3139384
3139408
3139416
3139447
3139462
3139556
3139654
3139710
3139772
3139872
3139924
3139942
3139955
3139963
3139969
3139982
3140099
3140224
3140245
3140252
3140306
3140319
3140333
3140345
3142211
3142233
3142301
3142343
3142417
3142458
3142692
3142719
3142738
3142766
3142819
3142856
3142874
3142912
3142965
3143030
3143077
3143453
3143466
3143831
3143870
3143979
3143981
3143997
3144005
3144055
3144161
3144167
3144181
3144234
3144362
3144481
3144627
3144666
3144681
3144693
3144770
3144822
3144824
3144840
3144857
3144861
3144892
3144909
3145029
3145044
3145109
3145126
3147161
3147211
3147336
3147342
3147423
3147437
3147604
3147619
3147757
3147769
3147777
3147826
3147959
3148213
3148221
3148297
3148353
3148390
3148471
3148656
3148665
3148714
3148725
3148775
3148779
3148781
3148809
3148811
3148899
3148901
3148904
3148939
3148959
3148961
3148984
3149131
3149192
3149216
3149233
3149339
3149354
3149360
3149462
3149616
3149950
3150045
3150051
3150067
3150478
3152515
3152642
3152649
3152694
3152700
3152782
3152864
3152970
3153056
3153060
3153213
3153282
3153351
3153420
3153437
3153516
3153527
3153548
3153566
3154047
3154070
3154139
3154145
3154154
3154225
3154316
3154339
3154345
3154369
3154385
3154402
3154404
3154452
3154475
3154496
3154498
3154536
3154595
3154604
3154608
3154643
3154653
3154674
3154690
3154715
3154718
3154812
3154822
3154853
3154953
3155018
3155071
3155074
3155117
3155138
3155237
3156414
3156443
3156444
3156471
3156515
3156645
3156656
3156658
3156680
3156681
3156705
3156727
3156741
3156750
3156821
3156866
3156868
3156872
3156878
3156894
3156907
3156976
3157081
3157085
3157127
3157130
3157174
3157251
3157281
3157318
3157340
3157346
3157349
3157362
3157387
3157398
3157425
3157573
3157659
3157688
3157690
3157750
3157754
3157809
3157811
3157812
3157850
3157884
3157894
3159245
3159250
3159295
3159303
3159366
3159373
3159376
3159397
3159454
3159463
3159488
3159497
3159591
3159593
3159601
3159662
3159695
3159746
3159753
3159876
3159892
3159899
3159911
3159942
3159970
3160027
3160037
3160086
3160090
3160107
3160168
3160174
3160185
3160328
3160329
3160347
3160421
3160427
3160429
3160442
3160445
3160465
3160470
3160522
3160545
3160558
3160564
3160605
3160618
3160642
3160645
3160654
3160665
3160792
3160811
3160817
3160820
3160823
3160829
3161896
3161897
3161911
3161943
3161968
3161977
3161978
3161979
3161994
3161995
3161996
3162022
3162107
3162108
3162124
3162143
3162149
3162202
3162239
3162246
3162266
3162293
3162304
3162316
3162341
3162397
3162411
3162434
3162447
3162503
3162538
3162554
3162577
3162587
3162607
3162617
3162621
3162625
3162641
3162647
3162675
3162691
3162698
3162728
3162757
3162773
3162817
3162823
3162839
3162867
3162927
3162985
3163057
3163070
3163111
3163113
3163116
3163125
3163137
3163179
3163188
3163214
3163220
3163240
3163269
3163272
3163284
3163374
3163386
3163399
3164629
3164695
3164697
3164750
3164826
3164828
3164889
3164891
3164927
3164929
3164951
3165051
3165098
3165115
3165225
3165243
3165263
3165264
3165273
3165287
3165290
3165303
3165332
3165344
3165397
3165439
3165477
3165519
3165590
3165614
3165617
3165636
3165646
3165658
3165701
3165745
3165763
3165803
3165826
3165859
3165912
3165951
3165970
3165998
3165999
3166063
3166072
3166101
3166114
3166149
3166186
3166249
3166257
3167351
3167411
3167418
3167433
3167439
3167461
3167478
3167587
3167603
3167616
3167644
3167675
3167777
3167853
3167863
3167878
3167895
3167935
3167948
3167961
3167974
3168000
3168138
3168193
3168210
3168256
3168263
3168296
3168314
3168329
3168339
3168397
3168440
3168458
3168471
3168518
3168556
3168562
3168582
3168589
3168599
3168643
3168648
3168711
3168757
3168789
3168803
3168815
3168822
3168849
3168866
3168933
3168947
3168970
3169009
3169646
3170100
3170126
3170127
3170239
3170294
3170318
3170321
3170345
3170353
3170383
3170399
3170417
3170419
3170500
3170509
3170549
3170570
3170605
3170695
3170707
3170713
3170735
3170786
3170807
3170885
3170890
3170897
3170932
3171083
3171107
3171111
3171120
3171129
3171138
3171142
3171171
3171176
3171187
3171213
3171228
3171243
3171256
3171278
3171316
3171350
3171388
3171426
3171481
3171490
3171516
3171517
3171520
3171557
3171569
3171576
3171590
3171642
3171758
3172875
3172881
3172895
3172904
3172906
3172914
3172934
3172943
3172958
3172968
3172981
3172993
3172996
3173012
3173087
3173127
3173175
3173191
3173207
3173248
3173268
3173313
3173322
3173325
3173455
3173515
3173536
3173560
3173569
3173626
3173640
3173700
3173707
3173757
3173761
3173816
3173818
3173829
3173844
3173903
3173943
3173951
3173960
3173986
3174028
3174061
3174075
3174097
3174102
3174107
3174125
3174134
3174191
3174199
3174253
3174302
3174318
3174384
3174386
3174466
3174476
3175601
3175631
3175662
3175737
3175762
3175774
3175790
3175826
3175871
3175906
3175960
3175997
3176022
3176040
3176047
3176089
3176093
3176104
3176106
3176152
3176158
3176169
3176191
3176199
3176214
3176251
3176263
3176319
3176339
3176365
3176377
3176444
3176463
3176491
3176596
3176617
3176642
3176674
3176704
3176735
3176738
3176742
3176756
3176761
3176764
3176768
3176784
3176809
3176869
3176880
3176883
3176886
3176951
3176953
3176971
3177021
3177064
3178326
3178455
3178468
3178516
3178531
3178557
3178558
3178581
3178595
3178655
3178660
3178679
3178716
3178820
3178866
3178884
3178893
3178905
3178930
3178942
3178959
3178976
3178991
3179008
3179014
3179037
3179050
3179052
3179065
3179135
3179151
3179162
3179168
3179205
3179212
3179236
3179277
3179309
3179314
3179357
3179401
3179438
3179473
3179480
3179482
3179497
3179499
3179522
3179544
3179594
3179607
3179622
3179624
3179634
3179682
3179706
3179712
3179809
3179852
3179873
3179916
3179959
3179979
3180986
3181147
3181149
3181172
3181191
3181236
3181264
3181279
3181286
3181319
3181400
3181401
3181511
3181538
3181566
3181598
3181631
3181643
3181650
3181668
3181697
3181708
3181762
3181772
3181799
3181833
3181839
3181867
3181878
3181896
3181930
3181965
3181970
3182060
3182063
3182100
3182130
3182199
3182325
3182436
3182478
3182490
3182526
3182529
3182672
3183849
3183852
3183866
3183891
3183903
3183905
3183922
3183949
3183965
3184004
3184070
3184097
3184099
3184122
3184125
3184157
3184163
3184193
3184244
3184285
3184333
3184340
3184349
3184354
3184375
3184472
3184476
3184483
3184498
3184523
3184524
3184554
3184561
3184584
3184608
3184637
3184677
3184783
3184824
3184841
3184852
3184857
3184884
3184912
3184971
3185011
3185020
3185034
3185037
3185044
3185058
3185095
3185109
3185116
3185160
3185174
3185217
3185225
3185230
3185232
3185317
3185319
3186518
3186593
3186616
3186697
3186716
3186730
3186830
3186850
3186860
3186867
3186997
3186999
3187024
3187037
3187053
3187064
3187081
3187088
3187166
3187183
3187199
3187221
3187236
3187262
3187287
3187303
3187371
3187375
3187394
3187401
3187415
3187421
3187453
3187471
3187483
3187491
3187498
3187527
3187544
3187560
3187563
3187606
3187650
3187661
3187672
3187676
3187729
3187745
3187766
3187783
3187840
3187850
3187892
3187905
3187913
3187917
3187976
3187991
3188007
3188017
3188073
3188078
3188110
3188113
3189230
3190318
3190420
3190482
3190513
3190678
3190682
3190766
3190819
3190846
3190848
3192020
3192138
3192202
3192336
3192347
3192478
3192494
3192575
3192580
3192630
3192758
3192773
3192794
3192836
3192838
3192859
3192879
3192932
3192955
3193063
3193089
3193116
3193124
3193150
3193275
3193420
3193571
3194790
3194802
3194827
3194879
3195097
3195116
3195121
3195148
3195176
3195180
3195228
3195239
3195275
3195322
3195383
3195415
3195428
3195465
3195475
3195495
3195519
3195536
3195564
3195612
3195651
3195842
3195878
3195899
3195946
3196029
3196061
3196062
3196065
3196085
3196118
3196184
3196189
3196211
3196260
3196286
3196309
3196333
3196348
3196358
3196402
3197638
3197687
3197876
3197953
3197967
3197968
3197999
3198044
3198115
3198306
3198312
3198328
3198336
3198415
3198423
3198444
3198446
3198461
3198478
3198490
3198561
3198563
3198592
3198682
3198725
3198806
3198929
3199001
3199008
3199096
3199125
3199216
3199251
3199661
3199824
3199837
3199854
3200273
3200441
3200449
3200538
3200554
3200585
3200609
3200689
3200702
3200792
3200806
3200844
3203154
3203220
3203231
3203294
3203910
3204096
3204105
3204125
3204153
3204235
3204261
3204289
3204294
3204323
3204373
3204390
3208349
3208366
3208368
3208414
3208430
3208503
3208635
3209174
3209185
3209218
3209280
3209349
3209462
3209464
3209814
3209835
3211018
3213324
3213762
3213823
3213864
3213953
3213959
3213984
3214004
3214011
3214054
3214145
3214180
3214223
3214309
3214394
3214423
3214466
3214474
3214492
3214499
3214567
3214624
3214733
3214755
3214825
3214850
3214990
3215001
3215056
3215246
3215271
3215321
3215364
3215375
3215459
3215505
3215677
3215685
3215697
3215716
3215733
3215785
3215882
3215927
3216005
3216024
3216039
3216065
3216117
3216126
3216169
3216185
3216332
3216356
3216381
3216422
3216451
3216461
3216466
3218731
3218859
3218892
3218974
3219036
3219046
3219311
3219314
3219423
3219442
3219448
3219458
3219512
3219523
3219633
3219721
3219903
3219965
3219996
3220056
3220185
3220235
3220254
3220341
3220507
3220557
3220572
3220609
3220641
3220655
3220693
3220795
3220864
3220892
3220894
3221005
3221036
3221047
3221109
3221165
3221190
3221242
3221263
3221330
3221382
3221450
3221496
3221584
3221607
3221675
3221712
3221793
3221822
3221873
3223922
3224025
3224033
3224042
3224048
3224069
3224132
3224171
3224300
3224501
3224769
3224796
3224864
3224945
3224948
3224997
3225118
3225204
3225213
3225301
3225328
3225396
3225406
3225516
3225549
3225568
3225586
3225605
3225685
3225693
3225704
3225724
3225777
3225792
3225866
3225873
3225959
3225965
3226023
3226050
3226062
3226085
3226108
3226227
3226256
3226441
3226466
3226603
3226647
3226650
3226734
3226766
3226776
3226838
3226968
3227001
3229113
3229115
3229132
3229180
3229184
3229219
3229351
3229353
3229378
3229450
3229454
3229484
3229517
3229604
3229703
3229721
3229738
3229742
3229744
3229781
3229885
3229938
3229940
3230051
3230213
3230221
3230259
3230262
3230397
3230416
3230422
3230472
3230588
3230640
3230682
3230756
3230870
3231222
3231344
3231425
3231468
3231481
3231504
3231529
3231570
3231604
3231628
3231717
3231754
3231888
3231983
3232115
3232119
3232150
3232161
3232222
3234507
3234513
3234702
3234742
3234755
3234971
3234990
3235026
3235052
3235112
3235153
3235233
3235318
3235433
3235462
3235464
3235466
3235493
3235562
3235589
3235614
3235623
3235640
3235663
3235674
3235688
3235698
3235770
3235831
3235839
3235857
3235958
3235962
3235984
3236077
3236104
3236105
3236126
3236311
3236317
3236357
3236571
3236674
3236742
3236746
3236757
3236784
3236820
3236893
3236951
3236959
3237037
3237148
3237152
3237168
3237176
3237205
3237301
3237440
3237454
3239583
3239632
3239644
3239715
3239734
3239787
3239844
3239868
3239900
3239904
3239910
3239939
3239941
3240001
3240003
3240145
3240195
3240219
3240239
3240241
3240330
3240389
3240412
3240543
3240623
3240664
3240731
3240809
3240996
3241059
3241108
3241337
3241347
3241401
3241520
3241662
3241708
3241797
3241825
3241884
3241980
3242002
3242005
3242011
3242129
3242161
3242247
3242433
3244361
3244452
3244485
3244509
3244562
3244648
3244651
3244671
3244701
3244702
3244733
3244841
3244904
3244949
3244953
3244968
3244969
3245039
3245105
3245109
3245152
3245186
3245221
3245338
3245365
3245379
3245463
3245521
3245569
3245604
3245653
3245679
3245719
3245743
3245761
3245771
3245816
3245822
3245829
3245864
3245907
3245911
3245941
3245969
3246072
3247322
3247325
3247351
3247360
3247405
3247415
3247417
3247433
3247477
3247540
3247549
3247569
3247570
3247588
3247614
3247618
3247635
3247676
3247711
3247716
3247739
3247813
3247836
3247840
3247851
3247881
3247894
3247940
3247948
3247968
3247982
3248006
3248052
3248118
3248151
3248168
3248209
3248219
3248292
3248320
3248366
3248434
3248485
3248506
3248542
3248551
3248559
3248576
3248581
3248595
3248598
3248666
3248681
3248689
3248700
3248746
3248757
3248766
3249954
3249969
3250040
3250073
3250076
3250123
3250194
3250275
3250339
3250345
3250349
3250444
3250448
3250503
3250563
3250584
3250609
3250692
3250769
3250781
3250790
3250836
3250844
3250925
3250930
3250967
3250974
3250977
3250981
3250989
3250992
3251114
3251147
3251149
3251245
3251254
3251265
3251328
3251379
3251541
3251567
3252654
3252681
3252864
3252909
3252934
3253036
3253218
3253359
3253379
3253444
3253523
3253532
3253727
3253730
3253787
3253821
3253851
3253871
3253900
3253911
3253941
3253953
3253974
3253992
3254013
3254055
3254098
3254114
3254132
3254140
3254148
3254189
3254204
3254211
3255393
3255443
3255452
3255484
3255486
3255534
3255650
3255669
3255697
3255700
3255760
3255835
3255861
3255872
3255895
3255919
3255932
3255933
3256038
3256049
3256114
3256178
3256213
3256317
3256359
3256379
3256393
3256394
3256422
3256432
3256448
3256477
3256485
3256534
3256538
3256556
3256564
3256574
3256575
3256658
3256671
3256737
3256740
3256832
3256863
3256884
3256899
3256920
3256969
3258080
3258189
3258265
3258310
3258319
3258327
3258337
3258345
3258437
3258465
3258521
3258522
3258564
3258622
3258709
3258798
3258799
3258810
3259114
3259145
3259198
3259207
3259246
3259308
3259337
3259352
3259406
3259420
3259426
3259430
3259431
3259457
3259463
3259481
3259493
3259509
3259617
3259638
3259652
3259654
3259767
3260886
3260887
3260898
3260900
3261012
3261027
3261043
3261048
3261100
3261103
3261530
3261543
3261593
3261608
3261628
3261629
3261701
3261712
3261729
3261743
3261746
3261773
3261807
3261818
3261859
3261894
3261920
3261931
3261937
3261974
3261981
3261998
3262112
3262132
3262142
3262164
3262172
3262178
3262222
3262229
3262253
3262265
3262360
3262365
3262395
3262489
3263676
3263683
3263684
3263693
3263726
3263750
3263839
3263847
3263866
3263885
3263901
3263975
3264003
3264029
3264039
3264040
3264065
3264108
3264116
3264145
3264159
3264167
3264245
3264262
3264275
3264278
3264301
3264306
3264375
3264436
3264459
3264511
3264529
3264730
3264740
3264746
3264754
3264757
3264804
3264918
3264959
3265011
3265073
3265287
3265295
3265453
3265520
3265533
3265567
3265613
3265641
3265698
3265912
3265918
3265938
3265950
3267959
3267963
3268080
3268238
3268285
3268360
3268365
3268383
3268385
3268433
3268452
3268470
3268545
3268579
3268662
3268787
3269002
3269159
3269295
3269363
3269378
3269434
3269454
3269466
3269477
3269508
3269510
3269538
3269574
3269609
3269712
3269722
3269750
3269878
3269890
3269896
3269898
3269910
3269959
3269965
3269966
3270079
3270081
3270264
3270269
3270307
3270317
3270409
3270704
3270729
3270981
3271073
3273302
3273306
3273521
3273689
3273705
3273779
3273804
3273884
3273940
3274091
3274147
3274176
3274194
3274356
3274422
3274439
3274539
3274566
3274803
3275009
3275053
3275122
3275163
3275168
3275287
3275362
3275393
3275511
3275528
3275538
3275951
3276109
3276178
3276528
3278743
3322988
3323012
3323037
3323133
3323386
3323892
3330479
3330706
3331175
3331186
3331759
3331804
3332326
3332365
3332381
3332416
3332470
3334509
3334701
3334753
3334763
3334846
3336074
3336093
3336124
3336164
3340354
3341590
3341766
3341833
3341861
3341889
3341967
3342012
3342070
3342074
3342136
3342238
3342373
3342460
3342482
3342543
3342556
3342648
3342651
3342675
3342699
3342715
3342717
3342770
3342777
3342816
3342817
3342820
3342828
3342898
3342926
3342938
3342966
3342989
3343006
3343070
3343105
3343131
3343135
3343140
3343161
3343162
3343216
3343257
3343302
3343313
3343335
3343374
3343377
3343450
3343487
3343491
3343531
3343590
3343595
3343624
3343642
3343659
3343664
3343690
3343694
3343722
3343792
3343819
3343875
3343889
3343894
3343896
3343938
3343979
3344026
3344034
3344042
3344060
3344061
3344091
3344114
3344156
3344158
3344166
3344230
3344231
3344242
3344244
3344278
3344280
3344347
3344357
3344387
3344398
3344472
3344531
3344555
3344568
3344582
3344600
3344615
3344627
3344668
3344700
3344702
3344707
3344719
3344744
3344751
3344763
3344819
3344835
3344848
3344853
3344908
3344934
3344959
3345001
3345042
3345063
3345102
3345120
3345148
3345155
3345163
3345193
3345238
3345266
3345303
3345405
3345448
3345458
3345463
3345468
3345493
3345552
3345579
3345587
3345611
3345649
3345715
3345741
3345755
3345756
3345764
3345774
3345817
3345818
3345855
3345895
3345924
3345933
3345953
3346022
3346035
3346040
3346080
3346097
3346109
3346123
3346144
3346155
3346197
3346315
3346364
3346397
3346406
3346514
3346523
3346537
3346560
3346567
3346582
3346621
3346625
3346658
3346668
3346701
3346756
3346798
3346876
3346976
3347023
3347228
3347234
3347255
3347273
3347290
3347308
3347313
3347354
3347372
3347399
3347455
3347479
3347627
3347639
3347659
3347680
3347709
3347759
3347776
3347786
3347792
3347833
3347928
3348023
3348126
3348181
3348278
3348296
3348558
3348598
3348607
3348962
3350873
3351809
3351922
3351947
3351954
3351997
3352085
3352102
3352121
3352219
3352271
3352278
3352341
3352365
3352394
3352448
3352469
3352496
3352558
3352571
3352596
3352598
3352625
3352659
3352731
3352748
3352780
3352874
3352947
3352973
3352981
3353017
3353079
3353111
3353206
3353292
3353309
3353323
3353336
3353349
3353352
3353398
3353403
3353421
3353454
3353465
3353507
3353510
3353525
3353526
3353585
3353607
3353622
3353687
3353721
3353752
3353781
3353783
3353879
3353915
3353950
3353976
3353996
3354004
3354032
3354034
3354042
3354083
3354132
3354135
3354169
3354173
3354235
3354334
3354357
3354400
3354416
3354449
3354474
3354496
3354506
3354508
3354512
3354564
3354617
3354649
3354653
3354661
3354672
3354680
3354692
3354713
3354752
3354753
3354758
3354774
3354789
3354795
3354817
3354913
3354930
3354931
3354932
3354961
3354988
3355023
3355114
3355140
3355161
3355179
3355251
3355295
3356432
3356444
3356536
3356662
3356806
3356829
3356841
3356885
3356906
3356943
3357130
3357173
3357223
3357274
3357623
3357669
3357819
3357843
3358481
3358499
3358525
3358537
3358550
3358570
3358588
3358640
3358727
3358940
3359010
3359017
3359102
3359104
3359200
3359235
3359305
3359316
3359408
3359425
3359435
3359479
3359485
3359487
3359493
3359545
3359563
3359566
3359576
3359606
3359671
3359698
3359719
3359742
3359744
3359826
3359863
3359918
3359934
3359988
3359996
3360071
3360148
3360176
3360182
3360191
3360254
3360259
3360307
3360385
3360401
3360468
3360473
3360602
3360621
3360736
3360745
3360852
3360864
3360937
3360938
3360955
3361060
3361066
3361067
3361184
3361221
3361222
3361379
3361406
3361429
3361463
3361492
3361498
3361530
3361549
3361657
3361739
3362065
3362118
3362295
3362359
3362413
3362425
3362488
3362500
3362646
3362787
3362900
3362908
3362925
3362949
3362968
3362997
3363080
3363115
3363121
3363200
3363266
3363316
3363453
3363553
3363565
3363609
3363616
3363645
3363717
3363718
3363750
3363790
3363800
3363822
3363858
3363877
3363923
3363947
3364137
3364160
3364167
3364180
3364185
3364201
3364244
3364423
3364505
3364567
3364600
3364614
3364643
3364668
3364816
3364838
3364866
3364909
3364989
3365054
3365061
3365071
3365090
3365128
3365183
3365252
3365359
3365516
3365517
3365549
3365563
3365583
3365630
3365649
3365684
3365689
3365713
3365762
3365783
3365816
3365851
3365983
3366054
3366060
3366109
3366110
3366125
3366225
3366236
3366356
3366389
3366515
3366519
3366521
3366544
3366551
3366579
3366590
3366672
3366675
3366711
3366735
3366795
3366814
3366830
3366842
3366857
3366910
3366929
3366969
3366991
3366992
3367002
3367032
3367057
3367060
3367117
3367122
3367135
3367186
3367239
3367283
3367320
3367398
3367428
3367432
3367448
3367481
3367505
3367556
3367575
3367585
3367605
3367642
3367653
3367700
3367711
3367813
3367818
3367905
3367924
3367950
3368020
3368036
3368086
3368115
3368124
3368184
3368219
3368259
3368293
3368314
3368392
3368450
3368546
3368556
3368597
3368628
3368678
3368731
3368851
3368866
3373602
3373628
3373636
3373759
3373838
3373850
3373898
3373899
3373907
3373927
3374097
3374102
3374118
3374217
3374265
3374275
3374289
3374321
3374333
3374365
3374441
3374449
3374452
3374517
3374529
3374550
3374603
3374631
3374651
3374670
3374753
3374801
3374806
3374898
3374929
3375016
3375027
3375100
3375169
3375189
3375198
3375200
3375242
3375261
3375274
3375281
3375286
3375309
3375336
3375353
3375401
3375455
3375542
3375576
3375597
3375614
3375642
3375652
3375685
3375798
3375890
3375898
3375931
3376027
3376102
3376145
3376167
3376170
3376270
3376272
3376337
3376338
3376415
3376436
3376439
3376446
3376619
3376664
3376775
3376788
3376886
3376892
3376896
3376903
3376914
3376929
3377120
3377166
3377280
3377301
3377367
3377395
3377402
3377406
3377419
3377425
3377443
3377508
3377565
3377583
3377632
3377650
3377762
3377819
3377821
3377835
3377855
3377880
3377900
3377903
3377911
3377997
3377998
3378123
3378164
3378188
3378232
3378269
3378284
3378287
3378291
3378296
3378329
3378395
3378524
3378525
3378539
3378556
3378572
3378578
3378587
3378592
3378595
3378599
3378604
3378626
3378699
3378775
3378778
3378824
3378831
3378954
3378979
3378987
3379040
3379092
3379098
3379128
3379131
3379144
3379156
3379174
3379188
3379192
3379313
3379405
3379569
3379731
3379806
3379833
3379835
3379935
3379956
3380346
3380524
3380579
3380646
3380675
3380724
3380943
3381038
3381081
3381127
3381174
3381391
3381438
3381478
3381683
3381752
3381849
3381992
3381999
3382021
3382082
3382212
3382408
3382640
3382652
3382685
3382773
3382845
3382924
3382953
3383048
3383072
3383264
3383527
3383566
3383676
3383804
3383820
3383834
3383873
3383879
3384014
3384132
3384204
3384343
3384361
3384580
3384606
3384712
3384882
3384960
3385066
3385101
3385123
3385176
3385247
3385261
3385275
3385380
3385404
3385517
3385559
3385600
3385648
3385650
3385670
3385696
3385704
3385707
3385758
3385792
3385872
3385889
3385937
3385964
3386031
3386046
3386053
3386058
3386083
3386111
3386116
3386128
3386323
3386383
3386391
3386420
3386496
3386617
3386623
3386626
3386654
3386655
3386680
3386687
3386712
3386736
3386738
3386816
3386830
3386873
3386877
3386909
3386924
3386934
3386995
3387076
3387080
3387111
3387114
3387133
3387151
3387167
3387242
3387279
3387283
3387311
3387370
3387423
3387449
3387523
3387543
3387550
3387551
3387570
3387596
3387604
3387609
3387667
3387687
3387722
3387786
3387825
3387843
3387861
3387901
3387931
3387956
3387978
3387979
3388114
3388149
3388153
3388168
3388170
3388178
3388358
3388370
3388492
3388515
3388541
3388549
3388571
3388628
3388657
3388788
3388813
3388845
3388856
3388898
3388910
3388916
3388946
3389043
3389047
3389162
3389189
3389280
3389357
3389364
3389403
3389406
3389418
3389437
3389489
3389498
3389527
3389567
3389587
3389621
3389678
3389717
3389733
3389736
3389748
3389765
3389830
3389874
3389882
3389910
3389926
3389956
3389975
3390022
3390074
3390085
3390090
3390109
3390143
3390147
3390155
3390164
3390277
3390340
3390378
3390404
3390412
3390547
3390625
3390724
3390764
3390767
3390838
3390962
3391085
3391116
3391230
3391261
3391268
3391316
3395223
3395272
3395390
3395395
3395422
3395461
3395505
3395616
3395631
3395663
3395710
3395730
3395842
3395936
3395956
3395958
3395960
3395982
3395988
3395989
3396040
3396042
3396108
3396133
3396194
3396255
3396375
3396463
3396527
3396540
3396555
3396557
3396570
3396595
3396607
3396610
3396621
3396629
3396644
3396653
3396739
3396752
3396765
3396786
3396803
3396881
3396931
3396955
3397013
3397021
3397027
3397042
3397054
3397058
3397198
3397229
3397236
3397248
3397296
3397321
3397362
3397382
3397423
3397472
3397509
3397581
3397605
3397688
3397771
3397817
3397888
3397950
3397966
3398133
3398171
3398364
3398375
3398497
3398884
3398957
3399240
3399372
3399700
3399705
3399710
3399722
3399725
3399735
3399801
3399844
3399884
3400184
3400333
3400376
3400504
3400534
3400673
3400679
3400748
3400957
3400989
3400997
3401121
3401205
3401220
3401282
3401287
3401303
3401406
3401432
3401564
3401603
3401607
3401627
