2979139
2979212
2979775
3035359
3035809
3035898
3035927
3036005
3036197
3036339
3037904
3038125
3038277
3038334
3038487
3038603
3038710
3039039
3039207
3040382
3040767
3041090
3041206
3041270
3041482
3041691
3041772
3041788
3041944
3041972
3043354
3043381
3043811
3043978
3044050
3044221
3044600
3045709
3045759
3045934
3046027
3046066
3046305
3046373
3046402
3046666
3046713
3046719
3046761
3046766
3046837
3047110
3047123
3047355
3047391
3048436
3048485
3048639
3048702
3048877
3049025
3049376
3049506
3050001
3051140
3051240
3051632
3051642
3051925
3052131
3052135
3052243
3052296
3052344
3052354
3052420
3052424
3052834
3054744
3054890
3055085
3055511
3055926
3055928
3056050
3056758
3056775
3056815
3056861
3056948
3057001
3057112
3057179
3057349
3057397
3058710
3058758
3058880
3059803
3059847
3060068
3060220
3061677
3061682
3062186
3062471
3062477
3062592
3062913
3062995
3064263
3064501
3064514
3064528
3064587
3064903
3065010
3065080
3065358
3065483
3065791
3066878
3066944
3067104
3067428
3067461
3067599
3067618
3067631
3067662
3067809
3067960
3067967
3068041
3068088
3068091
3068160
3068189
3068219
3068303
3069784
3069903
3069920
3072382
3073321
3073424
3073597
3073648
3073707
3073949
3075104
3075264
3075423
3075639
3075722
3075741
3075889
3076059
3076380
3077673
3077782
3077858
3077868
3077935
3077961
3077963
3078230
3078451
3078602
3078685
3078837
3078933
3079049
3079209
3079284
3080383
3080636
3080667
3080744
3081109
3081149
3081306
3081485
3081577
3081792
3081946
3083240
3083470
3083550
3083770
3083845
3084075
3084239
3086169
3086309
3086370
3086382
3086703
3086718
3086808
3086883
3086946
3086950
3087102
3088637
3088649
3088668
3088680
3088812
3089083
3089148
3089272
3089859
3089978
3091296
3091301
3092337
3092434
3092436
3092441
3092658
3092692
3092769
3094106
3094464
3094516
3094673
3094698
3094774
3094864
3094891
3095064
3095268
3096734
3096742
3096915
3097063
3097106
3097107
3097408
3097471
3097812
3099524
3099655
3099661
3100037
3100188
3100196
3100205
3100285
3100359
3100374
3100511
3100677
3102096
3102246
3102293
3102439
3102449
3102749
3102757
3102833
3103034
3103607
3104776
3104783
3105165
3105233
3105271
3105413
3105691
3105900
3105903
3105956
3106147
3107434
3107452
3107467
3107471
3107516
3107772
3107859
3107879
3108565
3109006
3109041
3109112
3110781
3111080
3111139
3111277
3111302
3111315
3111404
3111462
3111504
3111634
3111922
3113327
3113564
3113601
3113614
3113805
3113951
3114122
3114469
3114512
3115774
3115923
3117665
3117976
3118231
3118242
3118524
3119951
3119995
3120039
3120311
3120874
3120947
3121011
3121085
3122542
3122565
3122619
3122742
3122806
3123152
3123233
3123338
3123809
3123965
3125071
3125302
3125315
3125414
3125500
3125743
3125787
3126287
3126525
3126565
3126625
3128008
3128024
3128057
3128059
3128171
3128249
3128834
3128892
3129171
3130671
3130700
3130892
3131077
3131333
3131681
3131943
3132067
3133489
3133723
3133960
3134014
3134093
3134108
3134109
3134151
3134212
3134576
3135959
3136241
3136315
3136565
3136592
3136826
3137008
3137117
3137190
3137388
3137442
3138952
3139144
3139330
3139411
3139574
3139640
3139675
3139999
3142405
3143065
3143237
3143801
3143949
3143958
3143975
3144207
3144364
3144606
3147429
3147564
3147604
3147863
3148341
3148482
3149009
3149166
3150003
3152538
3152767
3152899
3153097
3153174
3153207
3153269
3153317
3153573
3154417
3154612
3154625
3154697
3155023
3155142
3156624
3156944
3156976
3157221
3157222
3157291
3157492
3157571
3157588
3157764
3159240
3159365
3159452
3159549
3159688
3159786
3159994
3160013
3160086
3160241
3160313
3160549
3160631
3160638
3161901
3161987
3162212
3162322
3162514
3162646
3162664
3162676
3163197
3163209
3163287
3163293
3164848
3164903
3164927
3165033
3165207
3165219
3165309
3165319
3165447
3165644
3165676
3165770
3166066
3166258
3167370
3167458
3167507
3167733
3167817
3168015
3168123
3168451
3168463
3168550
3168719
3168994
3170290
3170302
3170353
3170402
3170550
3170597
3170770
3170824
3171107
3171148
3171186
3171361
3171368
3171432
3171490
3172947
3173368
3173409
3173989
3174192
3175681
3175995
3175999
3176041
3176107
3176292
3176308
3176485
3176577
3176769
3177088
3177112
3178662
3178670
3179106
3179124
3179342
3179343
3181414
3181929
3182343
3182398
3182468
3182567
3182672
3184061
3184311
3184370
3184614
3184762
3184848
3184933
3185034
3185046
3185245
3185266
3185271
3185274
3185278
3186600
3186852
3187025
3187216
3187316
3187669
3187693
3190515
3192493
3192762
3192819
3193160
3193356
3193531
3195122
3195299
3195917
3196196
3197640
3198057
3198104
3198997
3199058
3199088
3199264
3199881
3199927
3199994
3200077
3200403
3200474
3203158
3203214
3203939
3204004
3204189
3204342
3208330
3213803
3213992
3214025
3214264
3214363
3214375
3214388
3214809
3214866
3215271
3215336
3216094
3216167
3216173
3216234
3216285
3219122
3220343
3220613
3221032
3221221
3221228
3221758
3224090
3224113
3224866
3224914
3225309
3225642
3225658
3225660
3225749
3225918
3226158
3226362
3226524
3226766
3229363
3230076
3230131
3230584
3230986
3231164
3231274
3231676
3234534
3234757
3235002
3235106
3235320
3235335
3235865
3236019
3236367
3236370
3236932
3237001
3237091
3239268
3239352
3240424
3240688
3241325
3241395
3241942
3241996
3242404
3244677
3244902
3245225
3245541
3245634
3245689
3245832
3245948
3247342
3247459
3247787
3247845
3247947
3247961
3247997
3248018
3248074
3248229
3248504
3250036
3250097
3250257
3250573
3251185
3251208
3251299
3251377
3251422
3251477
3251529
3252862
3252990
3253125
3253137
3253672
3253714
3253762
3253847
3253990
3254126
3255627
3255653
3255716
3255866
3255974
3256106
3256139
3256224
3256553
3256703
3258524
3258633
3258814
3259124
3259141
3259407
3259431
3259496
3259537
3259650
3259654
3259760
3261610
3261690
3261752
3261759
3261792
3261858
3262123
3262124
3262478
3263848
3263862
3264014
3264374
3264430
3264658
3264966
3264993
3265083
3265463
3265562
3265698
3265966
3267955
3268285
3268893
3270098
3270370
3270454
3270495
3270906
3271025
3273492
3273587
3274204
3274373
3274383
3274868
3274968
3275237
3275412
3275665
3275701
3275958
3278712
3322971
3323071
3330416
3331829
3334719
3335651
3341677
3341686
3342246
3342433
3342460
3342867
3343154
3343641
3343783
3343794
3343839
3343915
3343925
3344144
3344231
3344374
3344612
3345012
3345180
3345269
3345522
3345586
3345689
3345797
3345834
3345901
3346051
3346073
3346166
3346192
3346581
3346931
3347190
3347768
3348027
3348149
3348154
3352047
3352418
3352440
3352586
3352595
3352759
3352824
3353250
3353510
3353543
3353544
3353574
3353689
3353775
3353785
3353820
3353858
3353956
3354049
3354169
3354232
3354618
3354723
3354799
3354844
3354866
3355026
3355271
3355346
3356619
3357076
3357187
3357548
3357760
3357991
3358413
3358762
3359107
3359140
3359178
3360175
3360395
3360563
3360602
3360830
3361039
3361138
3361386
3361531
3361597
3362428
3362685
3362858
3362986
3362989
3363126
3363368
3363827
3364196
3364236
3364591
3364593
3364621
3364672
3364760
3364950
3364991
3365193
3365308
3365793
3366121
3366205
3366279
3366305
3366389
3366789
3366799
3366844
3366867
3366994
3367089
3368033
3368080
3368260
3368355
3368503
3373770
3373792
3373793
3373955
3374163
3374241
3374338
3374619
3374887
3374992
3375271
3375434
3375602
3375673
3376166
3376460
3376558
3376615
3376870
3377160
3377384
3377680
3378276
3378384
3378606
3378642
3378685
3378911
3379175
3379190
3379396
3379456
3379520
3379543
3380886
3381178
3381299
3382185
3383328
3383891
3384298
3384424
3384906
3384922
3384978
3385212
3385275
3385327
3385490
3385846
3386021
3386162
3386253
3386262
3386270
3386351
3386731
3386734
3386884
3386921
3386975
3387134
3387241
3387481
3387547
3387636
3387659
3387687
3387696
3387824
3387967
3388206
3388307
3388507
3388527
3389179
3389242
3389334
3389341
3389414
3389701
3389828
3390204
3390269
3390281
3390297
3390688
3395410
3395474
3395891
3396030
3396062
3396197
3396558
3396616
3396695
3396891
3396911
3397223
3397287
3397336
3397568
3397878
3398261
3398442
3398455
3398498
3398510
3399422
3399571
3400312
3400492
3400708
3400884
3401309
3401559
