0.000000 1.000000 1.000000 1.000000
0.025000 0.674912 0.685466 0.685466
0.050000 0.620746 0.677730 0.677730
0.075000 0.591942 0.650240 0.650240
0.100000 0.529167 0.610816 0.610816
0.125000 0.512366 0.589638 0.589638
0.150000 0.488879 0.552386 0.552386
0.175000 0.446005 0.528149 0.528149
0.200000 0.422746 0.500099 0.500099
0.225000 0.399767 0.461875 0.461875
0.250000 0.364314 0.423484 0.423484
0.275000 0.329042 0.385638 0.385638
0.300000 0.294133 0.341089 0.341089
0.325000 0.263315 0.280740 0.280740
0.350000 0.214286 0.212218 0.212218
0.375000 0.160472 0.131956 0.131956
0.400000 0.102378 0.052483 0.052483
0.425000 0.042525 0.031644 0.031644
0.450000 0.020751 0.000000 0.000000
0.475000 0.000000 0.000000 0.000000
0.500000 0.000000 0.000000 0.000000
0.525000 0.000000 0.000000 0.000000
0.550000 0.000000 0.000000 0.000000
0.575000 0.000000 0.000000 0.000000
0.600000 0.000000 0.000000 0.000000
0.625000 0.000000 0.000000 0.000000
0.650000 0.000000 0.000000 0.000000
0.675000 0.000000 0.000000 0.000000
0.700000 0.000000 0.000000 0.000000
0.725000 0.000000 0.000000 0.000000
0.750000 0.000000 0.000000 0.000000
0.775000 0.000000 0.000000 0.000000
0.800000 0.000000 0.000000 0.000000
0.825000 0.000000 0.000000 0.000000
0.850000 0.000000 0.000000 0.000000
0.875000 0.000000 0.000000 0.000000
0.900000 0.000000 0.000000 0.000000
0.925000 0.000000 0.000000 0.000000
0.950000 0.000000 0.000000 0.000000
0.975000 0.000000 0.000000 0.000000
1.000000 0.000000 0.000000 0.000000
