0.000000 0.650000 0.670103 0.670103
0.025000 0.650000 0.670103 0.670103
0.050000 0.541667 0.606481 0.606481
0.075000 0.502146 0.583333 0.583333
0.100000 0.472727 0.557447 0.557447
0.125000 0.457944 0.549580 0.549580
0.150000 0.440075 0.528226 0.528226
0.175000 0.418960 0.489316 0.489316
0.200000 0.395702 0.454467 0.454467
0.225000 0.362513 0.424046 0.424046
0.250000 0.321811 0.399147 0.399147
0.275000 0.297990 0.359640 0.359640
0.300000 0.261719 0.314274 0.314274
0.325000 0.223986 0.268878 0.268878
0.350000 0.187843 0.209600 0.209600
0.375000 0.155662 0.133388 0.133388
0.400000 0.111866 0.045008 0.045008
0.425000 0.041969 0.032354 0.032354
0.450000 0.021277 0.000000 0.000000
0.475000 0.000000 0.000000 0.000000
0.500000 0.000000 0.000000 0.000000
0.525000 0.000000 0.000000 0.000000
0.550000 0.000000 0.000000 0.000000
0.575000 0.000000 0.000000 0.000000
0.600000 0.000000 0.000000 0.000000
0.625000 0.000000 0.000000 0.000000
0.650000 0.000000 0.000000 0.000000
0.675000 0.000000 0.000000 0.000000
0.700000 0.000000 0.000000 0.000000
0.725000 0.000000 0.000000 0.000000
0.750000 0.000000 0.000000 0.000000
0.775000 0.000000 0.000000 0.000000
0.800000 0.000000 0.000000 0.000000
0.825000 0.000000 0.000000 0.000000
0.850000 0.000000 0.000000 0.000000
0.875000 0.000000 0.000000 0.000000
0.900000 0.000000 0.000000 0.000000
0.925000 0.000000 0.000000 0.000000
0.950000 0.000000 0.000000 0.000000
0.975000 0.000000 0.000000 0.000000
1.000000 0.000000 0.000000 0.000000
