0.000000 0.689775 0.726150 0.726150
0.025000 0.689775 0.726150 0.726150
0.050000 0.638642 0.697838 0.697838
0.075000 0.603571 0.664609 0.664609
0.100000 0.566858 0.629603 0.629603
0.125000 0.530124 0.596452 0.596452
0.150000 0.501271 0.571914 0.571914
0.175000 0.473738 0.541068 0.541068
0.200000 0.442915 0.507369 0.507369
0.225000 0.410716 0.473860 0.473860
0.250000 0.374703 0.433280 0.433280
0.275000 0.337720 0.394653 0.394653
0.300000 0.304250 0.350384 0.350384
0.325000 0.265239 0.296715 0.296715
0.350000 0.224820 0.230273 0.230273
0.375000 0.175322 0.150868 0.150868
0.400000 0.118479 0.059127 0.059127
0.425000 0.048248 0.032854 0.032854
0.450000 0.021814 0.000000 0.000000
0.475000 0.000000 0.000000 0.000000
0.500000 0.000000 0.000000 0.000000
0.525000 0.000000 0.000000 0.000000
0.550000 0.000000 0.000000 0.000000
0.575000 0.000000 0.000000 0.000000
0.600000 0.000000 0.000000 0.000000
0.625000 0.000000 0.000000 0.000000
0.650000 0.000000 0.000000 0.000000
0.675000 0.000000 0.000000 0.000000
0.700000 0.000000 0.000000 0.000000
0.725000 0.000000 0.000000 0.000000
0.750000 0.000000 0.000000 0.000000
0.775000 0.000000 0.000000 0.000000
0.800000 0.000000 0.000000 0.000000
0.825000 0.000000 0.000000 0.000000
0.850000 0.000000 0.000000 0.000000
0.875000 0.000000 0.000000 0.000000
0.900000 0.000000 0.000000 0.000000
0.925000 0.000000 0.000000 0.000000
0.950000 0.000000 0.000000 0.000000
0.975000 0.000000 0.000000 0.000000
1.000000 0.000000 0.000000 0.000000
