0.000000 0.688645 1.000000 1.000000
0.025000 0.688645 0.723256 0.723256
0.050000 0.632378 0.701240 0.701240
0.075000 0.602139 0.660765 0.660765
0.100000 0.570776 0.643411 0.643411
0.125000 0.528749 0.610915 0.610915
0.150000 0.487446 0.565244 0.565244
0.175000 0.448582 0.532909 0.532909
0.200000 0.419040 0.501006 0.501006
0.225000 0.386182 0.467602 0.467602
0.250000 0.352499 0.429993 0.429993
0.275000 0.321545 0.392566 0.392566
0.300000 0.295174 0.348585 0.348585
0.325000 0.257741 0.302611 0.302611
0.350000 0.224694 0.238541 0.238541
0.375000 0.173961 0.143446 0.143446
0.400000 0.102580 0.054573 0.054573
0.425000 0.036362 0.031842 0.031842
0.450000 0.020705 0.000000 0.000000
0.475000 0.000000 0.000000 0.000000
0.500000 0.000000 0.000000 0.000000
0.525000 0.000000 0.000000 0.000000
0.550000 0.000000 0.000000 0.000000
0.575000 0.000000 0.000000 0.000000
0.600000 0.000000 0.000000 0.000000
0.625000 0.000000 0.000000 0.000000
0.650000 0.000000 0.000000 0.000000
0.675000 0.000000 0.000000 0.000000
0.700000 0.000000 0.000000 0.000000
0.725000 0.000000 0.000000 0.000000
0.750000 0.000000 0.000000 0.000000
0.775000 0.000000 0.000000 0.000000
0.800000 0.000000 0.000000 0.000000
0.825000 0.000000 0.000000 0.000000
0.850000 0.000000 0.000000 0.000000
0.875000 0.000000 0.000000 0.000000
0.900000 0.000000 0.000000 0.000000
0.925000 0.000000 0.000000 0.000000
0.950000 0.000000 0.000000 0.000000
0.975000 0.000000 0.000000 0.000000
1.000000 0.000000 0.000000 0.000000
