3035192
3035777
3035884
3035890
3038120
3038594
3038988
3039155
3040786
3040809
3041127
3041720
3041816
3043485
3045738
3046300
3046534
3046632
3046662
3047203
3047228
3048656
3048915
3049091
3049268
3049684
3049884
3052287
3052325
3052374
3052668
3052726
3054664
3055875
3056778
3056868
3057068
3057234
3057447
3057592
3057666
3059328
3059820
3059904
3060052
3060228
3061451
3061840
3062030
3062842
3062980
3063028
3064457
3064706
3065006
3065570
3067633
3067751
3067764
3067870
3067890
3068129
3069553
3070434
3070965
3071222
3072694
3072714
3072963
3073918
3074979
3075188
3075376
3075606
3075771
3075781
3075825
3075842
3076071
3077706
3077751
3078710
3078724
3080401
3080660
3080738
3080912
3080958
3081109
3081328
3081536
3081702
3082089
3082470
3082476
3083166
3083293
3083324
3083369
3083805
3084216
3084257
3084347
3086174
3086202
3086266
3086355
3088662
3088707
3088861
3089157
3089216
3089516
3089652
3090080
3090138
3091345
3092044
3092576
3092770
3094203
3094645
3095033
3097221
3097293
3097313
3097351
3097593
3097724
3097846
3097869
3099653
3099671
3099737
3100149
3100166
3100397
3100534
3100727
3100864
3102138
3102289
3102301
3102352
3102495
3102630
3102974
3103483
3104852
3105015
3105453
3106199
3107247
3107371
3107493
3107533
3107777
3107954
3108549
3108582
3109288
3111191
3111413
3111777
3111945
3111987
3114042
3115846
3117370
3117727
3117892
3118109
3118323
3118591
3120053
3120819
3120876
3120913
3121178
3122779
3122909
3123130
3123687
3123761
3124008
3125445
3125501
3125762
3126238
3126798
3127942
3128532
3129293
3130851
3130929
3130997
3131372
3131823
3131913
3133225
3133554
3133627
3133787
3134111
3134585
3134626
3136093
3136294
3137020
3137025
3137233
3139358
3139670
3140289
3142246
3142345
3143919
3144557
3144664
3144980
3149137
3149558
3152515
3153430
3154643
3154693
3156469
3156530
3156733
3156940
3157038
3157091
3157849
3157977
3159576
3160084
3160231
3160807
3161911
3162244
3162986
3163155
3165005
3165430
3165865
3166064
3168379
3168544
3168728
3170574
3171114
3171288
3171590
3172943
3172985
3173126
3173191
3173416
3173450
3173849
3174426
3174436
3176161
3176508
3176823
3176979
3176997
3178481
3178654
3179973
3181125
3181559
3181854
3182109
3182469
3182491
3182501
3183871
3183967
3184292
3184573
3186557
3186705
3186955
3187426
3187535
3187732
3187849
3188011
3190244
3192499
3192670
3192770
3194800
3195676
3195739
3196153
3197686
3197736
3197811
3197869
3198142
3198708
3199828
3203285
3204065
3213328
3214480
3214945
3215580
3215880
3219025
3219050
3219663
3219797
3219867
3220548
3220624
3220639
3221594
3224010
3225601
3225792
3226698
3230084
3234332
3234690
3235110
3235141
3235464
3236109
3239845
3240627
3240686
3241501
3242035
3244809
3245042
3245715
3245836
3247466
3247564
3247905
3247972
3248284
3250606
3250699
3250750
3250844
3250877
3251306
3251423
3253784
3254256
3255829
3256590
3256871
3258027
3258141
3259251
3259410
3260889
3261062
3261535
3261537
3261705
3262049
3262340
3262384
3262479
3263785
3264067
3264634
3264842
3269798
3269914
3270007
3270468
3270759
3271073
3273552
3274488
3274623
3274817
3274933
3274952
3274968
3275190
3275951
3276125
3323032
3323056
3334523
3334722
3336216
3336342
3341902
3342182
3342310
3342432
3342543
3343485
3343636
3343805
3344085
3344404
3345220
3345249
3345282
3345530
3345866
3346035
3346602
3347046
3347180
3347241
3347467
3347506
3347706
3347764
3352356
3353206
3353225
3353337
3353398
3353498
3353673
3353717
3353846
3353906
3354625
3354963
3355257
3356821
3357575
3358032
3358910
3359097
3359198
3359412
3359469
3360479
3360825
3362506
3362676
3362842
3363179
3363696
3363781
3364167
3364801
3364929
3364998
3365268
3365949
3367001
3368633
3374993
3375179
3375417
3376638
3377349
3377674
3378287
3378419
3379975
3383395
3383438
3383448
3383846
3384570
3384999
3385538
3385607
3385864
3385933
3386157
3386163
3386247
3387076
3387746
3388158
3388299
3389670
3389931
3390834
3395227
3396534
3396899
3397002
3397227
3398176
3398401
3398461
3398589
3398846
3399079
3399702
3400875
3401484
