0.000000 1.000000 1.000000 1.000000
0.025000 0.633333 0.738095 0.738095
0.050000 0.622951 0.677419 0.677419
0.075000 0.560000 0.606452 0.606452
0.100000 0.506757 0.570136 0.570136
0.125000 0.456311 0.516447 0.516447
0.150000 0.421053 0.501333 0.501333
0.175000 0.406832 0.479303 0.479303
0.200000 0.348028 0.427598 0.427598
0.225000 0.332677 0.412884 0.412884
0.250000 0.318027 0.378313 0.378313
0.275000 0.285319 0.326087 0.326087
0.300000 0.234864 0.286149 0.286149
0.325000 0.206430 0.232082 0.232082
0.350000 0.168482 0.192967 0.192967
0.375000 0.150267 0.108977 0.108977
0.400000 0.079302 0.029944 0.029944
0.425000 0.024032 0.000000 0.000000
0.450000 0.019551 0.000000 0.000000
0.475000 0.000000 0.000000 0.000000
0.500000 0.000000 0.000000 0.000000
0.525000 0.000000 0.000000 0.000000
0.550000 0.000000 0.000000 0.000000
0.575000 0.000000 0.000000 0.000000
0.600000 0.000000 0.000000 0.000000
0.625000 0.000000 0.000000 0.000000
0.650000 0.000000 0.000000 0.000000
0.675000 0.000000 0.000000 0.000000
0.700000 0.000000 0.000000 0.000000
0.725000 0.000000 0.000000 0.000000
0.750000 0.000000 0.000000 0.000000
0.775000 0.000000 0.000000 0.000000
0.800000 0.000000 0.000000 0.000000
0.825000 0.000000 0.000000 0.000000
0.850000 0.000000 0.000000 0.000000
0.875000 0.000000 0.000000 0.000000
0.900000 0.000000 0.000000 0.000000
0.925000 0.000000 0.000000 0.000000
0.950000 0.000000 0.000000 0.000000
0.975000 0.000000 0.000000 0.000000
1.000000 0.000000 0.000000 0.000000
