2979258
2979589
2979656
2979660
2979841
3035006
3035153
3035748
3035849
3035951
3036013
3036267
3036306
3036467
3036502
3036518
3037941
3038037
3038146
3038192
3038360
3038681
3038724
3038914
3039056
3040477
3040790
3040957
3041316
3041347
3041470
3041471
3041606
3041737
3041986
3043171
3043355
3043541
3043686
3043696
3043729
3043793
3043888
3044238
3044401
3044442
3046296
3046422
3046547
3046590
3046638
3046671
3046723
3046754
3047060
3047065
3048437
3048454
3048524
3048765
3048775
3049046
3049100
3049216
3049305
3049308
3049767
3049827
3049833
3049950
3051290
3051294
3051315
3051336
3051396
3051844
3052076
3052185
3052209
3052339
3052370
3052438
3052454
3052459
3052488
3052512
3052799
3052948
3053009
3053362
3054431
3054456
3054633
3054673
3054689
3054698
3054710
3054735
3054769
3055013
3056119
3056603
3057292
3057298
3057489
3057523
3057595
3059217
3059426
3059478
3059623
3059655
3059732
3060226
3060295
3061453
3061482
3061683
3061957
3061967
3062069
3062090
3062135
3062137
3062192
3062433
3062484
3062659
3062765
3063096
3063119
3064276
3064472
3064501
3064539
3064607
3064692
3064695
3064888
3064914
3064984
3065051
3065452
3065589
3066879
3067384
3067458
3067650
3067707
3068005
3068161
3068163
3068241
3068341
3068447
3070157
3070475
3070551
3072767
3072892
3072901
3073051
3073668
3073809
3073840
3073869
3074951
3074989
3075267
3075269
3075275
3075286
3075299
3075781
3075810
3075882
3076082
3076198
3076398
3076462
3076467
3077694
3077793
3077889
3077912
3077939
3077971
3078037
3078293
3078441
3078543
3078723
3078873
3078930
3078939
3079116
3079149
3079152
3079386
3080541
3080572
3080646
3080817
3081211
3081249
3081395
3081476
3081496
3081547
3081658
3081722
3081756
3081853
3081948
3082100
3083468
3084148
3084260
3084384
3084511
3084631
3084634
3084686
3084748
3086096
3086122
3086176
3086184
3086329
3086516
3086707
3086841
3086999
3087110
3088697
3088701
3088840
3088990
3089159
3089261
3089340
3089526
3089627
3089641
3089755
3089761
3089966
3091856
3091899
3092020
3092232
3092288
3092447
3092470
3092560
3093906
3094290
3094298
3094346
3094371
3094414
3094423
3095236
3096659
3096677
3096917
3096961
3097006
3097042
3097057
3097075
3097077
3097121
3097141
3097225
3097321
3097650
3097714
3097807
3097828
3097903
3098027
3099403
3099517
3099959
3100016
3100034
3100378
3100554
3100712
3100886
3101061
3101071
3102100
3102143
3102165
3102176
3102443
3102521
3102676
3102709
3102735
3102825
3103399
3103601
3103607
3103682
3103696
3104871
3104929
3104992
3105087
3105241
3105416
3105596
3105607
3105657
3106310
3106341
3107331
3107443
3107795
3107862
3107865
3107887
3108533
3108709
3108924
3109037
3109038
3109065
3109099
3110837
3110878
3110940
3110969
3111226
3111368
3111864
3113434
3113450
3113885
3114022
3114283
3115813
3115861
3117319
3117440
3117457
3117934
3118078
3118123
3118173
3118231
3118235
3118472
3119948
3120046
3120269
3120339
3120427
3120991
3122495
3122505
3122558
3122598
3122650
3122698
3122701
3122888
3122894
3123052
3123169
3123510
3123524
3123547
3123674
3123880
3123994
3124087
3125470
3125567
3125666
3125725
3125753
3125985
3126365
3126471
3126569
3126637
3126754
3126800
3128045
3128075
3128114
3128229
3128410
3128484
3128707
3129014
3129066
3129144
3129148
3129311
3130637
3130709
3130714
3130720
3130959
3131169
3131227
3131391
3131395
3131605
3131622
3131688
3131720
3132122
3132238
3133719
3133761
3133764
3133768
3133863
3133918
3133927
3133929
3133934
3133990
3134591
3134812
3134882
3136008
3136472
3136869
3137067
3137174
3137264
3137311
3137545
3138839
3139025
3139243
3139291
3139303
3139481
3139717
3139850
3139967
3140012
3140255
3142314
3142380
3142599
3142944
3143294
3143306
3143645
3143730
3143826
3143910
3147346
3147355
3147685
3147719
3148311
3148322
3148380
3148484
3148503
3148548
3148615
3149345
3149744
3152519
3152970
3152993
3153110
3154022
3154097
3154312
3154442
3154767
3155291
3156457
3156673
3156720
3156857
3157189
3157258
3157382
3157527
3157860
3157861
3159162
3159340
3159346
3159530
3159554
3159585
3159964
3160309
3160500
3160678
3160711
3161878
3161942
3162114
3162209
3162222
3162225
3162494
3162891
3165059
3165084
3165348
3165516
3165775
3165935
3165995
3166133
3167616
3167945
3167954
3168087
3168130
3168285
3168298
3168602
3168744
3170154
3170271
3170990
3171220
3171302
3171316
3171409
3171439
3171654
3173080
3173322
3173352
3173580
3173583
3173649
3173801
3173833
3174140
3174182
3174463
3175925
3176071
3176097
3176524
3176556
3176592
3176846
3176854
3176907
3176922
3176932
3177003
3178865
3179129
3179317
3179327
3179410
3179430
3179654
3181597
3181828
3181904
3182180
3182206
3183911
3183974
3183979
3184102
3184197
3184466
3184631
3184632
3184633
3184689
3184763
3184767
3185210
3185235
3186639
3187025
3187080
3187455
3187905
3189248
3190680
3190756
3190762
3190814
3192062
3192278
3192737
3192814
3193215
3193528
3194800
3194815
3194888
3195091
3195608
3195698
3195701
3195792
3195963
3196333
3197722
3198042
3198276
3198293
3198484
3199370
3199879
3200104
3200177
3203173
3204054
3204212
3204371
3208386
3208515
3208528
3208743
3209799
3211014
3214283
3214388
3214482
3214677
3215118
3215125
3215216
3215685
3216020
3216030
3216258
3216443
3216495
3216579
3216588
3219029
3219126
3219429
3219633
3220651
3220954
3221225
3221261
3221572
3223918
3224098
3224110
3224177
3224927
3224968
3225021
3225340
3225371
3225429
3225695
3226233
3226456
3226764
3229276
3229787
3230213
3230611
3230631
3230678
3230719
3231300
3231918
3235124
3235581
3235770
3236042
3236146
3237205
3237330
3237359
3239595
3240109
3240957
3241043
3241333
3241401
3241540
3241837
3242404
3244545
3244710
3244781
3244801
3244852
3244856
3245329
3245695
3245828
3245867
3245982
3246022
3247207
3247642
3247816
3248062
3248162
3248250
3248253
3248331
3248552
3248707
3248720
3249934
3250043
3250512
3250620
3250796
3250920
3251100
3253348
3253555
3253593
3253716
3253726
3253825
3254133
3254219
3255421
3255448
3255450
3255519
3256216
3256476
3256782
3258116
3258375
3258436
3258674
3258825
3259201
3259301
3259500
3259545
3259615
3259635
3259808
3260890
3261563
3261624
3262199
3262228
3262233
3262332
3263673
3263893
3264174
3264242
3264359
3264386
3264387
3264605
3264617
3265015
3265556
3265910
3268021
3268327
3269328
3269501
3269729
3269894
3269923
3269988
3270493
3270906
3271061
3271086
3271210
3273616
3273901
3274062
3274116
3274671
3275112
3275305
3275352
3275360
3275819
3275829
3275947
3278747
3323539
3323892
3323932
3331834
3335486
3335744
3340382
3342101
3342279
3342425
3342467
3342486
3342494
3342828
3342948
3343242
3343351
3343837
3343977
3344296
3344505
3345153
3345505
3345606
3345632
3345725
3345779
3346162
3346240
3346252
3346697
3346718
3346941
3347273
3347517
3347954
3348651
3348656
3350858
3351810
3352007
3352050
3352100
3352686
3352750
3352791
3353183
3353411
3353596
3353784
3353861
3353904
3354277
3354745
3354791
3354836
3354863
3354934
3354977
3355165
3357187
3357899
3357967
3358623
3358758
3359074
3359295
3359390
3359581
3359696
3359902
3360403
3360456
3360542
3360554
3360697
3360827
3360848
3360875
3361098
3361224
3361641
3361645
3362242
3362401
3362667
3362934
3363329
3363409
3363711
3363740
3364019
3364483
3364508
3364611
3365089
3365138
3365645
3365762
3366010
3366240
3366605
3366617
3366662
3366725
3367431
3367668
3367731
3367983
3373817
3374785
3374817
3375021
3375123
3375251
3375532
3375733
3376035
3376082
3376255
3376368
3376388
3376475
3376741
3377037
3377606
3377698
3377801
3377817
3377876
3377997
3378655
3379289
3379525
3379618
3379675
3380222
3381248
3381336
3381748
3382602
3383742
3383805
3383808
3384393
3384645
3384708
3385170
3385186
3385303
3385526
3385684
3385723
3386200
3386269
3386733
3386798
3386883
3386925
3387287
3387384
3387971
3387976
3388126
3388181
3388810
3388908
3389064
3389184
3389318
3389400
3389664
3389779
3389866
3389914
3390131
3390869
3395611
3395784
3395912
3395985
3396009
3396389
3396415
3396619
3396973
3397053
3397343
3397480
3397509
3398163
3398217
3398290
3398347
3399271
3399306
3399492
3399526
3400246
3400628
3400693
