0.000000 0.666667 0.705357 0.705357
0.025000 0.650847 0.705357 0.705357
0.050000 0.632013 0.686616 0.686616
0.075000 0.583756 0.663165 0.663165
0.100000 0.548249 0.628486 0.628486
0.125000 0.520935 0.594798 0.594798
0.150000 0.490614 0.573463 0.573463
0.175000 0.464014 0.544894 0.544894
0.200000 0.433051 0.511552 0.511552
0.225000 0.407512 0.484559 0.484559
0.250000 0.384816 0.444116 0.444116
0.275000 0.345121 0.403652 0.403652
0.300000 0.308466 0.356900 0.356900
0.325000 0.270174 0.303852 0.303852
0.350000 0.228554 0.238989 0.238989
0.375000 0.178698 0.155155 0.155155
0.400000 0.121580 0.067015 0.067015
0.425000 0.055537 0.032292 0.032292
0.450000 0.021335 0.000000 0.000000
0.475000 0.000000 0.000000 0.000000
0.500000 0.000000 0.000000 0.000000
0.525000 0.000000 0.000000 0.000000
0.550000 0.000000 0.000000 0.000000
0.575000 0.000000 0.000000 0.000000
0.600000 0.000000 0.000000 0.000000
0.625000 0.000000 0.000000 0.000000
0.650000 0.000000 0.000000 0.000000
0.675000 0.000000 0.000000 0.000000
0.700000 0.000000 0.000000 0.000000
0.725000 0.000000 0.000000 0.000000
0.750000 0.000000 0.000000 0.000000
0.775000 0.000000 0.000000 0.000000
0.800000 0.000000 0.000000 0.000000
0.825000 0.000000 0.000000 0.000000
0.850000 0.000000 0.000000 0.000000
0.875000 0.000000 0.000000 0.000000
0.900000 0.000000 0.000000 0.000000
0.925000 0.000000 0.000000 0.000000
0.950000 0.000000 0.000000 0.000000
0.975000 0.000000 0.000000 0.000000
1.000000 0.000000 0.000000 0.000000
