2979849
3035185
3035722
3035986
3036221
3036452
3038261
3038409
3038440
3038569
3038862
3039114
3040392
3040631
3040755
3040968
3041196
3041284
3041424
3041631
3041796
3043282
3043490
3043572
3043594
3043850
3043852
3043910
3044172
3044177
3044228
3044441
3045808
3046100
3046125
3046220
3046268
3046356
3046491
3046902
3046946
3046988
3047102
3047111
3047207
3048511
3048602
3048746
3048751
3048939
3049185
3049218
3049243
3049449
3049552
3049592
3049664
3049995
3051241
3051390
3051552
3051560
3051607
3051627
3051644
3051847
3051934
3051967
3052048
3052071
3052168
3052216
3052513
3052588
3052706
3052711
3052810
3052869
3053128
3053275
3053298
3053362
3054431
3054611
3054700
3055423
3055926
3056671
3056751
3056940
3056944
3057416
3057616
3057762
3057821
3058792
3059326
3059519
3059616
3059656
3059702
3060031
3060108
3060256
3060277
3061799
3061868
3062018
3062136
3062336
3062496
3062935
3062938
3064249
3064284
3064367
3064382
3064723
3065353
3065465
3065480
3065570
3066934
3066959
3067030
3067066
3067195
3067342
3067407
3067493
3067532
3067609
3067720
3068038
3068053
3068056
3068194
3068214
3069733
3069850
3069919
3070557
3072321
3072660
3072695
3072755
3072819
3072832
3072938
3073020
3073254
3073426
3073646
3073667
3073701
3075196
3075241
3075413
3075430
3075510
3075717
3075718
3075904
3076032
3076080
3076313
3078365
3078461
3078506
3078893
3078984
3079017
3079121
3080567
3080874
3081476
3081682
3081729
3081818
3081823
3081886
3081965
3083415
3083447
3083464
3083532
3083540
3083861
3084167
3084267
3084519
3084542
3085791
3085912
3085919
3085952
3086161
3086215
3086267
3086353
3086508
3086603
3086606
3086646
3086801
3086825
3086876
3086896
3086923
3087055
3087066
3087203
3088673
3089169
3089272
3089279
3089481
3089612
3089787
3089908
3089931
3089971
3090121
3091430
3091551
3091623
3091631
3091791
3091936
3091987
3092060
3092371
3092445
3092539
3092629
3092715
3092808
3092815
3093919
3094113
3094385
3094663
3094710
3095084
3095313
3095339
3095382
3096696
3096753
3096999
3097271
3097424
3097679
3097760
3097957
3098193
3098277
3099350
3099379
3099505
3099652
3099678
3099852
3099938
3100011
3100151
3100211
3100212
3100724
3100778
3102173
3102431
3103167
3103303
3103375
3103450
3103579
3104752
3104792
3105440
3105463
3105609
3105619
3105675
3105709
3106062
3106200
3106354
3107213
3107428
3107506
3108491
3110829
3110938
3111578
3111767
3112152
3113312
3113885
3114287
3114433
3117226
3117646
3117678
3117733
3118060
3118335
3119852
3120471
3120728
3120964
3121120
3121158
3121235
3122853
3123043
3123144
3123207
3123292
3123347
3123348
3123662
3123706
3123798
3125208
3125361
3125460
3125534
3125555
3125842
3126037
3126241
3126300
3126565
3127861
3127888
3128028
3128092
3128115
3128201
3128254
3128257
3128265
3128539
3128568
3128602
3128603
3128814
3128906
3128988
3129102
3129184
3129193
3129203
3129314
3129416
3130882
3131233
3131238
3131414
3131426
3131438
3131662
3131831
3131962
3131998
3132046
3132084
3133339
3133346
3133537
3133705
3133759
3133785
3134514
3134660
3134706
3134786
3134851
3134871
3134920
3136168
3136457
3136610
3136944
3136945
3136970
3137025
3137057
3137099
3137258
3137387
3137523
3137542
3137562
3137596
3137689
3138800
3139109
3139519
3139864
3140337
3142183
3142750
3142992
3143887
3144197
3145023
3145040
3147221
3147234
3147431
3148376
3148746
3148811
3148813
3148916
3148980
3149108
3149147
3149875
3150344
3150348
3152744
3152746
3152931
3152966
3153023
3153219
3153347
3153623
3153780
3153953
3153955
3154210
3154310
3154563
3154927
3156346
3156438
3156531
3156594
3156726
3156801
3157348
3157595
3157636
3159435
3159590
3159638
3159792
3159903
3159961
3159964
3160082
3160253
3160279
3160512
3160542
3160576
3162029
3162033
3162105
3162152
3162178
3162223
3162544
3162581
3162678
3162713
3163005
3163257
3164669
3165104
3165294
3165335
3165395
3165897
3166099
3167437
3167474
3167603
3167640
3167897
3168081
3168215
3168388
3168872
3168930
3170184
3170263
3170922
3170949
3171035
3171216
3171229
3171328
3171571
3172936
3173024
3173090
3173092
3173129
3173266
3173378
3173544
3173598
3173600
3173716
3173920
3174338
3174339
3175626
3175745
3176022
3176038
3176160
3176289
3176291
3176324
3176712
3176923
3176997
3177108
3177146
3177152
3178301
3178453
3178566
3178716
3178816
3178867
3179029
3179060
3179108
3179193
3179566
3179635
3179799
3181312
3181409
3181422
3181533
3181879
3181880
3182573
3183881
3183943
3184244
3184259
3185229
3185272
3185334
3186645
3186836
3186876
3187254
3187275
3187382
3187532
3187548
3187561
3187941
3188024
3190226
3190461
3190484
3192783
3192830
3192870
3192956
3193070
3193082
3193091
3193308
3195027
3195186
3195391
3195823
3196001
3196042
3196064
3196101
3196192
3198013
3198661
3199245
3200737
3200800
3203136
3204036
3204059
3208179
3209745
3209810
3213677
3213756
3214172
3214381
3214575
3214873
3214890
3215834
3216135
3216139
3216221
3216321
3216569
3219025
3219107
3219437
3219629
3219792
3220216
3220605
3220659
3220674
3221111
3221203
3221423
3221667
3224008
3224420
3224816
3225180
3225279
3225582
3225903
3225982
3226108
3226119
3226256
3226410
3226495
3226501
3226518
3228959
3229215
3229370
3229448
3229920
3230260
3230625
3230740
3231024
3231088
3231259
3231595
3234457
3234477
3235021
3235168
3235189
3235262
3235721
3235743
3235970
3236044
3236046
3236077
3236725
3236882
3239670
3240059
3240371
3241055
3241594
3241823
3241909
3242019
3242102
3242416
3244452
3244505
3244512
3244536
3244666
3244693
3244707
3244757
3244896
3245158
3245517
3245768
3245790
3245881
3245927
3246006
3246091
3247461
3247659
3247857
3248056
3248154
3248228
3248372
3248373
3248417
3248443
3248763
3250169
3250318
3250456
3250474
3250685
3251014
3251049
3251298
3252703
3253814
3253912
3253952
3255448
3255452
3255600
3255652
3255655
3256266
3256318
3256412
3256461
3256660
3256717
3256778
3258114
3258272
3258537
3259204
3259313
3259382
3259440
3259453
3259630
3259721
3260995
3261532
3261592
3262056
3262072
3262094
3262257
3262361
3262391
3264048
3264231
3264232
3264263
3264299
3264421
3265005
3265244
3265449
3265587
3265637
3265769
3268207
3268470
3269833
3269963
3270462
3270481
3273950
3274046
3274337
3274431
3274501
3274819
3275009
3275593
3275718
3323955
3330436
3334667
3341671
3341894
3342234
3342736
3342820
3343106
3343236
3343289
3343398
3343506
3343650
3343874
3344038
3344067
3344140
3344452
3344519
3344590
3344634
3344730
3344871
3344915
3345072
3345078
3345267
3345631
3345661
3345745
3345772
3346052
3346085
3346549
3346654
3346735
3346931
3347005
3347083
3347099
3347109
3347269
3347299
3347329
3347380
3347420
3347701
3347719
3347788
3351986
3352122
3352173
3352286
3352401
3352522
3352587
3352645
3353049
3353109
3353187
3353260
3353355
3353479
3353591
3353824
3353855
3353891
3354314
3354514
3354699
3355070
3357258
3358116
3358517
3358830
3358911
3359067
3359091
3359155
3359317
3359428
3359456
3359539
3359541
3359591
3359681
3359872
3359912
3360239
3360446
3360501
3360538
3360834
3360864
3361003
3361272
3361293
3362034
3362209
3362295
3362667
3362909
3363803
3364321
3364391
3364435
3364547
3364616
3364654
3364718
3364732
3365015
3365172
3365274
3365769
3365796
3366067
3366089
3366211
3366342
3366550
3366776
3366807
3366881
3367058
3367106
3367113
3367180
3367399
3367488
3367520
3367706
3368464
3374595
3374682
3374971
3375114
3375134
3375142
3375242
3375530
3375560
3375638
3375996
3376377
3376976
3376989
3377555
3377740
3378435
3378494
3378749
3378880
3378915
3378947
3379104
3379127
3379708
3379778
3379821
3380004
3380955
3381231
3381285
3382510
3382669
3382829
3383092
3383563
3383824
3383894
3384075
3384595
3384813
3385191
3385561
3385667
3385977
3385978
3386083
3386629
3386867
3387069
3387114
3387380
3387592
3387841
3387909
3388313
3388452
3388531
3388559
3388975
3389047
3389616
3389625
3389748
3389854
3389931
3390026
3390900
3391045
3395635
3395800
3396429
3396481
3396565
3397260
3397340
3397736
3397947
3397950
3398010
3398016
3398229
3398471
3398476
3398608
3398880
3399235
3399405
3399506
3400703
3400717
3400978
3401208
3401221
3401751
3402089
