2979201
2979227
2979256
2979287
2979314
2979657
2979691
2979726
2979753
2979779
2979806
2979850
2979881
3034962
3034991
3035017
3035045
3035072
3035125
3035154
3035184
3035211
3035240
3035272
3035356
3035695
3035727
3035753
3035780
3035809
3035836
3035865
3035892
3035920
3035947
3035973
3036001
3036063
3036091
3036117
3036149
3036177
3036204
3036232
3036274
3036306
3036335
3036362
3036390
3036442
3036470
3036505
3037693
3037876
3037906
3037943
3038048
3038138
3038166
3038197
3038228
3038257
3038283
3038317
3038348
3038376
3038405
3038434
3038465
3038493
3038521
3038550
3038578
3038605
3038631
3038657
3038686
3038713
3038742
3038774
3038801
3038827
3038855
3038881
3038908
3038934
3038961
3038987
3039016
3039046
3039073
3039100
3039128
3039155
3039181
3039210
3040353
3040380
3040406
3040432
3040466
3040495
3040523
3040554
3040580
3040609
3040636
3040664
3040695
3040721
3040749
3040788
3040820
3040849
3040876
3040904
3040932
3040958
3040986
3041012
3041040
3041067
3041094
3041120
3041147
3041173
3041201
3041229
3041256
3041285
3041322
3041349
3041382
3041422
3041451
3041479
3041508
3041551
3041577
3041606
3041641
3041671
3041702
3041728
3041757
3041783
3041818
3041934
3041975
3043081
3043113
3043188
3043217
3043274
3043301
3043334
3043362
3043388
3043416
3043445
3043472
3043498
3043528
3043557
3043586
3043614
3043641
3043668
3043695
3043721
3043751
3043777
3043803
3043829
3043856
3043890
3043916
3043943
3043971
3044001
3044031
3044062
3044089
3044115
3044143
3044170
3044197
3044226
3044252
3044394
3044421
3044450
3044483
3044512
3044604
3044636
3044676
3045699
3045727
3045754
3045781
3045807
3045835
3045867
3045894
3045921
3045947
3045978
3046006
3046035
3046062
3046090
3046118
3046146
3046173
3046200
3046227
3046254
3046282
3046308
3046337
3046363
3046389
3046415
3046441
3046467
3046511
3046540
3046570
3046597
3046624
3046651
3046679
3046705
3046732
3046758
3046786
3046813
3046841
3046867
3046898
3046926
3046955
3046984
3047011
3047038
3047067
3047094
3047123
3047150
3047178
3047206
3047232
3047258
3047299
3047332
3047391
3048432
3048466
3048495
3048522
3048553
3048592
3048619
3048655
3048683
3048716
3048745
3048775
3048833
3048859
3048888
3048917
3048945
3048972
3049005
3049033
3049060
3049088
3049114
3049143
3049169
3049195
3049222
3049248
3049276
3049303
3049331
3049357
3049400
3049428
3049460
3049489
3049518
3049546
3049572
3049601
3049642
3049669
3049699
3049726
3049753
3049779
3049846
3049875
3049948
3049977
3050003
3051158
3051231
3051262
3051293
3051325
3051352
3051380
3051410
3051453
3051482
3051512
3051544
3051571
3051601
3051628
3051655
3051703
3051731
3051758
3051785
3051812
3051838
3051867
3051911
3051942
3051968
3051995
3052023
3052054
3052087
3052124
3052151
3052179
3052212
3052238
3052267
3052293
3052322
3052351
3052378
3052406
3052434
3052460
3052489
3052519
3052553
3052583
3052609
3052638
3052664
3052693
3052720
3052747
3052776
3052803
3052832
3052860
3052887
3052913
3052945
3052973
3053000
3053026
3053052
3053079
3053106
3053133
3053160
3053190
3053229
3053255
3053282
3053309
3053346
3053376
3054444
3054472
3054503
3054541
3054568
3054596
3054626
3054656
3054685
3054713
3054741
3054770
3054799
3054839
3054875
3054910
3055018
3055044
3055080
3055110
3055253
3055333
3055367
3055523
3055631
3055752
3055804
3055860
3055924
3055958
3055994
3056031
3056108
3056602
3056628
3056654
3056682
3056709
3056736
3056764
3056800
3056828
3056858
3056884
3056912
3056942
3056968
3056995
3057022
3057051
3057078
3057106
3057134
3057161
3057196
3057224
3057258
3057288
3057314
3057341
3057370
3057396
3057422
3057450
3057478
3057508
3057534
3057563
3057592
3057627
3057660
3057734
3058707
3058736
3058784
3058810
3058850
3058878
3058926
3059009
3059159
3059273
3059328
3059439
3059468
3059495
3059524
3059556
3059582
3059610
3059640
3059669
3059695
3059722
3059750
3059776
3059804
3059835
3059862
3059888
3059975
3060001
3060035
3060064
3060099
3060127
3060155
3060181
3060207
3060234
3060260
3060289
3060316
3060343
3060371
3060397
3061413
3061463
3061491
3061541
3061613
3061641
3061667
3061694
3061721
3061747
3061773
3061800
3061844
3061870
3061899
3061927
3061954
3061981
3062008
3062034
3062061
3062089
3062117
3062145
3062172
3062200
3062227
3062254
3062280
3062308
3062335
3062362
3062390
3062417
3062445
3062471
3062501
3062537
3062563
3062591
3062620
3062649
3062676
3062706
3062738
3062779
3062813
3062845
3062884
3062916
3062948
3062975
3063003
3063029
3063073
3063108
3063141
3064090
3064197
3064234
3064263
3064292
3064322
3064351
3064380
3064407
3064462
3064492
3064520
3064548
3064576
3064602
3064632
3064659
3064685
3064712
3064741
3064770
3064797
3064824
3064854
3064880
3064906
3064935
3064962
3064988
3065014
3065040
3065067
3065093
3065314
3065360
3065389
3065415
3065441
3065467
3065493
3065519
3065551
3065578
3065609
3065675
3065792
3066814
3066872
3066908
3066937
3066963
3066992
3067018
3067045
3067072
3067104
3067134
3067160
3067199
3067227
3067258
3067288
3067318
3067347
3067379
3067405
3067432
3067460
3067490
3067517
3067551
3067578
3067608
3067634
3067661
3067690
3067719
3067757
3067815
3067845
3067873
3067899
3067925
3067957
3067984
3068012
3068039
3068073
3068107
3068152
3068180
3068214
3068240
3068266
3068301
3068327
3068366
3068392
3068420
3068446
3068473
3069502
3069533
3069593
3069649
3069688
3069769
3069844
3069870
3069897
3069923
3069950
3070053
3070171
3070250
3070330
3070366
3070405
3070436
3070481
3070522
3070564
3070598
3070659
3070795
3070872
3070931
3071076
3071122
3071210
3072318
3072439
3072468
3072496
3072527
3072591
3072636
3072662
3072697
3072724
3072755
3072782
3072810
3072837
3072864
3072894
3072920
3072948
3072974
3073012
3073041
3073069
3073100
3073130
3073157
3073185
3073262
3073296
3073328
3073361
3073389
3073418
3073446
3073474
3073503
3073530
3073557
3073588
3073616
3073643
3073672
3073749
3073786
3073813
3073840
3073867
3073895
3073923
3073957
3074943
3074975
3075003
3075043
3075070
3075097
3075123
3075149
3075177
3075207
3075239
3075265
3075294
3075352
3075381
3075410
3075439
3075478
3075507
3075533
3075561
3075608
3075635
3075685
3075711
3075738
3075768
3075795
3075822
3075858
3075885
3075911
3075938
3075966
3075994
3076022
3076049
3076076
3076111
3076139
3076169
3076195
3076222
3076277
3076306
3076336
3076368
3076397
3076448
3076477
3076504
3077654
3077691
3077721
3077762
3077790
3077817
3077844
3077870
3077901
3077927
3077955
3077982
3078029
3078079
3078115
3078146
3078179
3078213
3078240
3078269
3078295
3078322
3078352
3078379
3078406
3078433
3078460
3078486
3078514
3078542
3078570
3078599
3078627
3078655
3078691
3078717
3078745
3078771
3078798
3078826
3078854
3078883
3078917
3078946
3078972
3079000
3079029
3079057
3079083
3079111
3079137
3079164
3079201
3079228
3079262
3079289
3079315
3079376
3080398
3080427
3080476
3080536
3080563
3080591
3080617
3080650
3080701
3080757
3080799
3080828
3080856
3080889
3080919
3080948
3080978
3081005
3081031
3081073
3081099
3081131
3081166
3081195
3081224
3081258
3081287
3081320
3081359
3081393
3081442
3081503
3081536
3081563
3081589
3081616
3081644
3081683
3081712
3081742
3081770
3081797
3081824
3081850
3081878
3081906
3081935
3081963
3082005
3082033
3082091
3082265
3082480
3083167
3083194
3083221
3083248
3083277
3083313
3083339
3083367
3083397
3083423
3083455
3083495
3083521
3083549
3083576
3083606
3083632
3083661
3083689
3083717
3083744
3083770
3083797
3083824
3083866
3083894
3083921
3083949
3083996
3084024
3084071
3084097
3084125
3084153
3084189
3084215
3084244
3084270
3084298
3084327
3084364
3084397
3084423
3084451
3084479
3084518
3084545
3084584
3084610
3084640
3084700
3084757
3085755
3085817
3085864
3085910
3085954
3085987
3086017
3086044
3086073
3086099
3086127
3086154
3086180
3086208
3086234
3086263
3086290
3086320
3086346
3086372
3086398
3086425
3086453
3086484
3086511
3086537
3086568
3086595
3086623
3086650
3086679
3086709
3086741
3086790
3086816
3086842
3086870
3086899
3086929
3086958
3086985
3087013
3087041
3087077
3087113
3087176
3087247
3087292
3087326
3087412
3088497
3088535
3088574
3088602
3088635
3088663
3088691
3088718
3088744
3088772
3088800
3088829
3088855
3088883
3088910
3088940
3088971
3088998
3089028
3089054
3089083
3089110
3089137
3089165
3089192
3089223
3089250
3089278
3089304
3089330
3089374
3089441
3089467
3089502
3089531
3089561
3089589
3089634
3089665
3089692
3089718
3089745
3089774
3089802
3089829
3089858
3089895
3089939
3089970
3090006
3090035
3090076
3090143
3090171
3091243
3091269
3091302
3091333
3091379
3091412
3091440
3091487
3091515
3091562
3091591
3091621
3091647
3091682
3091710
3091739
3091768
3091796
3091826
3091852
3091879
3091905
3091932
3091964
3092008
3092035
3092062
3092091
3092133
3092160
3092190
3092219
3092246
3092272
3092298
3092324
3092351
3092378
3092406
3092432
3092460
3092488
3092515
3092541
3092569
3092597
3092625
3092653
3092679
3092708
3092737
3092765
3092794
3092822
3092853
3092887
3093298
3093922
3093950
3094091
3094180
3094230
3094256
3094284
3094311
3094337
3094365
3094391
3094418
3094446
3094473
3094501
3094533
3094560
3094589
3094645
3094672
3094699
3094727
3094753
3094784
3094822
3094849
3094875
3094907
3094935
3094961
3095063
3095094
3095120
3095163
3095194
3095230
3095259
3095287
3095313
3095340
3095368
3095396
3095426
3095455
3095485
3095532
3096680
3096706
3096734
3096763
3096794
3096823
3096849
3096885
3096915
3096942
3096975
3097003
3097035
3097061
3097088
3097116
3097142
3097170
3097197
3097224
3097253
3097280
3097309
3097335
3097361
3097388
3097415
3097442
3097469
3097495
3097522
3097549
3097576
3097606
3097633
3097670
3097699
3097727
3097761
3097816
3097845
3097874
3097901
3097929
3097955
3097987
3098015
3098043
3098070
3098096
3098138
3098180
3098211
3098245
3098272
3098302
3098439
3099349
3099383
3099412
3099441
3099470
3099497
3099525
3099554
3099581
3099612
3099644
3099674
3099702
3099741
3099768
3099809
3099855
3099894
3099929
3099957
3099994
3100026
3100053
3100126
3100158
3100188
3100216
3100247
3100276
3100308
3100337
3100366
3100392
3100424
3100451
3100480
3100506
3100533
3100562
3100590
3100617
3100648
3100676
3100705
3100733
3100759
3100786
3100814
3100842
3100870
3100907
3101033
3101060
3102083
3102110
3102136
3102165
3102191
3102220
3102248
3102275
3102302
3102329
3102356
3102385
3102412
3102444
3102477
3102505
3102532
3102562
3102589
3102620
3102648
3102675
3102703
3102731
3102757
3102800
3102835
3102863
3102892
3102922
3102955
3102985
3103012
3103039
3103155
3103197
3103234
3103260
3103292
3103319
3103350
3103376
3103403
3103429
3103457
3103484
3103511
3103548
3103577
3103617
3103677
3103703
3104755
3104794
3104865
3104899
3104928
3104955
3104984
3105010
3105037
3105068
3105098
3105126
3105154
3105184
3105210
3105236
3105264
3105291
3105318
3105347
3105378
3105404
3105431
3105459
3105491
3105517
3105546
3105574
3105601
3105629
3105661
3105687
3105717
3105746
3105775
3105829
3105857
3105884
3105910
3105937
3105968
3105995
3106024
3106050
3106090
3106132
3106158
3106210
3106239
3106266
3106301
3106327
3106360
3107189
3107217
3107245
3107273
3107302
3107332
3107362
3107390
3107417
3107443
3107471
3107500
3107529
3107558
3107584
3107623
3107658
3107689
3107716
3107744
3107776
3107803
3107840
3107866
3107895
3107985
3108020
3108489
3108516
3108547
3108573
3108601
3108627
3108655
3108681
3108712
3108923
3108952
3108983
3109009
3109037
3109066
3109093
3109119
3109273
3109301
3109467
3110512
3110538
3110566
3110607
3110666
3110770
3110835
3110861
3110888
3110916
3110944
3110971
3111002
3111031
3111063
3111102
3111131
3111157
3111185
3111212
3111238
3111271
3111301
3111342
3111372
3111398
3111427
3111453
3111479
3111506
3111535
3111563
3111590
3111617
3111647
3111677
3111706
3111737
3111767
3111804
3111831
3111861
3111890
3111920
3111946
3111975
3112002
3112030
3112059
3112159
3113309
3113336
3113364
3113390
3113416
3113443
3113471
3113498
3113525
3113551
3113578
3113605
3113633
3113662
3113688
3113722
3113748
3113774
3113801
3113836
3113886
3113913
3113939
3113969
3114009
3114037
3114069
3114155
3114187
3114245
3114286
3114316
3114356
3114407
3114456
3114487
3114550
3114697
3115785
3115820
3115854
3115890
3115947
3116112
3116991
3117042
3117068
3117098
3117197
3117228
3117254
3117281
3117314
3117344
3117372
3117400
3117427
3117453
3117480
3117545
3117572
3117646
3117672
3117700
3117726
3117762
3117810
3117849
3117877
3117911
3117939
3117969
3117997
3118026
3118053
3118080
3118109
3118136
3118170
3118206
3118234
3118277
3118308
3118337
3118365
3118391
3118420
3118450
3118514
3118543
3118570
3118600
3118643
3119695
3119737
3119763
3119789
3119815
3119844
3119871
3119901
3119930
3119957
3119984
3120016
3120048
3120076
3120102
3120134
3120179
3120207
3120233
3120260
3120288
3120322
3120356
3120382
3120412
3120438
3120466
3120492
3120518
3120545
3120710
3120844
3120872
3120898
3120925
3120953
3120980
3121006
3121036
3121072
3121109
3121135
3121162
3121191
3121218
3121245
3121274
3121342
3121808
3122380
3122419
3122447
3122475
3122502
3122529
3122556
3122585
3122611
3122641
3122668
3122697
3122724
3122754
3122783
3122810
3122836
3122864
3122893
3122920
3122946
3122978
3123011
3123039
3123067
3123097
3123124
3123150
3123179
3123205
3123253
3123279
3123308
3123336
3123368
3123396
3123425
3123457
3123484
3123511
3123538
3123566
3123593
3123621
3123648
3123686
3123713
3123742
3123770
3123798
3123829
3123859
3123887
3123913
3123943
3123971
3124019
3124045
3124072
3124099
3125073
3125102
3125133
3125162
3125208
3125239
3125267
3125295
3125323
3125350
3125379
3125420
3125455
3125482
3125509
3125538
3125565
3125593
3125619
3125645
3125671
3125698
3125725
3125752
3125780
3125809
3125836
3125863
3125890
3125918
3125945
3125972
3126004
3126032
3126059
3126086
3126113
3126142
3126169
3126200
3126228
3126256
3126284
3126311
3126339
3126366
3126394
3126427
3126454
3126483
3126512
3126538
3126566
3126594
3126622
3126650
3126676
3126702
3126747
3126789
3126819
3127822
3127861
3127893
3127922
3127948
3127975
3128002
3128029
3128056
3128083
3128114
3128140
3128169
3128195
3128224
3128254
3128284
3128311
3128338
3128367
3128395
3128437
3128464
3128494
3128525
3128569
3128602
3128628
3128655
3128682
3128709
3128737
3128763
3128791
3128820
3128849
3128876
3128903
3128930
3128957
3128983
3129011
3129037
3129064
3129092
3129120
3129150
3129177
3129204
3129230
3129257
3129315
3129369
3129408
3130605
3130633
3130662
3130689
3130718
3130745
3130775
3130816
3130843
3130872
3130902
3130929
3130959
3130986
3131013
3131042
3131078
3131120
3131148
3131177
3131209
3131236
3131265
3131309
3131335
3131362
3131393
3131422
3131449
3131482
3131510
3131537
3131563
3131589
3131617
3131643
3131672
3131698
3131725
3131755
3131785
3131812
3131841
3131869
3131898
3131925
3131951
3131979
3132005
3132032
3132070
3132098
3132126
3132155
3132184
3132211
3132237
3133232
3133286
3133319
3133346
3133376
3133416
3133478
3133504
3133530
3133558
3133585
3133615
3133643
3133669
3133697
3133724
3133765
3133792
3133821
3133850
3133877
3133906
3133935
3133961
3133991
3134017
3134044
3134071
3134099
3134127
3134154
3134181
3134210
3134242
3134269
3134298
3134371
3134398
3134424
3134453
3134480
3134510
3134551
3134580
3134611
3134638
3134665
3134692
3134721
3134749
3134778
3134808
3134836
3134864
3134890
3134916
3135941
3135977
3136014
3136047
3136077
3136104
3136131
3136161
3136188
3136218
3136244
3136271
3136297
3136325
3136352
3136379
3136406
3136432
3136459
3136486
3136513
3136542
3136569
3136598
3136829
3136855
3136881
3136907
3136935
3136964
3136993
3137022
3137048
3137077
3137104
3137134
3137165
3137196
3137231
3137260
3137289
3137317
3137348
3137380
3137411
3137440
3137467
3137494
3137520
3137547
3137575
3137607
3137706
3138827
3138871
3138933
3138959
3138998
3139026
3139053
3139080
3139107
3139249
3139294
3139324
3139354
3139390
3139438
3139468
3139495
3139532
3139562
3139591
3139618
3139650
3139676
3139720
3139840
3139872
3139907
3139942
3139976
3140006
3140033
3140067
3140097
3140213
3140249
3140284
3140310
3140337
3140373
3142157
3142211
3142268
3142345
3142397
3142452
3142524
3142576
3142627
3142680
3142738
3142789
3142836
3142874
3142926
3142975
3143030
3143080
3143189
3143243
3143296
3143356
3143414
3143468
3143523
3143576
3143629
3143682
3143730
3143777
3143828
3143882
3143934
3143979
3144057
3144203
3144264
3144311
3144362
3144421
3144475
3144536
3144588
3144641
3144693
3144747
3144799
3144851
3144905
3145005
3145058
3145110
3145169
3147157
3147209
3147265
3147316
3147369
3147425
3147593
3147690
3147748
3147809
3147863
3147974
3148089
3148143
3148196
3148246
3148296
3148349
3148401
3148459
3148513
3148565
3148617
3148669
3148725
3148779
3148832
3148883
3148933
3148984
3149034
3149087
3149141
3149192
3149243
3149296
3149366
3149443
3149496
3149546
3149612
3149702
3149754
3149942
3150051
3150218
3150314
3152377
3152452
3152523
3152611
3152663
3152719
3152771
3152820
3152877
3152931
3152989
3153042
3153093
3153149
3153201
3153251
3153301
3153355
3153406
3153466
3153548
3153600
3153692
3153803
3153870
3153995
3154049
3154116
3154175
3154229
3154285
3154343
3154396
3154446
3154496
3154548
3154600
3154655
3154707
3154762
3154812
3154865
3154915
3154963
3155019
3155046
3155072
3155104
3155133
3155160
3155187
3155223
3155296
3156364
3156426
3156456
3156482
3156509
3156536
3156587
3156620
3156648
3156675
3156704
3156731
3156759
3156803
3156829
3156873
3156924
3156973
3157012
3157052
3157085
3157120
3157148
3157174
3157202
3157228
3157259
3157285
3157313
3157340
3157366
3157393
3157420
3157453
3157479
3157508
3157539
3157566
3157592
3157620
3157647
3157676
3157702
3157730
3157758
3157787
3157813
3157840
3157866
3157896
3157924
3157953
3159184
3159251
3159278
3159304
3159332
3159361
3159388
3159415
3159441
3159471
3159500
3159529
3159557
3159585
3159613
3159639
3159668
3159701
3159731
3159757
3159783
3159813
3159843
3159871
3159898
3159926
3159955
3159981
3160009
3160036
3160063
3160091
3160118
3160146
3160173
3160200
3160230
3160257
3160285
3160312
3160339
3160367
3160395
3160424
3160451
3160477
3160505
3160535
3160562
3160588
3160618
3160647
3160681
3160711
3160805
3161863
3161896
3161924
3161953
3161980
3162006
3162034
3162078
3162105
3162132
3162163
3162190
3162216
3162244
3162274
3162300
3162330
3162358
3162394
3162420
3162450
3162477
3162504
3162533
3162559
3162586
3162615
3162642
3162670
3162696
3162722
3162765
3162792
3162820
3162849
3162880
3162907
3162937
3162986
3163013
3163039
3163066
3163094
3163121
3163147
3163176
3163206
3163233
3163267
3163296
3163325
3163353
3163379
3163415
3163444
3164591
3164678
3164734
3164767
3164796
3164824
3164853
3164881
3164909
3164936
3164962
3164990
3165027
3165054
3165084
3165116
3165150
3165178
3165205
3165233
3165260
3165290
3165320
3165348
3165374
3165401
3165428
3165455
3165482
3165508
3165536
3165563
3165590
3165619
3165646
3165674
3165715
3165763
3165792
3165820
3165847
3165876
3165905
3165936
3165967
3166000
3166027
3166065
3166096
3166125
3166152
3166188
3166291
3167373
3167406
3167434
3167462
3167489
3167519
3167546
3167574
3167603
3167630
3167657
3167684
3167713
3167745
3167773
3167801
3167830
3167858
3167888
3167918
3167944
3167972
3167999
3168025
3168051
3168078
3168106
3168134
3168191
3168220
3168247
3168273
3168300
3168327
3168354
3168380
3168408
3168438
3168464
3168494
3168522
3168548
3168574
3168600
3168628
3168656
3168684
3168711
3168738
3168764
3168792
3168820
3168848
3168884
3168912
3168938
3168967
3168994
3169646
3170138
3170168
3170217
3170245
3170275
3170303
3170337
3170364
3170391
3170420
3170447
3170475
3170507
3170533
3170561
3170587
3170617
3170657
3170684
3170710
3170737
3170763
3170789
3170815
3170849
3170878
3170905
3170933
3170960
3170988
3171017
3171096
3171125
3171154
3171181
3171207
3171234
3171262
3171289
3171316
3171342
3171371
3171402
3171430
3171457
3171486
3171520
3171561
3171597
3171623
3171658
3172879
3172907
3172935
3172963
3172990
3173016
3173045
3173072
3173098
3173127
3173153
3173183
3173210
3173237
3173265
3173291
3173318
3173346
3173373
3173400
3173448
3173475
3173501
3173534
3173560
3173586
3173615
3173643
3173669
3173699
3173727
3173754
3173780
3173809
3173838
3173866
3173892
3173918
3173944
3173971
3173997
3174027
3174054
3174087
3174113
3174141
3174179
3174211
3174237
3174266
3174303
3174332
3174359
3174386
3174465
3175577
3175628
3175691
3175740
3175774
3175823
3175852
3175880
3175924
3175952
3175980
3176006
3176036
3176062
3176088
3176114
3176141
3176168
3176195
3176222
3176260
3176288
3176315
3176342
3176372
3176399
3176426
3176453
3176483
3176510
3176547
3176573
3176601
3176631
3176658
3176686
3176712
3176739
3176765
3176805
3176831
3176858
3176885
3176912
3176938
3176979
3177008
3177034
3177068
3177095
3177123
3177150
3178305
3178343
3178432
3178460
3178487
3178514
3178549
3178576
3178603
3178629
3178656
3178687
3178717
3178745
3178775
3178802
3178829
3178864
3178891
3178918
3178945
3178974
3179001
3179027
3179055
3179081
3179109
3179136
3179162
3179191
3179217
3179247
3179274
3179304
3179333
3179361
3179393
3179421
3179448
3179474
3179500
3179529
3179555
3179581
3179608
3179637
3179668
3179694
3179720
3179754
3179793
3179820
3179867
3179935
3179962
3179989
3181119
3181168
3181199
3181240
3181271
3181311
3181352
3181384
3181410
3181438
3181472
3181504
3181535
3181563
3181590
3181616
3181650
3181676
3181704
3181732
3181763
3181817
3181845
3181879
3181909
3181944
3181978
3182015
3182050
3182078
3182107
3182135
3182164
3182191
3182218
3182250
3182280
3182307
3182336
3182362
3182388
3182418
3182444
3182475
3182502
3182553
3182585
3182619
3182663
3183843
3183871
3183900
3183927
3183954
3183984
3184011
3184042
3184070
3184097
3184126
3184153
3184180
3184207
3184235
3184261
3184287
3184315
3184343
3184370
3184396
3184426
3184454
3184485
3184514
3184540
3184566
3184594
3184620
3184648
3184675
3184702
3184729
3184755
3184782
3184811
3184839
3184866
3184893
3184923
3184954
3184980
3185007
3185034
3185062
3185090
3185117
3185144
3185172
3185200
3185230
3185256
3185285
3185339
3186481
3186577
3186605
3186632
3186661
3186688
3186718
3186751
3186834
3186882
3187002
3187029
3187055
3187084
3187119
3187159
3187185
3187212
3187238
3187266
3187295
3187339
3187367
3187394
3187420
3187450
3187478
3187505
3187532
3187558
3187587
3187614
3187641
3187667
3187693
3187721
3187747
3187775
3187822
3187851
3187883
3187909
3187939
3187984
3188012
3188039
3188066
3188096
3190226
3190254
3190295
3190413
3190440
3190475
3190508
3190689
3190743
3190782
3190823
3191964
3192069
3192173
3192334
3192440
3192503
3192561
3192633
3192726
3192753
3192780
3192806
3192834
3192861
3192889
3192916
3192945
3192983
3193078
3193104
3193133
3193160
3193210
3193277
3193377
3193503
3193546
3193670
3194734
3194796
3194843
3194873
3194917
3194951
3195016
3195085
3195124
3195161
3195191
3195229
3195296
3195324
3195352
3195379
3195406
3195434
3195461
3195488
3195514
3195541
3195568
3195601
3195630
3195658
3195684
3195711
3195746
3195777
3195803
3195831
3195858
3195899
3195934
3195963
3195991
3196021
3196048
3196079
3196107
3196136
3196163
3196196
3196223
3196270
3196301
3196334
3197649
3197709
3197798
3197880
3197994
3198053
3198123
3198219
3198301
3198369
3198446
3198499
3198594
3198738
3198887
3198983
3199052
3199153
3199270
3199330
3199579
3199701
3199808
3199878
3199985
3200063
3200187
3200284
3200401
3200456
3200507
3200549
3200589
3200646
3200704
3200800
3202958
3203022
3203051
3203093
3203144
3203194
3203241
3203290
3203436
3203897
3203953
3204002
3204054
3204101
3204155
3204205
3204254
3204304
3204354
3204404
3208129
3208202
3208330
3208380
3208430
3208509
3208563
3208614
3208732
3208791
3209123
3209178
3209334
3209507
3209775
3209837
3210646
3211018
3213365
3213651
3213704
3213772
3213829
3213883
3213937
3213990
3214040
3214093
3214151
3214202
3214260
3214311
3214367
3214427
3214478
3214534
3214585
3214636
3214688
3214743
3214805
3214860
3214912
3214966
3215017
3215068
3215118
3215187
3215242
3215298
3215354
3215408
3215459
3215509
3215569
3215619
3215673
3215724
3215783
3215837
3215890
3215967
3216022
3216072
3216124
3216166
3216216
3216265
3216313
3216364
3216414
3216474
3216540
3216592
3218741
3218888
3218966
3219029
3219086
3219140
3219193
3219245
3219297
3219389
3219446
3219502
3219556
3219606
3219656
3219709
3219765
3219817
3219868
3219922
3219977
3220033
3220085
3220141
3220195
3220246
3220322
3220402
3220458
3220511
3220561
3220615
3220666
3220716
3220772
3220821
3220875
3220927
3220977
3221030
3221086
3221136
3221192
3221246
3221300
3221357
3221409
3221460
3221512
3221586
3221648
3221706
3221760
3221822
3223895
3224019
3224073
3224129
3224299
3224434
3224530
3224695
3224753
3224810
3224860
3224912
3224968
3225023
3225122
3225175
3225233
3225293
3225356
3225408
3225466
3225521
3225574
3225625
3225691
3225747
3225810
3225864
3225922
3225982
3226036
3226091
3226142
3226194
3226245
3226295
3226345
3226406
3226458
3226512
3226570
3226637
3226689
3226743
3226788
3226875
3226994
3227040
3227116
3228967
3229107
3229161
3229232
3229282
3229363
3229413
3229463
3229515
3229562
3229611
3229663
3229710
3229754
3229807
3229864
3229920
3230058
3230105
3230162
3230217
3230310
3230432
3230494
3230562
3230615
3230668
3230719
3230771
3230828
3230913
3230979
3231033
3231086
3231152
3231207
3231269
3231323
3231375
3231431
3231483
3231552
3231610
3231663
3231719
3231779
3231829
3231880
3231931
3231982
3232075
3232126
3232197
3234301
3234351
3234408
3234461
3234511
3234558
3234606
3234652
3234693
3234742
3234795
3234841
3234895
3234952
3235004
3235052
3235108
3235160
3235214
3235266
3235324
3235381
3235435
3235493
3235545
3235595
3235649
3235698
3235735
3235775
3235810
3235842
3235890
3235941
3235998
3236048
3236097
3236132
3236163
3236217
3236269
3236320
3236374
3236459
3236512
3236566
3236623
3236674
3236738
3236790
3236840
3236890
3236939
3236999
3237050
3237116
3237172
3237299
3237351
3239354
3239414
3239477
3239527
3239624
3239680
3239734
3239785
3239852
3239906
3239966
3240018
3240070
3240121
3240173
3240225
3240276
3240330
3240381
3240438
3240488
3240539
3240590
3240645
3240698
3240750
3240807
3240881
3240931
3240986
3241039
3241092
3241147
3241200
3241254
3241308
3241391
3241497
3241550
3241635
3241693
3241747
3241801
3241853
3241907
3241962
3242017
3242070
3242123
3242178
3242231
3242379
3242433
3244441
3244485
3244514
3244541
3244569
3244597
3244634
3244670
3244696
3244727
3244754
3244782
3244811
3244839
3244867
3244894
3244922
3244959
3244992
3245029
3245055
3245083
3245110
3245163
3245225
3245327
3245354
3245384
3245426
3245462
3245495
3245524
3245559
3245592
3245618
3245647
3245675
3245702
3245730
3245760
3245787
3245813
3245841
3245868
3245897
3245926
3245952
3245980
3246006
3246036
3246087
3247229
3247313
3247344
3247406
3247436
3247473
3247517
3247556
3247583
3247612
3247638
3247664
3247692
3247719
3247745
3247774
3247800
3247827
3247853
3247880
3247906
3247954
3247980
3248007
3248039
3248065
3248091
3248118
3248147
3248174
3248200
3248227
3248255
3248284
3248313
3248343
3248370
3248414
3248443
3248475
3248502
3248531
3248558
3248586
3248640
3248671
3248699
3248725
3248757
3249907
3249937
3249964
3249993
3250034
3250060
3250087
3250113
3250142
3250168
3250194
3250222
3250251
3250277
3250304
3250330
3250356
3250391
3250422
3250468
3250495
3250524
3250558
3250585
3250611
3250639
3250668
3250694
3250726
3250758
3250785
3250814
3250842
3250870
3250898
3250927
3250964
3250992
3251020
3251048
3251077
3251105
3251132
3251162
3251191
3251219
3251247
3251276
3251302
3251328
3251355
3251385
3251412
3251467
3251495
3251523
3251608
3252698
3252819
3252893
3252970
3253040
3253130
3253217
3253322
3253388
3253429
3253461
3253536
3253563
3253591
3253627
3253664
3253692
3253719
3253745
3253772
3253800
3253826
3253853
3253881
3253910
3253936
3253964
3253991
3254018
3254045
3254074
3254109
3254136
3254162
3254197
3254238
3254276
3255390
3255435
3255465
3255498
3255528
3255561
3255592
3255618
3255645
3255673
3255701
3255733
3255760
3255815
3255843
3255877
3255905
3255935
3255961
3255987
3256020
3256047
3256074
3256101
3256129
3256155
3256208
3256234
3256271
3256301
3256330
3256358
3256385
3256412
3256439
3256467
3256495
3256521
3256548
3256577
3256603
3256631
3256658
3256685
3256712
3256738
3256767
3256794
3256823
3256855
3256884
3256927
3256954
3258015
3258077
3258116
3258161
3258237
3258263
3258290
3258318
3258345
3258372
3258401
3258429
3258457
3258500
3258527
3258554
3258580
3258608
3258635
3258666
3258711
3258797
3258823
3259104
3259142
3259170
3259198
3259227
3259255
3259314
3259344
3259372
3259402
3259429
3259456
3259484
3259511
3259541
3259584
3259611
3259641
3259676
3259757
3259807
3260886
3260922
3261007
3261041
3261068
3261094
3261536
3261564
3261591
3261618
3261649
3261676
3261706
3261733
3261761
3261787
3261815
3261843
3261871
3261899
3261925
3261958
3261987
3262013
3262041
3262068
3262094
3262122
3262149
3262176
3262205
3262231
3262262
3262292
3262335
3262369
3262397
3262486
3263665
3263698
3263725
3263775
3263809
3263837
3263863
3263891
3263917
3263944
3263973
3264003
3264031
3264059
3264093
3264123
3264149
3264180
3264210
3264237
3264268
3264294
3264321
3264347
3264373
3264399
3264428
3264454
3264488
3264540
3264591
3264642
3264709
3264759
3264812
3264865
3264920
3264972
3265023
3265079
3265132
3265190
3265244
3265308
3265365
3265420
3265475
3265524
3265571
3265629
3265690
3265747
3265812
3265940
3267969
3268057
3268109
3268163
3268213
3268263
3268314
3268367
3268418
3268468
3268545
3268637
3268743
3268878
3268993
3269103
3269232
3269322
3269386
3269438
3269493
3269543
3269591
3269644
3269696
3269748
3269806
3269860
3269912
3269968
3270023
3270073
3270129
3270214
3270281
3270355
3270433
3270495
3270573
3270723
3270851
3271018
3271079
3271272
3273366
3273533
3273583
3273641
3273695
3273750
3273806
3273864
3273917
3273986
3274038
3274097
3274153
3274207
3274269
3274337
3274396
3274449
3274499
3274552
3274606
3274663
3274714
3274768
3274825
3274883
3274935
3274991
3275053
3275108
3275165
3275219
3275272
3275326
3275385
3275444
3275501
3275556
3275610
3275667
3275718
3275770
3275825
3275883
3275935
3276015
3276070
3276134
3276197
3276516
3278714
3322367
3322505
3323060
3323517
3323865
3323985
3324114
3330445
3330702
3331461
3331628
3331829
3332385
3334509
3334635
3334722
3334806
3335452
3335691
3336066
3336176
3336366
3340382
3341646
3341708
3341806
3341880
3341936
3341991
3342066
3342108
3342158
3342208
3342256
3342293
3342330
3342373
3342409
3342447
3342484
3342529
3342560
3342588
3342623
3342656
3342694
3342724
3342756
3342796
3342833
3342869
3342904
3342944
3343002
3343051
3343089
3343126
3343153
3343183
3343212
3343239
3343269
3343298
3343326
3343358
3343392
3343420
3343455
3343499
3343534
3343565
3343599
3343629
3343661
3343692
3343725
3343761
3343788
3343814
3343842
3343868
3343897
3343928
3343955
3343984
3344015
3344041
3344070
3344100
3344128
3344157
3344183
3344211
3344240
3344266
3344293
3344338
3344384
3344413
3344446
3344472
3344498
3344524
3344554
3344582
3344611
3344639
3344674
3344707
3344743
3344775
3344807
3344834
3344861
3344891
3344921
3344953
3344989
3345036
3345070
3345098
3345131
3345160
3345190
3345221
3345250
3345280
3345314
3345344
3345377
3345412
3345448
3345481
3345516
3345549
3345579
3345607
3345638
3345665
3345701
3345739
3345769
3345796
3345825
3345853
3345880
3345907
3345938
3345969
3345995
3346023
3346052
3346078
3346105
3346131
3346158
3346185
3346214
3346243
3346271
3346299
3346326
3346355
3346390
3346424
3346466
3346508
3346545
3346572
3346600
3346631
3346663
3346694
3346720
3346754
3346787
3346825
3346863
3346900
3346930
3346959
3346992
3347020
3347052
3347088
3347126
3347156
3347182
3347211
3347238
3347280
3347311
3347352
3347388
3347421
3347454
3347486
3347514
3347545
3347578
3347608
3347641
3347678
3347706
3347745
3347779
3347809
3347841
3347888
3347918
3347955
3348007
3348095
3348146
3348186
3348227
3348272
3348570
3348667
3348971
3350873
3351799
3351840
3351882
3351914
3351944
3351976
3352015
3352045
3352071
3352100
3352128
3352162
3352216
3352269
3352312
3352355
3352401
3352457
3352513
3352557
3352593
3352619
3352646
3352675
3352702
3352729
3352756
3352783
3352812
3352839
3352866
3352893
3352920
3352948
3352975
3353003
3353030
3353058
3353086
3353112
3353140
3353168
3353198
3353225
3353255
3353286
3353314
3353342
3353370
3353400
3353429
3353458
3353484
3353512
3353540
3353570
3353599
3353627
3353655
3353682
3353711
3353738
3353764
3353790
3353819
3353846
3353872
3353902
3353930
3353959
3353987
3354013
3354041
3354067
3354093
3354122
3354155
3354187
3354224
3354251
3354281
3354316
3354349
3354377
3354412
3354445
3354474
3354504
3354536
3354597
3354625
3354651
3354680
3354706
3354733
3354762
3354788
3354816
3354845
3354872
3354899
3354930
3354958
3355004
3355046
3355104
3355161
3355271
3355339
3356406
3356509
3356608
3356718
3356837
3356939
3357065
3357183
3357364
3357583
3357697
3357803
3357931
3358040
3358185
3358368
3358477
3358538
3358588
3358636
3358688
3358735
3358789
3358832
3358868
3358919
3358969
3359017
3359060
3359087
3359114
3359144
3359172
3359199
3359225
3359256
3359286
3359314
3359343
3359386
3359413
3359441
3359470
3359498
3359541
3359575
3359601
3359641
3359668
3359696
3359729
3359756
3359793
3359828
3359867
3359906
3359948
3359991
3360035
3360086
3360129
3360169
3360209
3360254
3360296
3360343
3360388
3360428
3360468
3360510
3360550
3360588
3360627
3360669
3360712
3360751
3360793
3360833
3360872
3360911
3360950
3360999
3361042
3361086
3361135
3361179
3361222
3361262
3361305
3361352
3361394
3361436
3361504
3361548
3361588
3361660
3361713
3361798
3361874
3361961
3362053
3362136
3362196
3362235
3362283
3362332
3362419
3362497
3362580
3362664
3362744
3362827
3362900
3362944
3362998
3363070
3363123
3363156
3363189
3363220
3363269
3363311
3363356
3363395
3363430
3363469
3363525
3363568
3363609
3363652
3363700
3363738
3363778
3363822
3363862
3363906
3363952
3364007
3364051
3364097
3364137
3364177
3364215
3364256
3364298
3364341
3364386
3364419
3364456
3364490
3364529
3364572
3364608
3364642
3364676
3364710
3364745
3364782
3364818
3364856
3364894
3364926
3364959
3364995
3365029
3365064
3365098
3365132
3365164
3365198
3365230
3365270
3365312
3365352
3365402
3365445
3365494
3365531
3365568
3365602
3365637
3365669
3365707
3365752
3365795
3365835
3365875
3365911
3365945
3365979
3366012
3366051
3366085
3366119
3366155
3366195
3366245
3366290
3366331
3366370
3366405
3366440
3366473
3366509
3366546
3366581
3366619
3366652
3366685
3366720
3366758
3366794
3366827
3366859
3366894
3366929
3366965
3366997
3367030
3367066
3367105
3367142
3367175
3367209
3367246
3367284
3367324
3367369
3367412
3367447
3367483
3367517
3367556
3367611
3367657
3367694
3367753
3367798
3367848
3367903
3367963
3368009
3368054
3368110
3368188
3368260
3368313
3368359
3368394
3368438
3368475
3368543
3368592
3368653
3368708
3368761
3368831
3373596
3373645
3373695
3373731
3373773
3373813
3373848
3373885
3373921
3373958
3373999
3374043
3374094
3374141
3374186
3374261
3374306
3374349
3374398
3374435
3374477
3374516
3374555
3374590
3374626
3374662
3374699
3374735
3374771
3374815
3374855
3374887
3374924
3374956
3374988
3375021
3375059
3375091
3375127
3375160
3375187
3375217
3375251
3375281
3375320
3375353
3375387
3375425
3375453
3375482
3375512
3375544
3375579
3375612
3375652
3375685
3375726
3375765
3375806
3375855
3375905
3375958
3376003
3376046
3376100
3376145
3376187
3376236
3376277
3376317
3376353
3376388
3376426
3376462
3376496
3376538
3376576
3376612
3376648
3376690
3376727
3376773
3376809
3376854
3376899
3376944
3376996
3377062
3377109
3377155
3377197
3377255
3377301
3377341
3377383
3377423
3377473
3377511
3377550
3377586
3377621
3377656
3377691
3377727
3377764
3377799
3377838
3377874
3377911
3377947
3377983
3378020
3378062
3378099
3378140
3378180
3378214
3378251
3378285
3378321
3378365
3378403
3378438
3378475
3378511
3378547
3378584
3378620
3378657
3378698
3378734
3378774
3378814
3378848
3378889
3378935
3378987
3379044
3379079
3379116
3379151
3379200
3379236
3379272
3379310
3379346
3379382
3379418
3379469
3379508
3379551
3379606
3379654
3379704
3379757
3379814
3379882
3379939
3380029
3380143
3380316
3380436
3380549
3380663
3380774
3380895
3381010
3381079
3381133
3381186
3381252
3381304
3381391
3381458
3381542
3381649
3381728
3381813
3381922
3381978
3382039
3382149
3382272
3382389
3382498
3382610
3382721
3382833
3382928
3383005
3383124
3383256
3383367
3383450
3383526
3383603
3383713
3383796
3383853
3383909
3383967
3384026
3384099
3384147
3384203
3384260
3384318
3384377
3384435
3384494
3384567
3384606
3384673
3384740
3384815
3384866
3384910
3384961
3385004
3385050
3385091
3385139
3385182
3385225
3385273
3385324
3385364
3385417
3385465
3385526
3385578
3385614
3385651
3385687
3385723
3385760
3385800
3385846
3385886
3385918
3385949
3385981
3386020
3386049
3386096
3386144
3386175
3386215
3386246
3386275
3386304
3386336
3386371
3386410
3386453
3386487
3386521
3386557
3386592
3386626
3386656
3386682
3386710
3386738
3386767
3386801
3386837
3386883
3386924
3386970
3387026
3387061
3387097
3387137
3387181
3387224
3387258
3387307
3387352
3387399
3387447
3387486
3387522
3387558
3387598
3387642
3387677
3387714
3387751
3387786
3387822
3387861
3387897
3387934
3387968
3388003
3388042
3388077
3388124
3388160
3388197
3388233
3388272
3388321
3388374
3388409
3388447
3388482
3388517
3388551
3388588
3388625
3388673
3388730
3388778
3388818
3388856
3388894
3388935
3388972
3389014
3389051
3389087
3389122
3389166
3389204
3389245
3389284
3389321
3389360
3389395
3389432
3389469
3389507
3389555
3389605
3389643
3389681
3389716
3389751
3389789
3389825
3389860
3389897
3389937
3389979
3390025
3390074
3390135
3390204
3390261
3390317
3390388
3390487
3390595
3390681
3390791
3390897
3390986
3391061
3391230
3391339
3391441
3395236
3395284
3395324
3395364
3395400
3395435
3395476
3395512
3395557
3395592
3395628
3395666
3395711
3395760
3395796
3395831
3395868
3395906
3395944
3395981
3396017
3396060
3396097
3396136
3396172
3396225
3396267
3396302
3396342
3396379
3396419
3396459
3396495
3396524
3396551
3396578
3396606
3396634
3396660
3396689
3396716
3396742
3396768
3396798
3396826
3396854
3396882
3396909
3396936
3396964
3396994
3397029
3397066
3397103
3397159
3397211
3397249
3397283
3397318
3397354
3397384
3397428
3397474
3397529
3397574
3397620
3397665
3397710
3397758
3397808
3397858
3397912
3397975
3398044
3398109
3398156
3398204
3398247
3398292
3398345
3398392
3398440
3398487
3398539
3398605
3398677
3398759
3398885
3398987
3399059
3399124
3399182
3399250
3399315
3399362
3399420
3399472
3399551
3399621
3399697
3399769
3399844
3399928
3400001
3400058
3400136
3400208
3400259
3400308
3400352
3400406
3400466
3400522
3400586
3400663
3400733
3400800
3400865
3400932
3400984
3401029
3401075
3401126
3401174
3401232
3401277
3401324
3401396
3401479
3401564
3401642
3401718
3401863
3402006
2979121
2979151
2979177
2979205
2979231
2979260
2979291
2979318
2979661
2979695
2979730
2979757
2979783
2979813
2979854
3034937
3034967
3034995
3035021
3035049
3035101
3035129
3035158
3035188
3035215
3035248
3035282
3035360
3035699
3035731
3035757
3035784
3035813
3035841
3035870
3035898
3035924
3035951
3035977
3036005
3036067
3036095
3036121
3036154
3036181
3036208
3036238
3036279
3036310
3036339
3036366
3036418
3036447
3036483
3036518
3037751
3037880
3037910
3037947
3038112
3038143
3038170
3038202
3038232
3038261
3038287
3038321
3038353
3038380
3038409
3038438
3038469
3038497
3038526
3038555
3038582
3038609
3038635
3038662
3038690
3038719
3038746
3038779
3038805
3038831
3038859
3038885
3038912
3038938
3038965
3038992
3039020
3039050
3039077
3039105
3039132
3039159
3039186
3039214
3040357
3040384
3040410
3040440
3040471
3040499
3040528
3040558
3040584
3040614
3040640
3040672
3040699
3040726
3040755
3040792
3040825
3040854
3040880
3040908
3040936
3040962
3040990
3041016
3041044
3041071
3041098
3041124
3041151
3041177
3041206
3041233
3041260
3041289
3041326
3041355
3041386
3041426
3041455
3041483
3041513
3041555
3041581
3041610
3041645
3041675
3041706
3041733
3041761
3041787
3041822
3041939
3041979
3043085
3043151
3043192
3043222
3043278
3043308
3043338
3043366
3043393
3043421
3043449
3043476
3043506
3043533
3043561
3043590
3043618
3043645
3043673
3043699
3043726
3043755
3043781
3043807
3043834
3043861
3043894
3043920
3043947
3043976
3044005
3044040
3044066
3044093
3044119
3044147
