2979115
2979229
2979250
2979721
3035042
3035071
3035156
3035177
3035186
3035221
3035243
3035721
3035750
3035989
3036033
3036200
3036241
3036280
3036378
3036429
3036448
3037890
3037952
3038249
3038346
3038431
3038632
3038763
3038885
3038915
3039014
3039056
3039060
3039076
3039174
3040353
3040371
3040616
3040730
3040786
3040804
3040835
3040880
3040882
3041115
3041186
3041225
3041277
3041667
3041947
3041948
3041985
3043414
3043602
3043695
3043696
3043740
3044004
3044020
3044071
3044100
3044138
3044162
3044229
3044394
3044412
3044425
3044617
3045762
3045775
3045784
3045907
3045951
3045998
3046006
3046299
3046337
3046353
3046354
3046370
3046440
3046454
3046632
3046634
3046705
3046764
3046793
3046861
3047040
3047198
3047209
3047212
3047247
3047372
3048538
3048777
3048848
3048872
3048913
3049017
3049025
3049030
3049041
3049100
3049134
3049195
3049273
3049325
3049554
3049560
3049675
3049685
3049779
3049872
3051140
3051222
3051554
3051571
3051733
3051760
3051780
3051810
3051918
3052178
3052285
3052375
3052613
3052644
3052653
3052707
3052808
3052926
3053003
3053042
3053058
3053219
3053252
3053256
3053260
3053324
3054389
3054446
3054487
3054635
3054825
3054892
3055019
3055245
3055651
3055785
3055786
3055977
3056671
3056685
3056806
3056812
3056830
3056860
3057038
3057081
3057153
3057221
3057510
3057534
3057589
3057596
3057623
3057633
3057662
3057821
3058729
3058782
3058825
3059315
3059460
3059463
3059579
3059650
3059717
3059745
3059761
3059798
3060085
3060163
3060353
3061626
3061629
3061645
3061725
3061883
3061994
3062029
3062121
3062131
3062237
3062470
3062583
3062667
3062715
3062723
3062807
3062839
3062840
3062969
3062991
3063125
3064181
3064443
3064511
3064657
3064677
3064744
3064839
3064860
3064886
3064941
3064978
3065398
3066932
3067207
3067242
3067285
3067339
3067364
3067387
3067664
3067700
3067849
3067860
3067866
3067867
3067906
3068222
3068230
3068234
3068325
3068400
3068413
3069593
3069660
3069906
3069951
3070144
3070171
3070250
3070331
3070370
3070517
3070601
3070625
3072426
3072448
3072462
3072532
3072646
3072656
3072693
3072754
3072861
3072918
3073025
3073045
3073046
3073062
3073154
3073190
3073442
3073532
3073545
3073556
3073567
3073588
3073657
3073774
3073932
3074996
3075083
3075144
3075215
3075311
3075467
3075548
3075553
3075567
3075643
3075703
3075747
3075789
3075820
3075827
3075834
3075841
3075864
3075954
3075996
3075997
3076084
3076523
3077651
3077715
3077853
3077947
3077980
3078032
3078082
3078131
3078233
3078427
3078449
3078508
3078590
3078600
3078771
3078789
3078828
3079001
3079003
3079016
3079037
3079051
3079073
3079122
3079176
3079218
3079341
3080439
3080443
3080595
3080702
3080758
3080807
3080937
3080942
3080998
3081177
3081190
3081592
3081609
3081626
3082018
3083213
3083260
3083270
3083281
3083414
3083596
3083637
3083640
3083669
3083714
3083761
3083851
3084072
3084087
3084173
3084392
3084522
3084588
3084599
3084743
3084798
3085855
3085933
3086044
3086146
3086240
3086629
3086631
3086635
3086653
3086722
3086801
3086825
3086952
3087058
3087122
3087158
3087217
3087283
3088511
3088682
3088692
3088761
3088779
3088783
3088908
3088912
3088990
3089150
3089181
3089299
3089512
3089567
3089659
3089733
3089779
3089854
3089978
3090055
3090119
3091317
3091416
3091424
3091432
3091615
3091781
3091855
3091877
3091904
3091955
3091966
3092069
3092101
3092243
3092245
3092349
3092401
3092402
3092780
3092868
3093904
3093931
3094181
3094196
3094323
3094465
3094481
3094544
3094659
3094693
3094756
3094919
3095067
3095092
3095211
3095345
3095366
3096698
3096856
3096901
3096912
3096931
3097049
3097058
3097084
3097121
3097124
3097166
3097188
3097234
3097437
3097605
3097658
3097743
3097760
3097909
3098187
3099377
3099453
3099477
3099478
3099490
3099670
3099676
3099726
3099759
3099808
3099936
3100009
3100208
3100241
3100294
3100484
3100701
3100736
3100841
3102078
3102274
3102325
3102664
3102731
3102843
3102942
3102976
3103073
3103219
3103248
3103430
3103437
3103475
3103571
3103622
3103627
3104948
3104957
3104976
3105010
3105021
3105093
3105115
3105198
3105228
3105360
3105386
3105527
3105558
3105563
3105782
3105893
3105967
3105979
3106049
3106053
3106065
3106324
3106367
3107188
3107232
3107438
3107441
3107526
3107563
3107590
3107621
3107628
3107671
3107691
3107692
3107712
3107835
3108511
3108529
3108934
3108946
3110576
3110604
3110898
3110942
3111057
3111072
3111240
3111247
3111372
3111447
3111551
3111625
3111677
3111746
3111932
3111948
3112142
3112159
3113356
3113479
3113559
3113640
3113690
3113699
3113721
3113771
3114180
3114227
3114364
3114456
3115852
3115856
3115943
3116111
3117016
3117072
3117396
3117401
3117551
3117561
3117596
3117853
3117961
3118019
3118026
3118089
3118134
3118198
3118241
3118298
3118330
3118361
3118469
3118561
3119693
3119749
3119809
3120022
3120044
3120184
3120281
3120362
3120372
3120561
3120845
3120859
3120871
3120893
3120961
3121121
3121343
3122467
3122487
3122490
3122970
3122979
3123110
3123138
3123147
3123198
3123202
3123292
3123343
3123522
3123584
3123618
3123817
3123863
3123897
3124381
3125088
3125291
3125344
3125347
3125420
3125432
3125480
3125499
3125546
3125557
3125568
3125575
3125613
3125660
3125684
3125686
3125776
3125837
3125849
3125887
3125904
3125953
3126053
3126084
3126146
3126324
3126356
3126368
3126417
3126446
3126519
3126680
3126684
3126724
3126826
3127892
3127931
3127950
3127975
3127996
3128081
3128130
3128243
3128299
3128352
3128443
3128547
3128623
3128946
3129372
3129376
3130604
3130611
3130624
3130634
3130726
3130739
3130948
3131042
3131182
3131233
3131271
3131348
3131523
3131566
3131720
3131721
3131783
3131930
3131966
3131986
3131999
3132029
3132130
3132176
3133215
3133217
3133354
3133485
3133703
3133739
3133817
3133840
3133844
3133946
3133947
3133948
3133957
3133963
3134001
3134060
3134073
3134074
3134094
3134143
3134192
3134253
3134644
3134703
3134740
3134799
3134822
3134918
3136280
3136290
3136305
3136330
3136355
3136440
3136599
3136869
3137048
3137120
3137390
3137396
3137415
3137488
3137515
3137521
3137604
3138826
3139043
3139288
3139366
3139479
3139519
3139592
3139606
3139683
3139732
3139901
3139988
3140002
3140281
3142112
3142308
3142389
3142450
3142466
3142533
3142676
3142908
3142920
3143044
3143170
3143429
3143587
3143676
3143876
3144258
3144277
3144283
3144658
3144708
3145040
3147382
3147579
3147692
3147777
3147834
3147938
3148093
3148127
3148215
3148223
3148252
3148463
3148619
3148623
3148712
3148777
3148984
3149216
3149295
3149296
3149608
3149735
3150291
3152385
3152391
3152504
3152667
3152746
3152761
3152923
3153978
3154085
3154139
3154225
3154237
3154536
3154567
3154738
3154923
3154959
3155001
3155003
3155012
3155020
3155108
3155225
3155235
3155250
3156348
3156482
3156617
3156647
3156764
3156809
3156826
3157012
3157063
3157110
3157360
3157363
3157391
3157407
3157416
3157419
3157477
3157545
3157582
3157630
3157695
3157778
3157789
3157874
3159185
3159248
3159299
3159379
3159523
3159578
3159756
3159864
3159867
3159877
3159894
3159934
3159939
3160098
3160106
3160108
3160162
3160190
3160242
3160271
3160365
3160454
3160455
3160491
3160508
3160603
3160760
3160793
3160794
3161860
3161998
3162152
3162164
3162222
3162241
3162267
3162289
3162345
3162408
3162456
3162468
3162478
3162565
3162694
3162698
3162699
3162814
3162884
3163078
3163107
3163114
3163163
3163169
3163302
3163374
3163424
3163448
3164742
3164778
3164803
3164909
3164964
3165156
3165181
3165186
3165329
3165499
3165517
3165556
3165571
3165700
3165716
3165775
3165799
3165879
3165980
3166049
3166151
3166152
3167504
3167550
3167727
3167748
3167852
3167901
3167927
3167947
3168059
3168122
3168127
3168201
3168228
3168280
3168293
3168309
3168360
3168446
3168456
3168612
3168615
3168641
3168666
3168737
3168782
3168909
3168933
3168976
3170078
3170232
3170319
3170475
3170555
3170603
3170618
3170786
3170792
3170805
3170874
3170880
3170916
3170934
3170997
3171028
3171167
3171180
3171196
3171203
3171249
3171258
3171313
3171355
3171450
3171575
3173051
3173098
3173131
3173254
3173263
3173421
3173447
3173518
3173590
3173623
3173698
3173704
3173744
3173813
3173958
3173961
3173972
3173999
3174033
3174050
3174108
3174147
3174236
3174347
3174368
3175579
3175662
3175772
3175850
3175969
3176047
3176101
3176170
3176180
3176242
3176494
3176550
3176634
3176673
3176705
3176730
3176743
3176747
3176757
3176812
3176819
3176936
3177036
3178308
3178362
3178467
3178478
3178484
3178488
3178514
3178616
3178638
3178654
3178687
3178750
3178774
3179042
3179305
3179356
3179441
3179452
3179455
3179588
3179805
3179834
3179931
3179944
3179947
3179991
3181174
3181262
3181348
3181379
3181519
3181611
3181615
3181651
3181770
3181942
3181976
3182000
3182003
3182051
3182061
3182090
3182110
3182382
3182392
3182464
3182487
3182546
3182552
3182575
3183891
3183908
3183921
3184001
3184007
3184083
3184115
3184205
3184208
3184213
3184467
3184512
3184597
3184632
3184641
3184682
3184839
3184853
3184923
3184956
3184968
3185004
3185050
3185169
3185172
3185180
3185241
3185321
3185423
3186623
3186625
3186636
3187056
3187149
3187200
3187202
3187229
3187233
3187244
3187257
3187295
3187302
3187431
3187493
3187602
3187738
3187809
3187810
3187868
3188078
3189255
3190236
3190240
3190263
3190428
3190433
3190461
3190494
3190783
3190786
3192400
3192587
3192630
3192702
3192751
3192816
3192824
3192870
3192903
3192910
3192967
3193055
3193068
3193131
3193133
3193166
3193307
3193508
3194701
3194749
3194853
3194906
3195058
3195124
3195126
3195168
3195182
3195215
3195395
3195448
3195455
3195491
3195749
3195846
3195949
3195998
3196004
3196094
3196383
3197830
3197957
3197997
3198023
3198187
3198268
3198565
3198574
3198596
3199257
3199278
3199326
3200011
3200177
3200328
3200508
3200834
3203057
3203192
3203872
3204058
3204252
3204348
3204380
3204401
3208129
3208314
3208328
3208336
3208360
3208376
3208386
3208734
3209293
3209360
3209787
3209833
3213305
3213602
3213636
3213827
3214056
3214177
3214525
3214729
3214776
3214829
3215103
3215311
3215375
3215408
3215443
3215691
3215775
3215841
3215978
3216276
3216294
3216302
3216408
3218716
3218731
3219036
3219059
3219636
3219763
3219795
3219957
3220046
3220225
3220709
3220753
3220779
3220950
3220952
3221098
3221465
3223786
3224062
3224165
3224302
3224771
3224900
3224921
3225001
3225048
3225163
3225387
3225482
3225982
3225990
3226029
3226185
3226237
3226256
3226299
3226431
3226510
3226593
3226861
3226994
3227061
3227138
3228970
3229399
3229401
3229834
3230078
3230312
3230482
3230650
3230795
3230801
3231309
3231435
3231587
3231742
3231767
3231912
3231926
3232073
3232130
3234175
3234287
3234344
3234448
3234479
3234705
3234990
3235066
3235114
3235118
3235137
3235181
3235389
3235493
3235651
3235656
3235719
3235723
3235742
3235743
3235813
3236001
3236007
3236221
3236225
3236253
3236451
3236555
3236596
3236603
3236638
3236746
3236818
3236884
3236918
3236939
3236999
3237060
3239270
3239416
3239439
3239480
3239744
3240171
3240326
3240395
3240403
3240444
3240561
3240818
3240879
3241509
3241518
3241749
3241896
3241996
3242023
3242088
3242414
3244502
3244555
3244579
3244652
3244823
3244879
3244984
3245034
3245070
3245318
3245669
3245691
3245743
3245779
3245891
3246090
3247458
3247514
3247521
3247594
3247655
3247673
3247701
3247869
3247892
3247983
3247990
3248097
3248108
3248193
3248318
3248347
3248375
3248412
3248471
3248495
3248501
3248691
3248739
3249945
3249993
3250058
3250064
3250082
3250083
3250138
3250148
3250199
3250201
3250363
3250464
3250638
3250672
3250684
3250713
3250752
3250794
3250995
3251009
3251077
3251139
3251171
3251258
3251269
3251401
3251427
3251433
3251518
3253329
3253388
3253401
3253402
3253447
3253559
3253560
3253885
3253977
3253981
3254069
3254241
3255453
3255584
3255684
3255753
3255989
3255994
3256071
3256111
3256133
3256143
3256174
3256213
3256330
3256442
3256451
3256695
3256773
3256789
3256846
3256939
3258077
3258191
3258238
3258429
3258432
3258532
3258548
3258562
3258594
3258631
3258675
3258766
3258804
3258822
3259092
3259107
3259141
3259172
3259371
3259402
3259434
3259481
3259510
3259540
3259570
3259640
3259679
3259761
3260912
3261040
3261658
3261702
3261705
3261734
3261782
3261830
3261968
3262003
3262016
3262152
3262247
3262249
3263683
3263735
3263839
3263861
3263883
3263906
3263957
3263959
3264096
3264203
3264296
3264353
3264360
3264370
3264511
3264531
3264623
3264626
3264642
3264746
3264844
3264995
3265021
3265159
3265256
3265278
3265339
3265802
3265954
3268017
3268101
3268306
3268361
3268414
3269396
3269411
3269507
3269580
3269800
3269806
3270212
3270502
3271002
3271025
3273614
3273629
3273647
3274089
3274246
3274383
3274503
3274680
3274704
3274743
3274845
3274887
3274954
3275256
3275317
3275430
3275451
3275509
3275523
3275728
3275754
3275809
3276055
3276087
3276193
3276499
3322349
3323143
3323361
3323988
3331441
3332431
3334627
3334751
3340358
3341681
3341760
3341889
3342118
3342349
3342551
3342561
3342648
3342754
3342856
3342973
3343097
3343112
3343199
3343351
3343832
3343982
3344146
3344223
3344276
3344333
3344345
3344411
3344453
3344471
3344562
3344567
3344594
3344689
3344805
3344974
3345079
3345106
3345259
3345539
3345722
3345902
3345943
3345970
3346031
3346041
3346120
3346256
3346409
3346415
3346551
3346928
3347009
3347061
3347198
3347439
3347623
3347745
3347809
3347812
3347865
3347916
3347926
3351920
3351933
3351989
3352013
3352039
3352052
3352068
3352096
3352179
3352272
3352289
3352364
3352794
3352912
3352970
3352994
3353002
3353021
3353134
3353138
3353174
3353213
3353331
3353496
3353534
3353543
3353563
3353700
3353706
3353814
3353821
3354005
3354116
3354124
3354132
3354146
3354650
3354683
3354767
3354771
3354811
3354842
3354938
3355058
3356729
3356829
3356970
3357215
3357783
3357923
3358007
3358194
3358226
3358254
3358599
3358972
3359001
3359044
3359111
3359140
3359188
3359220
3359315
3359397
3359403
3359430
3359562
3359580
3359748
3359846
3359923
3360087
3360157
3360194
3360257
3360347
3360427
3360621
3360659
3360816
3360882
3360903
3360986
3361089
3361119
3361176
3361184
3361287
3361334
3361507
3361918
3362053
3362169
3362199
3362278
3362416
3362488
3362551
3362670
3362679
3362905
3363070
3363098
3363152
3363187
3363319
3363393
3363534
3363546
3363733
3363842
3363940
3363955
3364096
3364485
3364489
3364563
3364580
3364738
3364801
3364813
3364823
3364980
3365035
3365070
3365109
3365237
3365284
3365299
3365363
3365387
3365548
3365589
3365762
3365786
3365993
3366004
3366197
3366305
3366326
3366735
3366805
3366834
3366862
3366877
3366962
3366974
3367009
3367141
3367286
3367334
3367378
3367401
3367461
3367540
3367730
3367933
3368216
3368303
3368334
3368359
3368380
3368649
3368670
3368698
3368704
3368874
3373813
3373958
3373964
3373992
3374339
3374407
3374585
3374630
3374634
3374651
3374737
3374833
3375162
3375262
3375271
3375301
3375327
3375347
3375370
3375413
3375479
3375514
3375533
3375542
3376065
3376182
3376183
3376257
3376266
3376312
3376401
3376419
3376496
3376716
3376723
3376832
3376918
3376981
3377078
3377118
3377151
3377276
3377622
3377679
3377746
3377768
3377805
3377824
3377906
3377959
3378614
3378739
3378778
3379163
3379194
3379260
3379300
3379499
3379582
3379631
3379716
3379731
3379789
3379920
3380090
3380374
3380691
3381026
3381277
3381289
3381456
3381657
3381664
3381922
3382475
3382606
3383272
3383288
3383320
3383527
3383605
3383631
3383780
3383933
3383955
3384062
3384615
3384683
3384691
3384793
3385085
3385107
3385346
3385352
3385387
3385461
3385501
3385622
3385717
3385737
3385770
3385843
3386091
3386213
3386246
3386293
3386371
3386406
3386495
3386648
3386673
3386720
3386724
3386808
3386921
3387129
3387280
3387313
3387366
3387956
3388073
3388138
3388162
3388303
3388326
3388330
3388542
3388571
3388687
3388874
3388882
3389048
3389055
3389106
3389319
3389329
3389638
3389729
3389852
3389915
3390491
3390716
3390728
3395247
3395304
3395311
3395350
3395418
3395746
3395765
3395784
3395932
3396104
3396353
3396464
3396503
3396528
3396607
3396647
3396650
3396666
3396925
3397296
3397407
3397451
3397514
3397550
3397626
3397655
3397689
3397763
3398086
3398237
3398246
3398769
3399614
3399710
3400053
3400134
3400203
3400257
3400403
3400654
3400659
3400698
3401085
3401096
3401259
3401262
3401334
3401718
3401919
