0.000000 1.000000 1.000000 1.000000
0.025000 0.704762 0.766871 0.766871
0.050000 0.659292 0.682192 0.682192
0.075000 0.576227 0.653846 0.653846
0.100000 0.551020 0.614532 0.614532
0.125000 0.526836 0.592593 0.592593
0.150000 0.497213 0.571429 0.571429
0.175000 0.479705 0.553934 0.553934
0.200000 0.456989 0.515230 0.515230
0.225000 0.419173 0.482596 0.482596
0.250000 0.384178 0.446633 0.446633
0.275000 0.350321 0.402937 0.402937
0.300000 0.312434 0.363968 0.363968
0.325000 0.270968 0.308409 0.308409
0.350000 0.222104 0.236874 0.236874
0.375000 0.176285 0.160284 0.160284
0.400000 0.116740 0.053922 0.053922
0.425000 0.051065 0.032443 0.032443
0.450000 0.021568 0.000000 0.000000
0.475000 0.000000 0.000000 0.000000
0.500000 0.000000 0.000000 0.000000
0.525000 0.000000 0.000000 0.000000
0.550000 0.000000 0.000000 0.000000
0.575000 0.000000 0.000000 0.000000
0.600000 0.000000 0.000000 0.000000
0.625000 0.000000 0.000000 0.000000
0.650000 0.000000 0.000000 0.000000
0.675000 0.000000 0.000000 0.000000
0.700000 0.000000 0.000000 0.000000
0.725000 0.000000 0.000000 0.000000
0.750000 0.000000 0.000000 0.000000
0.775000 0.000000 0.000000 0.000000
0.800000 0.000000 0.000000 0.000000
0.825000 0.000000 0.000000 0.000000
0.850000 0.000000 0.000000 0.000000
0.875000 0.000000 0.000000 0.000000
0.900000 0.000000 0.000000 0.000000
0.925000 0.000000 0.000000 0.000000
0.950000 0.000000 0.000000 0.000000
0.975000 0.000000 0.000000 0.000000
1.000000 0.000000 0.000000 0.000000
