3035243
3035251
3035704
3035979
3036116
3036170
3036227
3036458
3036486
3037930
3037934
3038112
3038504
3038622
3038845
3038970
3038998
3040370
3040378
3040474
3040769
3040900
3040935
3040957
3041081
3041214
3041373
3041614
3041673
3041686
3041768
3043184
3043190
3043302
3043412
3043466
3044156
3044629
3045711
3045852
3046256
3046366
3046511
3046949
3047229
3048722
3048728
3048738
3048865
3048920
3048922
3049288
3049756
3049770
3051315
3051356
3051392
3051588
3051986
3052213
3052282
3052480
3052755
3052775
3053020
3053102
3053124
3053273
3054432
3054756
3055039
3055417
3055790
3056010
3056607
3056686
3056724
3057092
3057143
3057312
3057362
3057487
3057498
3057538
3058729
3058822
3059335
3059505
3059648
3059920
3060005
3060206
3060291
3060387
3061446
3061620
3061644
3061667
3061836
3062216
3062312
3062343
3062373
3064335
3064336
3064478
3064784
3064972
3066937
3066997
3067011
3067310
3067458
3067678
3067700
3067875
3067894
3067958
3068207
3068421
3070387
3072445
3072528
3072767
3073075
3073283
3073553
3073605
3073645
3073669
3073703
3073809
3073849
3074942
3075006
3075315
3075435
3075709
3076152
3076318
3076344
3077762
3078649
3078672
3078708
3078816
3078977
3078984
3079160
3079307
3080426
3080651
3080807
3080865
3080996
3081008
3081103
3081333
3081373
3081523
3081542
3081577
3081784
3081886
3083201
3083635
3083710
3083758
3083885
3084245
3084246
3084310
3084316
3084374
3084443
3084585
3084611
3085843
3086042
3086074
3086278
3086432
3086615
3086723
3086793
3086997
3087271
3088586
3088620
3088725
3088726
3088748
3088851
3089523
3089540
3090154
3091369
3091385
3091498
3091557
3091872
3091910
3091996
3092235
3092360
3092361
3092703
3092785
3094318
3094433
3094446
3094449
3094490
3094711
3094788
3094795
3095097
3095128
3096785
3096810
3096875
3097312
3097322
3097712
3097830
3098044
3098063
3098138
3098296
3098322
3099347
3099775
3099838
3099948
3100033
3100155
3100193
3100195
3100259
3100286
3100527
3100679
3100715
3101071
3102098
3102140
3102291
3102338
3102452
3102459
3102542
3102920
3103385
3103527
3103539
3104744
3104858
3104929
3104955
3105043
3105051
3105138
3105298
3105878
3106254
3106305
3106394
3107244
3107252
3107412
3107502
3107563
3107987
3108490
3108509
3108698
3108970
3109014
3109042
3110608
3110862
3110937
3110956
3111031
3111159
3111225
3111249
3111474
3111506
3111536
3111591
3111596
3112057
3113431
3113441
3113463
3113575
3113581
3113695
3113890
3113894
3113898
3113923
3114026
3116109
3116667
3117191
3117237
3117278
3117376
3117543
3117556
3117844
3117893
3117955
3118164
3118420
3118457
3118463
3119795
3119984
3120260
3120288
3120369
3120416
3120919
3120960
3121110
3121161
3121198
3122379
3122529
3122572
3122725
3122916
3122919
3123235
3123328
3123921
3125073
3125164
3125242
3125364
3125442
3125931
3126098
3126114
3126271
3126307
3126346
3126569
3126656
3126759
3127831
3128099
3128258
3128335
3128456
3128520
3128754
3128895
3128955
3129308
3130719
3131122
3131309
3131755
3131769
3131801
3131809
3131951
3131975
3132235
3133414
3133521
3133537
3133787
3133927
3134202
3134226
3134270
3134299
3136222
3136331
3136339
3136378
3136448
3136532
3136877
3136939
3137019
3137360
3137471
3138886
3139278
3139365
3139440
3139567
3140093
3140244
3140253
3140373
3142337
3142420
3142422
3142551
3142692
3142701
3142885
3142926
3143096
3143777
3143797
3143820
3143824
3144008
3144229
3144458
3144679
3144782
3144820
3147152
3147515
3147675
3147959
3148231
3149650
3149733
3152477
3152675
3153029
3154241
3154440
3154481
3154483
3154643
3154688
3154951
3155199
3156601
3157021
3157183
3157318
3157346
3157427
3157476
3157552
3157626
3157630
3157684
3157920
3157952
3159298
3159373
3159424
3159554
3159995
3160012
3160092
3160299
3160602
3160687
3160701
3161989
3162033
3162120
3162153
3162201
3162262
3162637
3162662
3163396
3164709
3165243
3165375
3165650
3165992
3166058
3166068
3167374
3167452
3167549
3167670
3167698
3167759
3167834
3167851
3167872
3167939
3167968
3168012
3168087
3168347
3168393
3168527
3168602
3168937
3170205
3170361
3170391
3170453
3170633
3170748
3170940
3170950
3171345
3171604
3171611
3172928
3173186
3173304
3173389
3173626
3173707
3174228
3175790
3175791
3175905
3175925
3175979
3176020
3176066
3176083
3176131
3176258
3176388
3176496
3176547
3177081
3177108
3178522
3178541
3178616
3178719
3178911
3178916
3178989
3178999
3179068
3179088
3179336
3179410
3179431
3179553
3179633
3179645
3179871
3179943
3181460
3181584
3181709
3181900
3182069
3183929
3184200
3184383
3184412
3184418
3184523
3184560
3184605
3184736
3185096
3185100
3185284
3185317
3187012
3187215
3187243
3187496
3187619
3187725
3187753
3188074
3190473
3190673
3190827
3192176
3192363
3192633
3192962
3193076
3193079
3194882
3194961
3195774
3196025
3199233
3200139
3200572
3203370
3203920
3204096
3204101
3204386
3208191
3208301
3208925
3209184
3211014
3213316
3213642
3213717
3213789
3213854
3213928
3214027
3214427
3214835
3214908
3215041
3215302
3215509
3215619
3215662
3215760
3215992
3216054
3216414
3219751
3220208
3220258
3220532
3220977
3221180
3221221
3221582
3225001
3225130
3225256
3226152
3226295
3226489
3226674
3230570
3230621
3230725
3230775
3231068
3231321
3231388
3234853
3234872
3235356
3235445
3235827
3235899
3235944
3236140
3236322
3236468
3236580
3236625
3236667
3236943
3236990
3237035
3237093
3239653
3239797
3240003
3240011
3240580
3240604
3240901
3241096
3241339
3241635
3241938
3242220
3242424
3244542
3244588
3244607
3244613
3244628
3244774
3245101
3245104
3245114
3245344
3245646
3245747
3245894
3245935
3247206
3247980
3247983
3248125
3248133
3248145
3248196
3248257
3248371
3248376
3248470
3248502
3250131
3250226
3250281
3250282
3250307
3250332
3250537
3250821
3250906
3251001
3251339
3251375
3251487
3252928
3253453
3253879
3254168
3255472
3255835
3256019
3256026
3256028
3256099
3256263
3256940
3256947
3258278
3258411
3259377
3259465
3259643
3259651
3260849
3261567
3261595
3261673
3261788
3261805
3262147
3262386
3262392
3263146
3263663
3263710
3264009
3264019
3264106
3264274
3264430
3264832
3268021
3268101
3268153
3268234
3268292
3268807
3269030
3270027
3270672
3270681
3271033
3273620
3273711
3273777
3273988
3274643
3274694
3275050
3275540
3275746
3322412
3323970
3331799
3332361
3334766
3336144
3336627
3341675
3342346
3342756
3343025
3343078
3343177
3343263
3343313
3344257
3344274
3344398
3344470
3344593
3344768
3344828
3344830
3344899
3344986
3345005
3345109
3345330
3345834
3345929
3346171
3346302
3346452
3346795
3346865
3347226
3347255
3347311
3347348
3347376
3347445
3347562
3347652
3347764
3348651
3351861
3352025
3352119
3352513
3352640
3352678
3352682
3353058
3353073
3353136
3353137
3353142
3353392
3353420
3353867
3353984
3353985
3354020
3354199
3354276
3354369
3354400
3354582
3354702
3354765
3354872
3354930
3356584
3357983
3358655
3358743
3359154
3359309
3359440
3359535
3359707
3359816
3360015
3360053
3360090
3360176
3360397
3360428
3360536
3360594
3360612
3360946
3361102
3361299
3361801
3361957
3362257
3362284
3362380
3362464
3362781
3363028
3363564
3363606
3363941
3364060
3364313
3364402
3364453
3364735
3364796
3364860
3364916
3365031
3365043
3365208
3365269
3365313
3365531
3365572
3365844
3366466
3366526
3366541
3367010
3367159
3367275
3367705
3367741
3368523
3368612
3368733
3373714
3373937
3374181
3374298
3374538
3374582
3374706
3374803
3374863
3374944
3375075
3375245
3375313
3375542
3375740
3376156
3376452
3376479
3376588
3376608
3376902
3377258
3377319
3377329
3377542
3377882
3378026
3378038
3378352
3378620
3378894
3378900
3379058
3379216
3379286
3379329
3379920
3380008
3380062
3380395
3381097
3381473
3381629
3381916
3383635
3384122
3384207
3384428
3384563
3384653
3384736
3384806
3385176
3385542
3385612
3385872
3385994
3386380
3386836
3387295
3387506
3387558
3387946
3388051
3388055
3388431
3389161
3389193
3389249
3389377
3389586
3389621
3390241
3390412
3395268
3395516
3395806
3396167
3396178
3396389
3396509
3396622
3396772
3396774
3396898
3397204
3397480
3397584
3397808
3398112
3398884
3398991
3399527
3399735
3399966
3400049
3400105
3400179
3400845
3400999
3401020
