0.000000 0.711152 0.730505 0.730505
0.025000 0.711152 0.730505 0.730505
0.050000 0.657360 0.704093 0.704093
0.075000 0.601962 0.666783 0.666783
0.100000 0.567568 0.642010 0.642010
0.125000 0.539572 0.609630 0.609630
0.150000 0.509063 0.580429 0.580429
0.175000 0.475857 0.553689 0.553689
0.200000 0.447983 0.523094 0.523094
0.225000 0.417303 0.489225 0.489225
0.250000 0.386551 0.452971 0.452971
0.275000 0.354512 0.414046 0.414046
0.300000 0.320547 0.362996 0.362996
0.325000 0.276207 0.308059 0.308059
0.350000 0.233617 0.239484 0.239484
0.375000 0.181261 0.153730 0.153730
0.400000 0.120145 0.058169 0.058169
0.425000 0.050610 0.032193 0.032193
0.450000 0.021466 0.000000 0.000000
0.475000 0.000000 0.000000 0.000000
0.500000 0.000000 0.000000 0.000000
0.525000 0.000000 0.000000 0.000000
0.550000 0.000000 0.000000 0.000000
0.575000 0.000000 0.000000 0.000000
0.600000 0.000000 0.000000 0.000000
0.625000 0.000000 0.000000 0.000000
0.650000 0.000000 0.000000 0.000000
0.675000 0.000000 0.000000 0.000000
0.700000 0.000000 0.000000 0.000000
0.725000 0.000000 0.000000 0.000000
0.750000 0.000000 0.000000 0.000000
0.775000 0.000000 0.000000 0.000000
0.800000 0.000000 0.000000 0.000000
0.825000 0.000000 0.000000 0.000000
0.850000 0.000000 0.000000 0.000000
0.875000 0.000000 0.000000 0.000000
0.900000 0.000000 0.000000 0.000000
0.925000 0.000000 0.000000 0.000000
0.950000 0.000000 0.000000 0.000000
0.975000 0.000000 0.000000 0.000000
1.000000 0.000000 0.000000 0.000000
