2979158
2979166
2979203
2979215
2979223
2979277
2979281
2979288
2979300
2979304
2979674
2979725
2979736
2979739
2979774
2979792
2979796
2979846
2979864
2979865
3034953
3034983
3034993
3034994
3035000
3035009
3035022
3035027
3035046
3035101
3035109
3035110
3035124
3035139
3035155
3035210
3035227
3035258
3035283
3035358
3035369
3035691
3035692
3035694
3035722
3035744
3035746
3035761
3035809
3035812
3035828
3035830
3035847
3035859
3035862
3035869
3035872
3035883
3035887
3035915
3035975
3035987
3036053
3036062
3036064
3036081
3036108
3036126
3036127
3036163
3036175
3036181
3036186
3036194
3036237
3036240
3036297
3036301
3036314
3036321
3036336
3036373
3036378
3036457
3036459
3036499
3036503
3036566
3037686
3037742
3037752
3037802
3037886
3037946
3037959
3037987
3038120
3038133
3038135
3038197
3038204
3038220
3038263
3038265
3038300
3038337
3038339
3038398
3038402
3038433
3038471
3038480
3038488
3038511
3038533
3038542
3038544
3038567
3038579
3038590
3038596
3038607
3038618
3038627
3038644
3038655
3038678
3038697
3038732
3038788
3038792
3038806
3038845
3038846
3038856
3038878
3038909
3038940
3038950
3038974
3038979
3038990
3039003
3039009
3039013
3039016
3039032
3039037
3039065
3039089
3039122
3039126
3039132
3039150
3039152
3039153
3039162
3039164
3039172
3039173
3039211
3039257
3040371
3040374
3040379
3040380
3040382
3040395
3040401
3040429
3040432
3040459
3040472
3040481
3040483
3040492
3040495
3040504
3040509
3040520
3040528
3040552
3040571
3040594
3040600
3040604
3040609
3040612
3040615
3040616
3040638
3040656
3040676
3040677
3040692
3040701
3040712
3040721
3040732
3040734
3040739
3040743
3040761
3040764
3040769
3040786
3040808
3040825
3040833
3040847
3040852
3040859
3040865
3040888
3040897
3040898
3040906
3040907
3040914
3040927
3040929
3040938
3040968
3040993
3041024
3041025
3041029
3041032
3041048
3041058
3041077
3041083
3041085
3041086
3041123
3041138
3041148
3041192
3041206
3041209
3041218
3041230
3041269
3041270
3041279
3041282
3041303
3041318
3041325
3041334
3041351
3041399
3041404
3041405
3041407
3041432
3041455
3041478
3041521
3041545
3041555
3041559
3041563
3041593
3041598
3041610
3041615
3041616
3041623
3041631
3041634
3041646
3041653
3041664
3041670
3041681
3041686
3041698
3041703
3041713
3041737
3041742
3041760
3041767
3041769
3041781
3041818
3041943
3041946
3041971
3041981
3041986
3041996
3043088
3043103
3043155
3043157
3043187
3043189
3043190
3043195
3043206
3043275
3043291
3043299
3043302
3043304
3043311
3043337
3043340
3043346
3043357
3043379
3043396
3043421
3043441
3043444
3043448
3043461
3043467
3043470
3043486
3043490
3043493
3043504
3043559
3043567
3043575
3043594
3043618
3043620
3043642
3043653
3043658
3043665
3043674
3043707
3043718
3043721
3043738
3043745
3043750
3043764
3043782
3043800
3043827
3043834
3043878
3043885
3043903
3043936
3043946
3043957
3043967
3043989
3044008
3044019
3044042
3044054
3044061
3044092
3044093
3044097
3044103
3044113
3044118
3044134
3044165
3044167
3044182
3044186
3044197
3044205
3044222
3044243
3044392
3044393
3044394
3044416
3044445
3044483
3044491
3044498
3044500
3044501
3044529
3044552
3044607
3044645
3044646
3044647
3044653
3044656
3044658
3044678
3045687
3045688
3045698
3045718
3045755
3045782
3045785
3045787
3045792
3045837
3045847
3045879
3045890
3045893
3045913
3045917
3045940
3045943
3045971
3045981
3045990
3046013
3046032
3046038
3046040
3046044
3046103
3046109
3046112
3046137
3046150
3046165
3046166
3046187
3046222
3046225
3046248
3046293
3046303
3046322
3046327
3046338
3046375
3046378
3046381
3046391
3046419
3046425
3046451
3046473
3046478
3046483
3046543
3046546
3046575
3046579
3046632
3046656
3046658
3046664
3046666
3046680
3046690
3046693
3046699
3046714
3046727
3046763
3046799
3046808
3046817
3046819
3046822
3046826
3046850
3046869
3046882
3046891
3046895
3046907
3046934
3046935
3046944
3046968
3046970
3047003
3047004
3047009
3047014
3047027
3047048
3047055
3047067
3047070
3047079
3047080
3047093
3047108
3047114
3047123
3047143
3047151
3047178
3047179
3047180
3047181
3047199
3047205
3047207
3047210
3047217
3047222
3047228
3047256
3047321
3047322
3047336
3047341
3047349
3047403
3048461
3048481
3048487
3048533
3048534
3048544
3048556
3048558
3048563
3048586
3048608
3048611
3048616
3048617
3048627
3048646
3048664
3048696
3048701
3048704
3048713
3048715
3048721
3048739
3048760
3048764
3048781
3048782
3048783
3048850
3048853
3048854
3048860
3048874
3048937
3049046
3049056
3049061
3049071
3049091
3049096
3049131
3049135
3049144
3049151
3049170
3049174
3049181
3049190
3049193
3049198
3049204
3049207
3049209
3049246
3049301
3049303
3049313
3049315
3049377
3049419
3049421
3049426
3049465
3049486
3049505
3049543
3049549
3049558
3049561
3049601
3049620
3049623
3049648
3049658
3049665
3049694
3049696
3049702
3049741
3049755
3049764
3049775
3049825
3049846
3049848
3049849
3049861
3049863
3049881
3049883
3049884
3049954
3049963
3049976
3049996
3050004
3051124
3051150
3051158
3051162
3051163
3051204
3051208
3051210
3051212
3051213
3051230
3051254
3051258
3051285
3051289
3051295
3051317
3051334
3051338
3051339
3051353
3051374
3051376
3051377
3051390
3051414
3051476
3051490
3051498
3051499
3051523
3051524
3051543
3051584
3051594
3051598
3051601
3051626
3051641
3051657
3051669
3051699
3051718
3051720
3051736
3051758
3051765
3051803
3051810
3051846
3051864
3051884
3051905
3051932
3051935
3051941
3051943
3051949
3051952
3051955
3051957
3051986
3052009
3052038
3052089
3052105
3052130
3052166
3052174
3052188
3052191
3052192
3052223
3052274
3052275
3052298
3052313
3052337
3052341
3052357
3052359
3052376
3052378
3052381
3052399
3052403
3052427
3052448
3052457
3052459
3052500
3052507
3052526
3052531
3052548
3052561
3052568
3052583
3052586
3052592
3052610
3052623
3052628
3052635
3052650
3052666
3052677
3052685
3052686
3052691
3052699
3052706
3052712
3052715
3052733
3052734
3052768
3052778
3052820
3052838
3052843
3052852
3052922
3052931
3052940
3052999
3053032
3053054
3053066
3053070
3053077
3053095
3053103
3053117
3053129
3053137
3053153
3053192
3053212
3053215
3053216
3053224
3053230
3053255
3053323
3053342
3053343
3053358
3053366
3053371
3053372
3053373
3053382
3054390
3054432
3054447
3054452
3054455
3054457
3054556
3054557
3054567
3054578
3054595
3054609
3054625
3054629
3054638
3054642
3054648
3054668
3054690
3054703
3054716
3054724
3054782
3054785
3054826
3054833
3054835
3054837
3054843
3054852
3054859
3054887
3054907
3054922
3054994
3055014
3055018
3055033
3055043
3055048
3055060
3055064
3055066
3055069
3055085
3055099
3055102
3055106
3055109
3055115
3055123
3055162
3055166
3055254
3055327
3055344
3055355
3055423
3055527
3055532
3055606
3055660
3055661
3055662
3055768
3055791
3055882
3055887
3055945
3055960
3055966
3055989
3055997
3056004
3056006
3056035
3056043
3056098
3056102
3056595
3056614
3056624
3056640
3056651
3056665
3056682
3056683
3056696
3056704
3056708
3056720
3056729
3056732
3056758
3056771
3056778
3056780
3056790
3056808
3056813
3056815
3056824
3056836
3056838
3056854
3056863
3056864
3056873
3056917
3056937
3056962
3056965
3056986
3057004
3057024
3057060
3057083
3057086
3057091
3057096
3057120
3057157
3057164
3057176
3057189
3057190
3057195
3057199
3057213
3057218
3057225
3057226
3057254
3057259
3057263
3057267
3057272
3057278
3057283
3057294
3057306
3057340
3057350
3057354
3057360
3057371
3057381
3057392
3057398
3057432
3057445
3057448
3057457
3057463
3057476
3057487
3057504
3057506
3057520
3057534
3057537
3057548
3057619
3057658
3057762
3057813
3058711
3058714
3058758
3058799
3058806
3058826
3058865
3058883
3058897
3058899
3058926
3058953
3058967
3058968
3059064
3059065
3059262
3059274
3059402
3059431
3059467
3059468
3059506
3059555
3059562
3059566
3059574
3059612
3059618
3059620
3059663
3059664
3059672
3059709
3059711
3059737
3059756
3059789
3059794
3059832
3059839
3059845
3059846
3059851
3059854
3059865
3059879
3059880
3059979
3059985
3059986
3060005
3060014
3060023
3060031
3060102
3060103
3060112
3060151
3060154
3060155
3060167
3060176
3060188
3060189
3060195
3060218
3060227
3060231
3060242
3060269
3060292
3060316
3060323
3060329
3060334
3060340
3060353
3060365
3060393
3060398
3061031
3061418
3061447
3061476
3061483
3061502
3061527
3061539
3061607
3061622
3061645
3061654
3061656
3061659
3061665
3061671
3061681
3061701
3061706
3061721
3061734
3061740
3061745
3061776
3061781
3061795
3061839
3061840
3061868
3061890
3061907
3061909
3061918
3061920
3061921
3061935
3061938
3061946
3061950
3061985
3061993
3062011
3062024
3062039
3062059
3062064
3062086
3062115
3062156
3062161
3062166
3062173
3062191
3062193
3062194
3062204
3062207
3062208
3062217
3062221
3062255
3062263
3062279
3062283
3062294
3062295
3062298
3062321
3062322
3062338
3062352
3062394
3062408
3062423
3062425
3062451
3062520
3062541
3062546
3062562
3062616
3062632
3062637
3062641
3062672
3062719
3062741
3062774
3062791
3062805
3062814
3062830
3062831
3062847
3062851
3062886
3062904
3062918
3062926
3062954
3062959
3062963
3062969
3062977
3062982
3062991
3063002
3063021
3063028
3063029
3063059
3063074
3063096
3063109
3063115
3063117
3063122
3063132
3063136
3063160
3063179
3063214
3063967
3064085
3064176
3064194
3064206
3064224
3064261
3064292
3064316
3064360
3064361
3064367
3064378
3064386
3064409
3064410
3064444
3064447
3064460
3064474
3064477
3064490
3064499
3064507
3064546
3064547
3064550
3064574
3064590
3064606
3064616
3064629
3064652
3064655
3064656
3064690
3064709
3064735
3064788
3064802
3064815
3064827
3064869
3064880
3064888
3064914
3064925
3064926
3064932
3064967
3065010
3065011
3065020
3065080
3065098
3065109
3065321
3065349
3065375
3065376
3065386
3065400
3065401
3065434
3065448
3065453
3065455
3065477
3065486
3065488
3065512
3065516
3065533
3065544
3065550
3065599
3065601
3065608
3065624
3065629
3065684
3065686
3065793
3066807
3066818
3066823
3066892
3066909
3066913
3066921
3066925
3066926
3066928
3066946
3066956
3066959
3066968
3066978
3067002
3067003
3067006
3067037
3067041
3067073
3067083
3067087
3067120
3067121
3067132
3067147
3067185
3067192
3067203
3067205
3067210
3067224
3067230
3067251
3067289
3067296
3067307
3067312
3067321
3067336
3067346
3067347
3067362
3067379
3067411
3067434
3067441
3067453
3067467
3067485
3067505
3067516
3067519
3067588
3067610
3067611
3067622
3067629
3067635
3067649
3067673
3067676
3067694
3067706
3067707
3067708
3067710
3067719
3067720
3067728
3067762
3067773
3067815
3067829
3067865
3067874
3067878
3067889
3067904
3067906
3067930
3067950
3067955
3067964
3067979
3067980
3068028
3068040
3068045
3068063
3068096
3068120
3068172
3068174
3068176
3068194
3068197
3068225
3068248
3068260
3068284
3068295
3068298
3068310
3068332
3068340
3068359
3068398
3068402
3068404
3068423
3068440
3068459
3068478
3068504
3068506
3069533
3069538
3069552
3069577
3069613
3069642
3069644
3069841
3069842
3069891
3069896
3069990
3070053
3070060
3070144
3070198
3070199
3070213
3070264
3070286
3070307
3070320
3070357
3070368
3070395
3070400
3070419
3070433
3070435
3070521
3070538
3070590
3070595
3070596
3070598
3070601
3070604
3070643
3070661
3070725
3070755
3070804
3070825
3070911
3070927
3070938
3070964
3071099
3071110
3071121
3071152
3071260
3072232
3072247
3072291
3072325
3072329
3072491
3072512
3072516
3072517
3072523
3072524
3072531
3072539
3072544
3072547
3072615
3072637
3072646
3072655
3072656
3072694
3072704
3072733
3072736
3072743
3072776
3072794
3072802
3072811
3072828
3072830
3072837
3072839
3072842
3072843
3072862
3072934
3072954
3072962
3072980
3072984
3072990
3073031
3073032
3073039
3073050
3073052
3073097
3073137
3073139
3073146
3073154
3073157
3073168
3073183
3073189
3073249
3073256
3073288
3073322
3073327
3073360
3073370
3073376
3073378
3073380
3073391
3073400
3073420
3073424
3073429
3073442
3073458
3073482
3073488
3073503
3073508
3073511
3073514
3073517
3073532
3073535
3073537
3073547
3073562
3073565
3073571
3073580
3073591
3073596
3073597
3073632
3073636
3073640
3073641
3073643
3073672
3073681
3073703
3073740
3073753
3073766
3073787
3073818
3073840
3073846
3073847
3073864
3073870
3073872
3073895
3073896
3073908
3073919
3073958
3073964
3074926
3074934
3074956
3074966
3074976
3075025
3075032
3075047
3075050
3075063
3075066
3075088
3075094
3075104
3075129
3075148
3075150
3075157
3075161
3075173
3075177
3075202
3075221
3075283
3075312
3075314
3075315
3075352
3075363
3075371
3075385
3075388
3075394
3075395
3075398
3075402
3075407
3075466
3075488
3075520
3075529
3075539
3075541
3075586
3075604
3075615
3075629
3075642
3075645
3075688
3075691
3075703
3075710
3075713
3075771
3075799
3075821
3075837
3075838
3075866
3075878
3075888
3075896
3075919
3075936
3075942
3075945
3075996
3076003
3076005
3076023
3076033
3076035
3076037
3076048
3076054
3076070
3076085
3076093
3076095
3076117
3076118
3076125
3076135
3076136
3076140
3076165
3076178
3076195
3076199
3076202
3076214
3076228
3076230
3076232
3076261
3076268
3076270
3076280
3076282
3076302
3076307
3076312
3076318
3076325
3076326
3076382
3076456
3076459
3076479
3076502
3076525
3076704
3077672
3077674
3077693
3077711
3077727
3077734
3077784
3077786
3077800
3077801
3077803
3077822
3077827
3077830
3077841
3077866
3077867
3077895
3077901
3077915
3077917
3077933
3077935
3077955
3077976
3078004
3078007
3078016
3078055
3078083
3078098
3078112
3078114
3078132
3078133
3078139
3078147
3078148
3078190
3078193
3078203
3078223
3078237
3078241
3078253
3078266
3078294
3078311
3078327
3078333
3078340
3078371
3078413
3078415
3078426
3078441
3078444
3078457
3078465
3078466
3078474
3078491
3078503
3078514
3078527
3078533
3078553
3078559
3078562
3078585
3078607
3078610
3078615
3078623
3078628
3078630
3078637
3078639
3078658
3078695
3078719
3078728
3078735
3078739
3078748
3078752
3078757
3078764
3078810
3078827
3078844
3078859
3078862
3078893
3078916
3078927
3078932
3078951
3078959
3078966
3078968
3078969
3078990
3078996
3079000
3079014
3079020
3079026
3079056
3079068
3079077
3079088
3079106
3079119
3079154
3079157
3079227
3079232
3079239
3079256
3079257
3079261
3079274
3079276
3079280
3079306
3079338
3079341
3079372
3079385
3079386
3080403
3080421
3080476
3080494
3080535
3080595
3080630
3080640
3080648
3080654
3080661
3080720
3080737
3080754
3080780
3080829
3080844
3080846
3080849
3080853
3080870
3080886
3080908
3080921
3080931
3080933
3080947
3080956
3080967
3081000
3081008
3081079
3081083
3081089
3081115
3081117
3081126
3081132
3081140
3081172
3081238
3081239
3081288
3081340
3081360
3081396
3081414
3081491
3081518
3081521
3081534
3081552
3081559
3081570
3081595
3081602
3081626
3081641
3081685
3081693
3081694
3081702
3081705
3081740
3081746
3081758
3081777
3081779
3081811
3081818
3081836
3081848
3081857
3081864
3081894
3081911
3081931
3081946
3081952
3082001
3082008
3082030
3082032
3082070
3082080
3082081
3082100
3082111
3083116
3083128
3083129
3083202
3083203
3083217
3083219
3083235
3083255
3083273
3083320
3083322
3083325
3083363
3083369
3083435
3083444
3083496
3083545
3083551
3083559
3083572
3083582
3083606
3083622
3083630
3083648
3083650
3083659
3083686
3083692
3083742
3083782
3083793
3083806
3083812
3083869
3083885
3083896
3083905
3083943
3083949
3084007
3084010
3084012
3084059
3084060
3084077
3084111
3084118
3084205
3084215
3084216
3084228
3084246
3084300
3084307
3084311
3084337
3084354
3084356
3084357
3084361
3084391
3084404
3084411
3084414
3084418
3084431
3084437
3084450
3084451
3084453
3084514
3084573
3084583
3084589
3084609
3084618
3084695
3084701
3084741
3084771
3085751
3085753
3085761
3085855
3085891
3085926
3085950
3085982
3085984
3085985
3086005
3086012
3086020
3086030
3086039
3086046
3086077
3086081
3086084
3086094
3086096
3086097
3086099
3086130
3086141
3086192
3086195
3086199
3086201
3086202
3086207
3086208
3086209
3086225
3086230
3086255
3086305
3086336
3086341
3086387
3086416
3086417
3086423
3086425
3086429
3086448
3086453
3086495
3086498
3086501
3086516
3086518
3086535
3086542
3086544
3086555
3086566
3086601
3086614
3086624
3086629
3086633
3086635
3086638
3086657
3086661
3086681
3086690
3086712
3086722
3086737
3086759
3086792
3086793
3086801
3086855
3086863
3086871
3086899
3086953
3086974
3086987
3086992
3086999
3087001
3087012
3087023
3087036
3087058
3087073
3087080
3087096
3087112
3087157
3087160
3087171
3087216
3087249
3087268
3087304
3087309
3088490
3088493
3088510
3088515
3088524
3088635
3088642
3088647
3088692
3088696
3088709
3088723
3088745
3088758
3088768
3088769
3088849
3088854
3088863
3088892
3088896
3088921
3088928
3088936
3088937
3088948
3088959
3088978
3088986
3089028
3089101
3089110
3089117
3089120
3089121
3089132
3089155
3089179
3089181
3089191
3089193
3089194
3089228
3089264
3089265
3089275
3089297
3089300
3089314
3089315
3089336
3089338
3089423
3089432
3089450
3089462
3089468
3089484
3089502
3089517
3089518
3089543
3089560
3089589
3089591
3089616
3089631
3089641
3089651
3089700
3089733
3089741
3089745
3089753
3089759
3089774
3089788
3089797
3089803
3089807
3089815
3089818
3089821
3089844
3089848
3089875
3089892
3089919
3089925
3089960
3089961
3089967
3090007
3090013
3090022
3090159
3090163
3090174
3091235
3091252
3091253
3091258
3091263
3091269
3091281
3091287
3091288
3091323
3091325
3091362
3091408
3091415
3091447
3091463
3091479
3091485
3091490
3091510
3091511
3091558
3091584
3091641
3091707
3091708
3091728
3091774
3091776
3091793
3091813
3091824
3091829
3091844
3091853
3091896
3091903
3091916
3091923
3091925
3091952
3091998
3092006
3092010
3092012
3092016
3092017
3092023
3092029
3092040
3092082
3092120
3092163
3092167
3092179
3092185
3092186
3092196
3092221
3092232
3092235
3092242
3092248
3092271
3092277
3092284
3092290
3092299
3092331
3092335
3092337
3092342
3092360
3092362
3092367
3092373
3092380
3092386
3092423
3092428
3092430
3092431
3092433
3092444
3092456
3092459
3092467
3092488
3092510
3092513
3092546
3092562
3092575
3092582
3092589
3092600
3092616
3092621
3092625
3092630
3092666
3092673
3092690
3092692
3092714
3092735
3092750
3092752
3092758
3092787
3092791
3092815
3092827
3092839
3092863
3092870
3092954
3093904
3093905
3093921
3093943
3093957
3093960
3094092
3094122
3094131
3094198
3094241
3094245
3094246
3094257
3094259
3094263
3094299
3094304
3094308
3094344
3094353
3094367
3094380
3094386
3094411
3094415
3094431
3094448
3094468
3094473
3094492
3094499
3094539
3094540
3094565
3094571
3094585
3094646
3094692
3094705
3094708
3094718
3094725
3094727
3094729
3094786
3094791
3094827
3094837
3094850
3094876
3094882
3094892
3094901
3094910
3094938
3094956
3095043
3095073
3095079
3095106
3095111
3095113
3095172
3095211
3095213
3095236
3095244
3095245
3095263
3095275
3095276
3095304
3095313
3095332
3095347
3095348
3095349
3095352
3095357
3095358
3095370
3095377
3095380
3095392
3095411
3095446
3095449
3095532
3096653
3096654
3096701
3096704
3096711
3096712
3096725
3096731
3096742
3096749
3096761
3096770
3096791
3096827
3096836
3096840
3096841
3096844
3096853
3096859
3096875
3096883
3096890
3096899
3096909
3096925
3096929
3096930
3096944
3096961
3096975
3096981
3096991
3097036
3097038
3097039
3097060
3097071
3097074
3097083
3097116
3097123
3097136
3097141
3097143
3097147
3097186
3097191
3097194
3097220
3097221
3097258
3097270
3097295
3097324
3097325
3097330
3097345
3097353
3097358
3097368
3097394
3097439
3097458
3097464
3097465
3097470
3097471
3097473
3097494
3097496
3097497
3097499
3097502
3097503
3097511
3097533
3097543
3097557
3097569
3097574
3097623
3097629
3097667
3097689
3097696
3097703
3097714
3097715
3097716
3097718
3097791
3097806
3097830
3097841
3097846
3097863
3097870
3097893
3097951
3097953
3097983
3097990
3098010
3098015
3098016
3098023
3098027
3098033
3098062
3098065
3098094
3098119
3098124
3098139
3098159
3098167
3098173
3098180
3098195
3098203
3098209
3098230
3098236
3098237
3098253
3098256
3098275
3098289
3098291
3098413
3098918
3099351
3099358
3099364
3099379
3099387
3099395
3099423
3099426
3099439
3099442
3099447
3099452
3099456
3099463
3099468
3099470
3099471
3099476
3099494
3099495
3099500
3099538
3099543
3099552
3099575
3099595
3099605
3099635
3099646
3099659
3099671
3099673
3099676
3099678
3099694
3099700
3099727
3099728
3099736
3099775
3099791
3099799
3099840
3099843
3099847
3099851
3099902
3099952
3099963
3099964
3099965
3099987
3099994
3100031
3100039
3100046
3100053
3100064
3100099
3100132
3100136
3100152
3100157
3100161
3100185
3100187
3100191
3100192
3100200
3100216
3100252
3100258
3100260
3100270
3100298
3100331
3100333
3100337
3100356
3100372
3100375
3100377
3100379
3100392
3100423
3100432
3100450
3100451
3100455
3100481
3100482
3100485
3100494
3100495
3100502
3100527
3100534
3100540
3100566
3100612
3100620
3100671
3100673
3100675
3100682
3100704
3100726
3100736
3100749
3100753
3100760
3100786
3100798
3100799
3100842
3100859
3100877
3100893
3100922
3101035
3101043
3101052
3101053
3101063
3101069
3102100
3102110
3102134
3102161
3102163
3102167
3102172
3102181
3102194
3102198
3102226
3102243
3102251
3102266
3102269
3102289
3102298
3102309
3102331
3102355
3102363
3102379
3102381
3102403
3102418
3102422
3102429
3102446
3102447
3102475
3102545
3102558
3102564
3102572
3102593
3102599
3102628
3102637
3102646
3102669
3102691
3102723
3102736
3102750
3102751
3102758
3102760
3102770
3102788
3102800
3102818
3102861
3102863
3102875
3102901
3102902
3102954
3102967
3102968
3102970
3102978
3102982
3102988
3102992
3103006
3103018
3103019
3103022
3103028
3103030
3103082
3103089
3103155
3103196
3103210
3103228
3103229
3103245
3103262
3103277
3103294
3103330
3103336
3103341
3103346
3103393
3103417
3103448
3103463
3103500
3103502
3103525
3103560
3103564
3103566
3103567
3103609
3103636
3103669
3103692
3103710
3104779
3104861
3104897
3104901
3104907
3104935
3104947
3104953
3105000
3105005
3105041
3105060
3105065
3105068
3105085
3105096
3105106
3105133
3105135
3105138
3105161
3105170
3105181
3105199
3105235
3105273
3105274
3105293
3105298
3105305
3105363
3105366
3105367
3105372
3105379
3105381
3105388
3105390
3105395
3105416
3105428
3105432
3105443
3105454
3105482
3105510
3105518
3105521
3105535
3105545
3105570
3105590
3105593
3105623
3105625
3105643
3105644
3105647
3105657
3105663
3105669
3105679
3105690
3105700
3105728
3105743
3105748
3105758
3105786
3105822
3105829
3105833
3105834
3105846
3105854
3105882
3105901
3105908
3105911
3105922
3105948
3105957
3105976
3105981
3106001
3106021
3106023
3106030
3106062
3106067
3106086
3106139
3106212
3106225
3106227
3106231
3106236
3106254
3106259
3106285
3106289
3106295
3106318
3106321
3106324
3106390
3107211
3107221
3107228
3107242
3107279
3107281
3107293
3107302
3107303
3107320
3107341
3107359
3107375
3107393
3107429
3107432
3107445
3107454
3107455
3107460
3107496
3107498
3107505
3107517
3107520
3107549
3107551
3107572
3107574
3107583
3107585
3107592
3107597
3107648
3107668
3107684
3107700
3107707
3107709
3107713
3107714
3107731
3107758
3107767
3107797
3107807
3107819
3107845
3107846
3107853
3107856
3107873
3107882
3107886
3107952
3107958
3107984
3108002
3108489
3108493
3108507
3108560
3108562
3108568
3108582
3108591
3108601
3108603
3108604
3108617
3108618
3108620
3108623
3108647
3108660
3108665
3108670
3108675
3108687
3108704
3108730
3108734
3108739
3108742
3108919
3108928
3108955
3108956
3108959
3108982
3109033
3109068
3109077
3109084
3109117
3109136
3109275
3109278
3109441
3109446
3109448
3109473
3109478
3110513
3110517
3110533
3110535
3110545
3110553
3110564
3110566
3110598
3110607
3110615
3110616
3110651
3110667
3110712
3110807
3110821
3110833
3110835
3110841
3110853
3110863
3110929
3110943
3110946
3110950
3110965
3111012
3111016
3111025
3111053
3111121
3111132
3111142
3111146
3111150
3111151
3111154
3111170
3111190
3111191
3111193
3111197
3111198
3111237
3111244
3111248
3111251
3111253
3111266
3111270
3111292
3111319
3111357
3111365
3111369
3111372
3111387
3111394
3111401
3111403
3111408
3111416
3111429
3111442
3111453
3111457
3111460
3111465
3111485
3111513
3111525
3111582
3111584
3111590
3111603
3111646
3111672
3111680
3111685
3111686
3111694
3111721
3111723
3111735
3111740
3111752
3111758
3111779
3111789
3111790
3111804
3111805
3111815
3111826
3111875
3111886
3111924
3111927
3111940
3111950
3111959
3111975
3111976
3111998
3112005
3112012
3112015
3112016
3112020
3112023
3112046
3112157
3112164
3113287
3113315
3113351
3113363
3113379
3113398
3113420
3113431
3113434
3113435
3113451
3113484
3113489
3113529
3113544
3113568
3113585
3113600
3113608
3113618
3113624
3113645
3113654
3113663
3113668
3113673
3113687
3113734
3113752
3113779
3113789
3113801
3113814
3113848
3113933
3113936
3113943
3113958
3113965
3113972
3113973
3113979
3114010
3114015
3114019
3114041
3114078
3114127
3114129
3114158
3114276
3114281
3114315
3114318
3114359
3114367
3114410
3114414
3114440
3114450
3114452
3114457
3114464
3114492
3114546
3114783
3115803
3115810
3115813
3115823
3115841
3115846
3115851
3115890
3115943
3116105
3116122
3116660
3117015
3117056
3117061
3117200
3117229
3117243
3117266
3117279
3117322
3117324
3117332
3117369
3117371
3117374
3117379
3117382
3117404
3117412
3117425
3117430
3117442
3117449
3117477
3117508
3117537
3117555
3117558
3117569
3117608
3117642
3117652
3117673
3117677
3117698
3117708
3117726
3117771
3117791
3117848
3117873
3117877
3117891
3117897
3117898
3117917
3117923
3117966
3117968
3117987
3117994
3118004
3118051
3118057
3118060
3118073
3118078
3118086
3118091
3118102
3118108
3118126
3118138
3118146
3118164
3118170
3118181
3118182
3118185
3118187
3118213
3118219
3118223
3118235
3118243
3118296
3118300
3118303
3118306
3118312
3118320
3118329
3118330
3118345
3118353
3118397
3118399
3118401
3118415
3118428
3118431
3118433
3118464
3118524
3118538
3118542
3118565
3118569
3118572
3118575
3118578
3118591
3118621
3119688
3119705
3119709
3119746
3119747
3119752
3119774
3119810
3119812
3119814
3119817
3119878
3119889
3119898
3119913
3119933
3119939
3119943
3119947
3119948
3119965
3119970
3119971
3119987
3120051
3120070
3120097
3120129
3120135
3120161
3120209
3120210
3120219
3120234
3120278
3120282
3120286
3120299
3120324
3120327
3120329
3120338
3120371
3120395
3120428
3120432
3120467
3120481
3120484
3120493
3120500
3120523
3120526
3120529
3120537
3120542
3120544
3120548
3120563
3120703
3120728
3120800
3120861
3120866
3120873
3120874
3120875
3120881
3120884
3120888
3120916
3120925
3120932
3120939
3120972
3121015
3121025
3121041
3121095
3121097
3121120
3121131
3121180
3121189
3121190
3121193
3121194
3121212
3121220
3121236
3121247
3121251
3121259
3121269
3121313
3121315
3121334
3121815
3122379
3122407
3122433
3122439
3122444
3122446
3122449
3122457
3122500
3122503
3122543
3122545
3122546
3122622
3122626
3122646
3122661
3122667
3122672
3122675
3122676
3122683
3122684
3122716
3122746
3122755
3122758
3122773
3122809
3122816
3122883
3122898
3122919
3122928
3122938
3122942
3122944
3122955
3122962
3122987
3123003
3123006
3123013
3123041
3123046
3123054
3123066
3123093
3123111
3123124
3123130
3123138
3123145
3123170
3123175
3123177
3123179
3123185
3123196
3123207
3123238
3123252
3123253
3123280
3123305
3123311
3123317
3123318
3123330
3123346
3123374
3123377
3123378
3123384
3123432
3123454
3123456
3123463
3123473
3123485
3123524
3123527
3123546
3123555
3123560
3123569
3123579
3123602
3123611
3123615
3123622
3123637
3123645
3123674
3123678
3123725
3123749
3123757
3123774
3123779
3123791
3123826
3123841
3123853
3123859
3123866
3123872
3123876
3123894
3123921
3123957
3123961
3123965
3123967
3124033
3124043
3124044
3124047
3124051
3124053
3124070
3124071
3124097
3124382
3125077
3125084
3125089
3125093
3125102
3125140
3125143
3125163
3125165
3125170
3125175
3125194
3125196
3125199
3125211
3125225
3125288
3125307
3125310
3125313
3125324
3125348
3125361
3125369
3125377
3125407
3125415
3125430
3125435
3125440
3125448
3125450
3125452
3125460
3125472
3125477
3125490
3125491
3125511
3125520
3125535
3125537
3125542
3125549
3125556
3125576
3125604
3125606
3125621
3125628
3125639
3125666
3125674
3125683
3125705
3125709
3125718
3125719
3125724
3125730
3125732
3125744
3125750
3125757
3125758
3125762
3125764
3125766
3125778
3125782
3125809
3125840
3125842
3125846
3125848
3125861
3125868
3125874
3125886
3125888
3125905
3125932
3125936
3125939
3125940
3125947
3125962
3125979
3125995
3126021
3126033
3126056
3126075
3126114
3126122
3126144
3126151
3126163
3126167
3126169
3126201
3126212
3126215
3126218
3126220
3126239
3126244
3126276
3126288
3126297
3126387
3126401
3126436
3126439
3126447
3126473
3126474
3126483
3126492
3126496
3126535
3126555
3126563
3126578
3126585
3126606
3126617
3126632
3126638
3126642
3126644
3126668
3126716
3126726
3126727
3126757
3126773
3126791
3126797
3126798
3126804
3126812
3126831
3127823
3127831
3127844
3127857
3127862
3127873
3127875
3127896
3127916
3127946
3127975
3127978
3127998
3128012
3128024
3128042
3128056
3128064
3128108
3128109
3128114
3128128
3128154
3128182
3128191
3128198
3128218
3128232
3128246
3128262
3128276
3128293
3128325
3128345
3128372
3128374
3128380
3128381
3128395
3128417
3128428
3128431
3128440
3128443
3128494
3128501
3128511
3128543
3128545
3128553
3128560
3128568
3128583
3128593
3128594
3128602
3128621
3128669
3128675
3128711
3128712
3128713
3128719
3128725
3128731
3128747
3128757
3128772
3128784
3128797
3128801
3128829
3128836
3128845
3128854
3128855
3128864
3128881
3128890
3128892
3128906
3128910
3128932
3128935
3128953
3128956
3128960
3128964
3128967
3128975
3128977
3128996
3129002
3129008
3129033
3129043
3129063
3129071
3129082
3129088
3129089
3129092
3129098
3129105
3129106
3129111
3129124
3129125
3129149
3129153
3129156
3129170
3129178
3129200
3129207
3129238
3129246
3129305
3129348
3129354
3129356
3129360
3129367
3129371
3129401
3129418
3129420
3130603
3130617
3130624
3130630
3130642
3130643
3130675
3130691
3130702
3130738
3130774
3130818
3130820
3130828
3130838
3130858
3130879
3130887
3130906
3130909
3130922
3130959
3130989
3130991
3131013
3131040
3131052
3131076
3131110
3131111
3131127
3131132
3131140
3131159
3131171
3131181
3131192
3131212
3131220
3131221
3131227
3131228
3131236
3131241
3131325
3131327
3131349
3131397
3131404
3131414
3131422
3131436
3131446
3131452
3131453
3131454
3131466
3131505
3131513
3131536
3131541
3131542
3131547
3131553
3131555
3131560
3131563
3131571
3131578
3131585
3131592
3131593
3131621
3131645
3131647
3131678
3131689
3131701
3131724
3131725
3131729
3131738
3131744
3131754
3131757
3131759
3131760
3131778
3131801
3131805
3131818
3131839
3131857
3131871
3131876
3131887
3131892
3131899
3131915
3131935
3131958
3131960
3131988
3131991
3132002
3132014
3132020
3132057
3132071
3132073
3132076
3132092
3132111
3132133
3132134
3132144
3132146
3132156
3132163
3132218
3133222
3133223
3133231
3133276
3133289
3133294
3133298
3133321
3133331
3133364
3133388
3133406
3133409
3133416
3133424
3133470
3133480
3133487
3133490
3133495
3133507
3133523
3133553
3133557
3133569
3133621
3133629
3133636
3133640
3133661
3133685
3133692
3133697
3133713
3133720
3133747
3133751
3133773
3133785
3133808
3133831
3133845
3133853
3133857
3133874
3133875
3133894
3133900
3133901
3133928
3133933
3134006
3134007
3134008
3134022
3134025
3134054
3134055
3134061
3134062
3134067
3134078
3134101
3134103
3134108
3134110
3134117
3134122
3134125
3134150
3134151
3134177
3134181
3134192
3134194
3134214
3134221
3134225
3134236
3134255
3134264
3134265
3134271
3134281
3134321
3134335
3134373
3134400
3134420
3134422
3134430
3134435
3134445
3134459
3134465
3134470
3134500
3134565
3134568
3134599
3134611
3134615
3134620
3134628
3134643
3134660
3134685
3134704
3134772
3134773
3134779
3134785
3134794
3134806
3134808
3134819
3134834
3134848
3134850
3134851
3134853
3134864
3134877
3134890
3134895
3134912
3135962
3135965
3135970
3135974
3136002
3136014
3136055
3136056
3136059
3136079
3136083
3136103
3136107
3136112
3136131
3136133
3136145
3136170
3136175
3136179
3136194
3136207
3136208
3136218
3136220
3136223
3136224
3136230
3136243
3136279
3136281
3136291
3136292
3136295
3136313
3136349
3136381
3136388
3136393
3136395
3136397
3136400
3136450
3136451
3136467
3136477
3136478
3136492
3136507
3136528
3136549
3136553
3136554
3136556
3136572
3136575
3136600
3136610
3136614
3136817
3136831
3136866
3136876
3136901
3136909
3136917
3136932
3136939
3136965
3136972
3136975
3136983
3136986
3136988
3136994
3137021
3137024
3137027
3137034
3137048
3137054
3137066
3137074
3137096
3137127
3137198
3137213
3137225
3137289
3137301
3137321
3137343
3137358
3137363
3137382
3137395
3137427
3137436
3137465
3137479
3137508
3137521
3137526
3137538
3137551
3137552
3137555
3137561
3137577
3137589
3137614
3138799
3138832
3138917
3138921
3138922
3138931
3138976
3138996
3138999
3139001
3139030
3139040
3139076
3139081
3139082
3139092
3139108
3139115
3139153
3139264
3139302
3139308
3139320
3139334
3139358
3139360
3139408
3139424
3139436
3139442
3139443
3139450
3139457
3139471
3139486
3139518
3139522
3139536
3139551
3139569
3139578
3139593
3139597
3139598
3139649
3139650
3139660
3139665
3139673
3139683
3139717
3139743
3139744
3139846
3139870
3139875
3139889
3139910
3139945
3139962
3139973
3139992
3139994
3140006
3140012
3140041
3140078
3140079
3140086
3140090
3140091
3140107
3140209
3140224
3140227
3140281
3140290
3140291
3140293
3140302
3140331
3140332
3140339
3140352
3140379
3142161
3142200
3142207
3142209
3142262
3142349
3142376
3142439
3142443
3142458
3142462
3142470
3142483
3142487
3142569
3142615
3142662
3142697
3142720
3142730
3142753
3142782
3142830
3142834
3142837
3142853
3142867
3142869
3142906
3142920
3142922
3142937
3142965
3142988
3142998
3143052
3143055
3143069
3143077
3143096
3143143
3143149
3143162
3143206
3143224
3143250
3143252
3143302
3143354
3143435
3143449
3143487
3143515
3143582
3143600
3143622
3143623
3143635
3143653
3143690
3143767
3143776
3143797
3143801
3143824
3143845
3143855
3143868
3143898
3143940
3143949
3143950
3143962
3143987
3144049
3144313
3144319
3144323
3144335
3144354
3144399
3144419
3144477
3144491
3144547
3144549
3144569
3144575
3144592
3144621
3144625
3144627
3144646
3144698
3144716
3144718
3144757
3144787
3144826
3144880
3144884
3144913
3144919
3145007
3145027
3145046
3145060
3145062
3145097
3145153
3147152
3147156
3147169
3147203
3147282
3147322
3147433
3147437
3147575
3147679
3147692
3147713
3147723
3147769
3147803
3147948
3147953
3147995
3147997
3148001
3148009
3148158
3148192
3148200
3148209
3148221
3148244
3148254
3148267
3148288
3148343
3148357
3148378
3148390
3148442
3148467
3148473
3148486
3148571
3148588
3148597
3148634
3148671
3148696
3148698
3148721
3148735
3148779
3148822
3148824
3148838
3148842
3148860
3148862
3148887
3148889
3148891
3148924
3148937
3148990
3149001
3149022
3149032
3149053
3149088
3149141
3149202
3149206
3149212
3149343
3149345
3149414
3149479
3149531
3149558
3149595
3149614
3149641
3149706
3149710
3149729
3149733
3149752
3149785
3149842
3149873
3149875
3149999
3150047
3150074
3150218
3150233
3150306
3150346
3152456
3152477
3152507
3152511
3152526
3152609
3152617
3152653
3152657
3152690
3152749
3152751
3152814
3152870
3152876
3152935
3153021
3153039
3153048
3153081
3153137
3153170
3153178
3153199
3153205
3153219
3153238
3153240
3153246
3153273
3153300
3153303
3153393
3153416
3153428
3153464
3153468
3153479
3153552
3153581
3153686
3153713
3153736
3153826
3153841
3153855
3153907
3153976
3153985
3153997
3154018
3154022
3154031
3154045
3154085
3154110
3154135
3154139
3154151
3154179
3154193
3154235
3154260
3154273
3154283
3154287
3154306
3154452
3154488
3154507
3154565
3154589
3154610
3154612
3154651
3154653
3154690
3154691
3154738
3154748
3154756
3154771
3154785
3154787
3154798
3154820
3154872
3154874
3154880
3154888
3154894
3154923
3154953
3154954
3155010
3155012
3155024
3155028
3155029
3155030
3155085
3155088
3155097
3155105
3155109
3155129
3155133
3155150
3155173
3155175
3155188
3155203
3155205
3155209
3156341
3156348
3156359
3156437
3156448
3156451
3156488
3156491
3156511
3156512
3156544
3156594
3156604
3156621
3156658
3156663
3156695
3156703
3156707
3156749
3156759
3156771
3156798
3156812
3156822
3156824
3156878
3156897
3156920
3156938
3157033
3157037
3157039
3157047
3157051
3157058
3157085
3157086
3157095
3157114
3157118
3157131
3157137
3157157
3157163
3157164
3157165
3157170
3157211
3157212
3157216
3157242
3157258
3157311
3157343
3157355
3157374
3157392
3157401
3157417
3157421
3157422
3157423
3157440
3157454
3157469
3157472
3157491
3157499
3157504
3157519
3157527
3157544
3157569
3157573
3157601
3157614
3157618
3157626
3157653
3157658
3157674
3157701
3157717
3157752
3157771
3157772
3157796
3157801
3157802
3157848
3157861
3157885
3157887
3157913
3157924
3157938
3157950
3157967
3157968
3159179
3159185
3159250
3159257
3159299
3159337
3159340
3159355
3159392
3159395
3159401
3159420
3159432
3159448
3159452
3159512
3159514
3159518
3159532
3159561
3159580
3159585
3159610
3159614
3159616
3159682
3159687
3159699
3159701
3159702
3159718
3159727
3159750
3159756
3159758
3159762
3159774
3159791
3159793
3159794
3159798
3159830
3159842
3159843
3159855
3159856
3159859
3159873
3159876
3159882
3159884
3159907
3159913
3159926
3159948
3159951
3159969
3160001
3160023
3160044
3160054
3160057
3160076
3160079
3160090
3160092
3160098
3160099
3160124
3160189
3160194
3160221
3160223
3160279
3160288
3160296
3160311
3160325
3160351
3160393
3160404
3160411
3160413
3160419
3160424
3160432
3160443
3160458
3160487
3160495
3160497
3160505
3160550
3160553
3160554
3160558
3160561
3160567
3160575
3160597
3160606
3160641
3160653
3160662
3160664
3160697
3160707
3160711
3160770
3160791
3160809
3161867
3161873
3161896
3161900
3161909
3161920
3161929
3161950
3161961
3161967
3161999
3162008
3162010
3162020
3162028
3162033
3162034
3162036
3162072
3162074
3162077
3162122
3162149
3162153
3162157
3162164
3162165
3162168
3162235
3162245
3162246
3162251
3162254
3162266
3162277
3162290
3162308
3162312
3162315
3162338
3162343
3162362
3162376
3162382
3162388
3162398
3162410
3162422
3162427
3162433
3162435
3162453
3162469
3162488
3162494
3162519
3162541
3162570
3162578
3162580
3162584
3162592
3162601
3162617
3162635
3162640
3162643
3162646
3162651
3162653
3162654
3162661
3162667
3162669
3162670
3162700
3162703
3162705
3162708
3162723
3162765
3162776
3162795
3162827
3162833
3162848
3162891
3162907
3162914
3162917
3162943
3162997
3163000
3163023
3163027
3163078
3163081
3163084
3163126
3163139
3163147
3163153
3163166
3163203
3163240
3163245
3163249
3163262
3163289
3163316
3163333
3163337
3163339
3163385
3163412
3163415
3163434
3163444
3163459
3163474
3164666
3164686
3164693
3164738
3164787
3164811
3164833
3164874
3164875
3164888
3164903
3164913
3164916
3164917
3164922
3164930
3164934
3164943
3165012
3165056
3165068
3165074
3165076
3165081
3165089
3165098
3165100
3165123
3165159
3165162
3165177
3165183
3165192
3165210
3165240
3165242
3165246
3165266
3165272
3165273
3165294
3165302
3165303
3165340
3165353
3165360
3165362
3165375
3165378
3165392
3165394
3165398
3165406
3165436
3165443
3165450
3165466
3165481
3165525
3165546
3165551
3165561
3165592
3165611
3165618
3165631
3165639
3165650
3165659
3165667
3165694
3165739
3165744
3165745
3165776
3165781
3165802
3165814
3165852
3165915
3165926
3165946
3165951
3165952
3165968
3165969
3166001
3166075
3166082
3166084
3166091
3166100
3166107
3166132
3166140
3166146
3166157
3166162
3166249
3166262
3166264
3166302
3167349
3167375
3167377
3167421
3167425
3167427
3167444
3167458
3167461
3167464
3167471
3167483
3167500
3167514
3167516
3167528
3167533
3167534
3167545
3167563
3167583
3167601
3167612
3167637
3167693
3167696
3167704
3167755
3167761
3167764
3167766
3167770
3167775
3167782
3167785
3167793
3167797
3167800
3167823
3167825
3167826
3167850
3167870
3167876
3167904
3167913
3167927
3167929
3167955
3167962
3167970
3167977
3167991
3168012
3168016
3168036
3168050
3168068
3168074
3168095
3168106
3168117
3168136
3168176
3168180
3168196
3168242
3168256
3168260
3168262
3168288
3168291
3168303
3168305
3168310
3168311
3168315
3168323
3168326
3168348
3168355
3168376
3168407
3168408
3168418
3168433
3168470
3168507
3168554
3168566
3168576
3168580
3168592
3168603
3168621
3168626
3168629
3168643
3168656
3168669
3168689
3168713
3168735
3168781
3168800
3168806
3168822
3168837
3168839
3168854
3168869
3168885
3168896
3168897
3168943
3168959
3168961
3168967
3168984
3168997
3169004
3170143
3170168
3170182
3170196
3170219
3170222
3170223
3170234
3170239
3170257
3170263
3170269
3170274
3170301
3170316
3170350
3170361
3170367
3170375
3170378
3170383
3170426
3170437
3170457
3170461
3170468
3170473
3170474
3170501
3170507
3170508
3170528
3170535
3170548
3170551
3170595
3170602
3170603
3170614
3170648
3170649
3170655
3170660
3170662
3170690
3170702
3170705
3170714
3170715
3170743
3170792
3170795
3170800
3170801
3170804
3170859
3170874
3170878
3170898
3170901
3170908
3170923
3170943
3170971
3170972
3170980
3170988
3170990
3170995
3171015
3171098
3171108
3171111
3171141
3171146
3171149
3171192
3171207
3171220
3171222
3171240
3171250
3171258
3171265
3171266
3171274
3171277
3171284
3171304
3171307
3171315
3171327
3171331
3171360
3171365
3171378
3171383
3171402
3171411
3171432
3171458
3171461
3171468
3171469
3171472
3171521
3171548
3171555
3171568
3171588
3171592
3171606
3171607
3171614
3171659
3171766
3172883
3172892
3172912
3172916
3172935
3172957
3172973
3172981
3172998
3173009
3173011
3173014
3173019
3173026
3173038
3173058
3173065
3173075
3173078
3173084
3173111
3173113
3173116
3173139
3173149
3173153
3173159
3173175
3173192
3173200
3173208
3173224
3173226
3173230
3173248
3173253
3173264
3173272
3173275
3173297
3173300
3173306
3173323
3173384
3173422
3173450
3173482
3173494
3173512
3173519
3173521
3173532
3173549
3173558
3173559
3173567
3173589
3173602
3173611
3173616
3173619
3173646
3173647
3173692
3173695
3173733
3173737
3173742
3173769
3173777
3173779
3173780
3173782
3173812
3173815
3173816
3173818
3173859
3173862
3173866
3173882
3173892
3173924
3173933
3173962
3173981
3173990
3173994
3173997
3174040
3174054
3174114
3174127
3174138
3174144
3174160
3174182
3174217
3174221
3174239
3174244
3174260
3174333
3174340
3174344
3174350
3174380
3174390
3174410
3174412
3174435
3174469
3174487
3175574
3175576
3175595
3175612
3175623
3175707
3175710
3175737
3175757
3175771
3175775
3175777
3175779
3175824
3175830
3175840
3175852
3175862
3175863
3175871
3175877
3175904
3175941
3175967
3175978
3176016
3176020
3176022
3176025
3176031
3176055
3176079
3176080
3176109
3176112
3176117
3176129
3176140
3176143
3176146
3176162
3176166
3176168
3176169
3176178
3176210
3176225
3176241
3176242
3176252
3176262
3176264
3176296
3176311
3176324
3176336
3176353
3176354
3176375
3176377
3176391
3176411
3176413
3176455
3176573
3176583
3176586
3176604
3176665
3176704
3176715
3176727
3176734
3176748
3176764
3176780
3176782
3176803
3176811
3176814
3176823
3176841
3176842
3176843
3176851
3176898
3176910
3176932
3177005
3177011
3177023
3177031
3177045
3177091
3177098
3177116
3177117
3177119
3177124
3177148
3177155
3178289
3178308
3178327
3178338
3178346
3178421
3178432
3178438
3178448
3178454
3178475
3178480
3178495
3178501
3178506
3178554
3178575
3178577
3178584
3178598
3178612
3178614
3178620
3178670
3178683
3178689
3178705
3178736
3178748
3178779
3178782
3178783
3178807
3178840
3178842
3178865
3178880
3178881
3178884
3178891
3178899
3178909
3178915
3178923
3178933
3178972
3178973
3178994
3178997
3179017
3179047
3179054
3179062
3179081
3179110
3179123
3179126
3179134
3179145
3179158
3179161
3179184
3179202
3179216
3179220
3179243
3179247
3179286
3179313
3179352
3179362
3179382
3179388
3179391
3179413
3179415
3179430
3179436
3179452
3179470
3179491
3179510
3179514
3179537
3179543
3179577
3179588
3179623
3179631
3179632
3179635
3179655
3179659
3179667
3179679
3179681
3179691
3179694
3179697
3179705
3179732
3179739
3179755
3179756
3179764
3179813
3179815
3179820
3179831
3179948
3179951
3179958
3179976
3179978
3179985
3181123
3181169
3181197
3181205
3181206
3181213
3181253
3181254
3181268
3181272
3181283
3181298
3181303
3181310
3181321
3181340
3181356
3181410
3181432
3181513
3181516
3181525
3181529
3181572
3181605
3181613
3181619
3181630
3181639
3181652
3181656
3181662
3181676
3181696
3181701
3181708
3181712
3181724
3181754
3181756
3181763
3181770
3181775
3181787
3181798
3181865
3181905
3181908
3181924
3181961
3181968
3181980
3182005
3182015
3182016
3182041
3182054
3182055
3182076
3182086
3182092
3182096
3182109
3182110
3182117
3182138
3182164
3182170
3182219
3182235
3182256
3182272
3182291
3182316
3182339
3182358
3182362
3182370
3182384
3182385
3182391
3182433
3182436
3182440
3182453
3182454
3182461
3182466
3182496
3182502
3182532
3182536
3182544
3182551
3182567
3182570
3182610
3182612
3182654
3182659
3183843
3183848
3183864
3183868
3183893
3183897
3183908
3183944
3183946
3183949
3183967
3183981
3183990
3183999
3184027
3184033
3184050
3184062
3184065
3184092
3184094
3184103
3184114
3184140
3184142
3184149
3184152
3184163
3184194
3184201
3184214
3184221
3184230
3184233
3184236
3184238
3184241
3184244
3184266
3184270
3184290
3184316
3184323
3184363
3184376
3184386
3184400
3184430
3184435
3184440
3184456
3184459
3184489
3184509
3184510
3184514
3184515
3184519
3184521
3184541
3184549
3184557
3184566
3184590
3184594
3184598
3184613
3184615
3184632
3184640
3184641
3184667
3184693
3184702
3184706
3184730
3184733
3184744
3184753
3184772
3184779
3184786
3184808
3184811
3184822
3184830
3184887
3184898
3184919
3184942
3184948
3184953
3184959
3184962
3184964
3184972
3184994
3184997
3185000
3185005
3185010
3185020
3185026
3185056
3185079
3185082
3185087
3185090
3185117
3185128
3185134
3185146
3185162
3185167
3185191
3185197
3185213
3185220
3185231
3185232
3185241
3185245
3185252
3185273
3185378
3186569
3186588
3186594
3186608
3186613
3186621
3186630
3186631
3186633
3186671
3186675
3186686
3186687
3186701
3186745
3186810
3186822
3186834
3186860
3186863
3186864
3186883
3186973
3186999
3187003
3187009
3187041
3187049
3187070
3187075
3187100
3187102
3187122
3187125
3187134
3187149
3187176
3187179
3187185
3187189
3187195
3187207
3187216
3187218
3187221
3187245
3187256
3187257
3187262
3187296
3187343
3187348
3187350
3187364
3187369
3187399
3187403
3187416
3187419
3187423
3187436
3187450
3187455
3187473
3187476
3187506
3187508
3187525
3187551
3187554
3187557
3187584
3187599
3187603
3187604
3187610
3187611
3187618
3187626
3187675
3187686
3187689
3187697
3187706
3187715
3187721
3187734
3187736
3187750
3187768
3187770
3187782
3187806
3187811
3187812
3187825
3187827
3187835
3187844
3187869
3187876
3187887
3187890
3187913
3187928
3187931
3187938
3187942
3187945
3187964
3187966
3187979
3187980
3187984
3188000
3188006
3188007
3188012
3188016
3188045
3188047
3188077
3188081
3188097
3189233
3189253
3190230
3190235
3190240
3190263
3190287
3190295
3190429
3190432
3190504
3190686
3190709
3190741
3190802
3190827
3192060
3192068
3192098
3192170
3192277
3192432
3192446
3192491
3192497
3192498
3192524
3192611
3192713
3192725
3192739
3192747
3192749
3192755
3192756
3192786
3192806
3192826
3192832
3192833
3192840
3192844
3192846
3192886
3192896
3192901
3192903
3192904
3192907
3192909
3192920
3192926
3193095
3193100
3193109
3193138
3193145
3193156
3193181
3193188
3193210
3193214
3193231
3193244
3193288
3193365
3193394
3193439
3193462
3193507
3193525
3193528
3193633
3193635
3193640
3194696
3194697
3194770
3194793
3194797
3194847
3194849
3194860
3194861
3194900
3194919
3194923
3194929
3194978
3195038
3195039
3195052
3195112
3195113
3195122
3195159
3195166
3195171
3195177
3195190
3195217
3195225
3195275
3195291
3195295
3195314
3195348
3195353
3195360
3195366
3195408
3195410
3195438
3195451
3195453
3195455
3195485
3195499
3195504
3195524
3195534
3195545
3195570
3195624
3195650
3195658
3195732
3195740
3195756
3195764
3195775
3195833
3195843
3195850
3195862
3195878
3195879
3195901
3195941
3195962
3195981
3195982
3196000
3196009
3196023
3196034
3196043
3196047
3196064
3196079
3196081
3196092
3196117
3196147
3196158
3196182
3196199
3196229
3196230
3196231
3196253
3196278
3196290
3196349
3196396
3197655
3197686
3197705
3197726
3197732
3197738
3197855
3197911
3198044
3198059
3198061
3198129
3198187
3198277
3198411
3198455
3198499
3198526
3198696
3198698
3198704
3198893
3198929
3198948
3199025
3199098
3199151
3199232
3199249
3199268
3199288
3199290
3199324
3199352
3199360
3199364
3199608
3199652
3199661
3199906
3200042
3200071
3200094
3200173
3200229
3200248
3200282
3200325
3200338
3200407
3200437
3200445
3200474
3200526
3200532
3200538
3200549
3200566
3200640
3200670
3200689
3200738
3202948
3202960
3202965
3203016
3203027
3203034
3203039
3203055
3203068
3203079
3203091
3203103
3203129
3203133
3203137
3203141
3203183
3203185
3203187
3203198
3203202
3203273
3203277
3203292
3203354
3203438
3203851
3203907
3203910
3203922
3203981
3203983
3203996
3203998
3204023
3204028
3204030
3204060
3204065
3204068
3204080
3204113
3204128
3204161
3204244
3204291
3204312
3204318
3204352
3204359
3204415
3204418
3204447
3208202
3208284
3208328
3208387
3208403
3208422
3208463
3208540
3208555
3208567
3208571
3208580
3208590
3208633
3208648
3208665
3208732
3208734
3208738
3208742
3208762
3208768
3208797
3209118
3209155
3209164
3209235
3209347
3209538
3209723
3209787
3209808
3211013
3211026
3211028
3213307
3213344
3213590
3213606
3213659
3213679
3213704
3213719
3213766
3213775
3213787
3213817
3213864
3213941
3213949
3213998
3214017
3214031
3214083
3214116
3214153
3214204
3214247
3214260
3214264
3214342
3214400
3214410
3214427
3214429
3214454
3214486
3214499
3214585
3214587
3214589
3214595
3214606
3214624
3214636
3214647
3214657
3214663
3214667
3214700
3214755
3214813
3214854
3214856
3214877
3214902
3214929
3214988
3215042
3215076
3215082
3215101
3215168
3215193
3215306
3215319
3215323
3215371
3215377
3215395
3215465
3215470
3215476
3215500
3215521
3215544
3215600
3215633
3215687
3215714
3215722
3215762
3215785
3215816
3215830
3215859
3215913
3215969
3215984
3215992
3216033
3216039
3216041
3216082
3216090
3216113
3216119
3216139
3216147
3216175
3216183
3216230
3216292
3216296
3216319
3216328
3216342
3216407
3216503
3216563
3216569
3216573
3216650
3218766
3218884
3219034
3219074
3219086
3219111
3219124
3219136
3219153
3219220
3219228
3219251
3219299
3219341
3219433
3219442
3219450
3219479
3219538
3219577
3219583
3219587
3219613
3219644
3219679
3219696
3219738
3219740
3219750
3219788
3219790
3219842
3219846
3219886
3219915
3219922
3219940
3219942
3219990
3220037
3220039
3220052
3220064
3220070
3220075
3220100
3220117
3220121
3220177
3220179
3220200
3220235
3220272
3220414
3220433
3220555
3220578
3220607
3220678
3220695
3220709
3220724
3220739
3220850
3220860
3220862
3220906
3220927
3220938
3220984
3221007
3221015
3221042
3221047
3221055
3221063
3221130
3221244
3221255
3221275
3221337
3221372
3221378
3221386
3221389
3221427
3221454
3221471
3221508
3221531
3221570
3221586
3221597
3221611
3221661
3221675
3221677
3221714
3221725
3221756
3221766
3221785
3221801
3221818
3221820
3223872
3223876
3223885
3223887
3223983
3224002
3224016
3224025
3224029
3224044
3224081
3224110
3224121
3224300
3224463
3224479
3224487
3224499
3224501
3224808
3224825
3224841
3224858
3224939
3224947
3224948
3224970
3224978
3224982
3225115
3225163
3225186
3225209
3225317
3225346
3225383
3225392
3225396
3225400
3225404
3225408
3225437
3225449
3225545
3225564
3225609
3225679
3225685
3225749
3225864
3225893
3225895
3225922
3225979
3225994
3226025
3226058
3226096
3226137
3226142
3226150
3226231
3226233
3226245
3226254
3226295
3226324
3226339
3226358
3226374
3226395
3226424
3226431
3226437
3226441
3226460
3226487
3226491
3226497
3226536
3226541
3226549
3226559
3226565
3226607
3226639
3226666
3226693
3226714
3226746
3226776
3226863
3226875
3226877
3226892
3226961
3226970
3227009
3227019
3227061
3227074
3228967
3228974
3229082
3229096
3229126
3229132
3229144
3229157
3229217
3229234
3229255
3229261
3229263
3229276
3229345
3229376
3229414
3229434
3229454
3229470
3229501
3229550
3229552
3229583
3229608
3229626
3229680
3229724
3229771
3229779
3229819
3229907
3230049
3230098
3230105
3230115
3230121
3230145
3230159
3230200
3230231
3230243
3230272
3230418
3230432
3230434
3230478
3230496
3230515
3230572
3230594
3230598
3230767
3230771
3230822
3230824
3230864
3230868
3230870
3231012
3231146
3231167
3231195
3231218
3231232
3231236
3231240
3231263
3231269
3231284
3231340
3231373
3231386
3231392
3231396
3231441
3231470
3231493
3231525
3231595
3231620
3231688
3231694
3231740
3231769
3231841
3231865
3231892
3231924
3231939
3231941
3231944
3231984
3231990
3232054
3232111
3232113
3232123
3234295
3234311
3234334
3234385
3234457
3234474
3234495
3234562
3234599
3234619
3234629
3234646
3234649
3234661
3234818
3234822
3234832
3234880
3234914
3234952
3234973
3234980
3234986
3235007
3235083
3235087
3235095
3235106
3235116
3235126
3235164
3235193
3235202
3235214
3235248
3235262
3235293
3235347
3235355
3235397
3235408
3235414
3235491
3235554
3235574
3235577
3235604
3235610
3235616
3235638
3235644
3235678
3235680
3235694
3235698
3235745
3235748
3235771
3235783
3235834
3235838
3235867
3235908
3235960
3236001
3236013
3236015
3236074
3236094
3236097
3236105
3236132
3236142
3236181
3236217
3236238
3236315
3236317
3236357
3236393
3236464
3236470
3236484
3236491
3236497
3236524
3236557
3236576
3236588
3236590
3236598
3236621
3236646
3236655
3236663
3236665
3236711
3236797
3236824
3236828
3236849
3236861
3236880
3236907
3236949
3236968
3237029
3237035
3237127
3237183
3237185
3237218
3237226
3237315
3239408
3239437
3239482
3239486
3239529
3239585
3239632
3239680
3239682
3239744
3239762
3239832
3239870
3239904
3239912
3239951
3240039
3240101
3240125
3240143
3240153
3240158
3240179
3240181
3240207
3240212
3240229
3240267
3240276
3240288
3240301
3240318
3240336
3240455
3240500
3240512
3240514
3240525
3240535
3240570
3240572
3240578
3240619
3240631
3240639
3240655
3240662
3240680
3240688
3240701
3240729
3240754
3240770
3240799
3240824
3240867
3240875
3240895
3240957
3240961
3240964
3240966
3240992
3241006
3241014
3241018
3241074
3241076
3241088
3241092
3241153
3241227
3241229
3241285
3241295
3241304
3241312
3241316
3241318
3241376
3241391
3241507
3241548
3241550
3241651
3241670
3241706
3241708
3241749
3241772
3241821
3241823
3241849
3241853
3241866
3241897
3241911
3242007
3242011
3242013
3242059
3242066
3242088
3242096
3242098
3242133
3242147
3242149
3242157
3242245
3242247
3242392
3242404
3242432
3242447
3244445
3244502
3244508
3244513
3244546
3244561
3244583
3244598
3244599
3244636
3244667
3244682
3244687
3244711
3244727
3244730
3244744
3244753
3244782
3244806
3244808
3244824
3244831
3244848
3244852
3244859
3244870
3244875
3244903
3244927
3244938
3244970
3245010
3245017
3245020
3245028
3245042
3245043
3245056
3245061
3245076
3245077
3245079
3245090
3245104
3245150
3245356
3245374
3245386
3245453
3245459
3245463
3245478
3245486
3245491
3245498
3245501
3245508
3245510
3245549
3245586
3245608
3245622
3245637
3245683
3245687
3245690
3245701
3245703
3245707
3245708
3245721
3245730
3245736
3245741
3245749
3245770
3245776
3245783
3245792
3245795
3245798
3245803
3245805
3245806
3245814
3245823
3245828
3245839
3245860
3245889
3245898
3245901
3245928
3245945
3245948
3245960
3245980
3246083
3246087
3247194
3247210
3247212
3247230
3247233
3247325
3247328
3247341
3247347
3247348
3247367
3247435
3247438
3247458
3247494
3247516
3247525
3247547
3247548
3247567
3247570
3247585
3247614
3247622
3247650
3247652
3247704
3247718
3247742
3247749
3247770
3247775
3247798
3247807
3247825
3247829
3247837
3247845
3247847
3247860
3247869
3247879
3247904
3247918
3247919
3247940
3247967
3247970
3247992
3247995
3248003
3248018
3248021
3248042
3248052
3248058
3248060
3248077
3248080
3248087
3248126
3248147
3248162
3248180
3248183
3248198
3248209
3248216
3248217
3248220
3248231
3248240
3248251
3248283
3248286
3248296
3248306
3248323
3248331
3248337
3248344
3248370
3248378
3248382
3248420
3248441
3248449
3248451
3248479
3248502
3248512
3248515
3248528
3248556
3248562
3248588
3248595
3248631
3248644
3248647
3248674
3248679
3248690
3248717
3248726
3248732
3248754
3248758
3249917
3249937
3249946
3249957
3249977
3249983
3249992
3249993
3249994
3250004
3250020
3250028
3250036
3250042
3250048
3250055
3250067
3250100
3250102
3250117
3250133
3250161
3250162
3250165
3250168
3250169
3250189
3250192
3250209
3250212
3250252
3250270
3250271
3250274
3250301
3250302
3250309
3250310
3250320
3250321
3250326
3250337
3250341
3250345
3250352
3250360
3250383
3250414
3250466
3250472
3250475
3250477
3250499
3250513
3250551
3250585
3250586
3250605
3250627
3250639
3250664
3250666
3250671
3250672
3250685
3250695
3250710
3250718
3250721
3250731
3250739
3250760
3250761
3250763
3250783
3250814
3250815
3250827
3250853
3250859
3250860
3250861
3250869
3250870
3250890
3250904
3250913
3250962
3250972
3250977
3250984
3250995
3251028
3251050
3251060
3251073
3251079
3251090
3251111
3251130
3251132
3251166
3251188
3251205
3251249
3251252
3251261
3251279
3251290
3251294
3251311
3251315
3251330
3251332
3251335
3251339
3251380
3251394
3251398
3251424
3251432
3251463
3251497
3251524
3251539
3251565
3251606
3252680
3252682
3252750
3252811
3252834
3252841
3252855
3252928
3252988
3252997
3253054
3253114
3253139
3253145
3253157
3253216
3253221
3253317
3253332
3253346
3253378
3253394
3253434
3253437
3253475
3253527
3253536
3253541
3253565
3253566
3253568
3253581
3253585
3253597
3253601
3253651
3253682
3253689
3253711
3253717
3253728
3253733
3253746
3253753
3253756
3253802
3253809
3253855
3253869
3253875
3253896
3253910
3253939
3253942
3253945
3253951
3253956
3253985
3254008
3254009
3254024
3254030
3254039
3254075
3254083
3254084
3254100
3254108
3254130
3254145
3254151
3254164
3254166
3254167
3254179
3254188
3254201
3254212
3254240
3254243
3255387
3255388
3255392
3255394
3255411
3255436
3255439
3255450
3255462
3255497
3255503
3255536
3255546
3255549
3255578
3255604
3255606
3255608
3255611
3255622
3255631
3255642
3255649
3255652
3255670
3255675
3255686
3255691
3255714
3255716
3255721
3255737
3255758
3255760
3255804
3255817
3255841
3255844
3255860
3255861
3255893
3255900
3255928
3255943
3255967
3255969
3256042
3256051
3256089
3256110
3256118
3256151
3256155
3256176
3256177
3256194
3256208
3256219
3256226
3256228
3256248
3256261
3256290
3256294
3256299
3256301
3256304
3256307
3256342
3256343
3256353
3256355
3256360
3256366
3256373
3256378
3256438
3256443
3256444
3256450
3256475
3256476
3256532
3256536
3256550
3256561
3256582
3256584
3256588
3256612
3256617
3256623
3256722
3256758
3256782
3256784
3256785
3256812
3256820
3256822
3256841
3256852
3256857
3256860
3256861
3256864
3256867
3256868
3256880
3256887
3256890
3256899
3256911
3256920
3256926
3256938
3256956
3256965
3258024
3258063
3258068
3258083
3258112
3258113
3258137
3258138
3258154
3258157
3258160
3258190
3258191
3258229
3258256
3258259
3258265
3258323
3258338
3258361
3258363
3258364
3258379
3258388
3258394
3258424
3258430
3258438
3258442
3258454
3258460
3258465
3258495
3258546
3258550
3258553
3258557
3258586
3258598
3258603
3258608
3258613
3258616
3258624
3258655
3258656
3258694
3258793
3258801
3258807
3258820
3259087
3259092
3259105
3259129
3259132
3259133
3259140
3259151
3259158
3259172
3259191
3259194
3259207
3259225
3259235
3259236
3259278
3259303
3259315
3259338
3259349
3259366
3259402
3259430
3259442
3259461
3259492
3259505
3259512
3259515
3259535
3259540
3259574
3259615
3259625
3259627
3259630
3259631
3259677
3259679
3259719
3259762
3259785
3259795
3260843
3260852
3260898
3260900
3260913
3261008
3261014
3261027
3261056
3261081
3261083
3261089
3261090
3261093
3261526
3261527
3261531
3261532
3261534
3261576
3261605
3261607
3261610
3261637
3261662
3261675
3261687
3261690
3261696
3261733
3261738
3261744
3261753
3261767
3261826
3261828
3261857
3261882
3261915
3261997
3262007
3262031
3262036
3262044
3262048
3262079
3262105
3262111
3262112
3262120
3262135
3262155
3262195
3262200
3262201
3262231
3262243
3262256
3262291
3262292
3262308
3262317
3262336
3262338
3262374
3262377
3262381
3262382
3262397
3262403
3262496
3262503
3263665
3263673
3263677
3263693
3263711
3263720
3263729
3263750
3263790
3263793
3263854
3263859
3263866
3263916
3263936
3263958
3263988
3263990
3263992
3264005
3264058
3264061
3264080
3264094
3264106
3264124
3264131
3264140
3264148
3264150
3264151
3264167
3264180
3264187
3264201
3264212
3264215
3264253
3264291
3264331
3264344
3264356
3264370
3264390
3264391
3264394
3264425
3264434
3264451
3264471
3264533
3264548
3264562
3264591
3264611
3264630
3264667
3264677
3264679
3264740
3264742
3264787
3264812
3264861
3264898
3264916
3264949
3264968
3264972
3264976
3265011
3265071
3265079
3265102
3265130
3265289
3265297
3265318
3265359
3265382
3265412
3265445
3265453
3265511
3265533
3265560
3265577
3265631
3265645
3265718
3265724
3265747
3265784
3265849
3265851
3265920
3265934
3265944
3265960
3267955
3267967
3268036
3268040
3268044
3268046
3268051
3268053
3268096
3268098
3268130
3268150
3268157
3268161
3268171
3268184
3268188
3268271
3268298
3268337
3268391
3268503
3268566
3268610
3268652
3268660
3268662
3268731
3268743
3268891
3269153
3269201
3269291
3269301
3269330
3269345
3269399
3269401
3269481
3269485
3269503
3269508
3269538
3269559
3269663
3269673
3269696
3269720
3269733
3269735
3269743
3269779
3269784
3269806
3269812
3269837
3269892
3269898
3269947
3269963
3270077
3270085
3270100
3270146
3270154
3270158
3270204
3270210
3270283
3270325
3270342
3270399
3270485
3270487
3270502
3270510
3270537
3270733
3270784
3270826
3270849
3270856
3270906
3270983
3271054
3271088
3271094
3273501
3273503
3273529
3273562
3273583
3273620
3273662
3273676
3273705
3273713
3273715
3273738
3273771
3273781
3273826
3273874
3273884
3273888
3273907
3273948
3273984
3274007
3274054
3274067
3274087
3274097
3274124
3274132
3274182
3274198
3274202
3274204
3274256
3274275
3274292
3274304
3274317
3274373
3274381
3274389
3274460
3274468
3274472
3274490
3274535
3274592
3274596
3274635
3274655
3274696
3274708
3274731
3274784
3274823
3274853
3274873
3274899
3274972
3274995
3275063
3275122
3275174
3275202
3275219
3275348
3275448
3275471
3275481
3275487
3275489
3275493
3275610
3275629
3275657
3275665
3275689
3275780
3275803
3275829
3275889
3276027
3276133
3276180
3276189
3276191
3276197
3276203
3276507
3276513
3276524
3278743
3322382
3322514
3323047
3323517
3323805
3323902
3323925
3323930
3323980
3324123
3324132
3324147
3324152
3324182
3330376
3330406
3330431
3330494
3330499
3330579
3330721
3331279
3331534
3331583
3331593
3332428
3332439
3334663
3334775
3335490
3335695
3335748
3336109
3336152
3336156
3336220
3336330
3336334
3336389
3340350
3340398
3341656
3341749
3341774
3341782
3341827
3341850
3341853
3341857
3341872
3341898
3341924
3341931
3341935
3341969
3341981
3342012
3342030
3342031
3342054
3342085
3342090
3342096
3342114
3342124
3342130
3342134
3342141
3342158
3342213
3342248
3342273
3342287
3342300
3342319
3342335
3342379
3342383
3342390
3342394
3342402
3342412
3342432
3342454
3342455
3342471
3342472
3342503
3342506
3342519
3342529
3342541
3342551
3342562
3342589
3342627
3342712
3342719
3342724
3342725
3342733
3342760
3342762
3342765
3342769
3342781
3342788
3342792
3342797
3342860
3342868
3342883
3342890
3342904
3342923
3342952
3342962
3342965
3343030
3343037
3343052
3343104
3343141
3343155
3343157
3343159
3343187
3343209
3343230
3343250
3343260
3343268
3343273
3343276
3343287
3343294
3343306
3343318
3343339
3343353
3343355
3343370
3343395
3343435
3343440
3343444
3343465
3343481
3343525
3343526
3343541
3343543
3343567
3343597
3343640
3343643
3343665
3343688
3343689
3343726
3343735
3343757
3343769
3343772
3343773
3343835
3343836
3343838
3343842
3343843
3343853
3343878
3343885
3343939
3343983
3344047
3344063
3344085
3344094
3344100
3344104
3344116
3344123
3344126
3344132
3344142
3344150
3344166
3344179
3344180
3344224
3344254
3344258
3344285
3344300
3344332
3344355
3344372
3344382
3344386
3344398
3344431
3344435
3344465
3344469
3344475
3344484
3344507
3344519
3344520
3344522
3344555
3344568
3344608
3344622
3344643
3344674
3344675
3344690
3344733
3344738
3344744
3344774
3344776
3344779
3344793
3344796
3344822
3344830
3344839
3344861
3344886
3344888
3344891
3344892
3344903
3344908
3344913
3344917
3344928
3344937
3344943
3344997
3345059
3345075
3345078
3345080
3345098
3345108
3345115
3345128
3345145
3345191
3345195
3345196
3345208
3345218
3345221
3345233
3345280
3345302
3345335
3345349
3345380
3345384
3345399
3345401
3345412
3345419
3345421
3345423
3345449
3345451
3345452
3345456
3345477
3345497
3345525
3345547
3345580
3345603
3345614
3345643
3345662
3345671
3345679
3345681
3345693
3345697
3345714
3345731
3345757
3345792
3345808
3345815
3345822
3345842
3345868
3345882
3345883
3345910
3345920
3345931
3345939
3345971
3345972
3345982
3346011
3346022
3346035
3346052
3346067
3346090
3346117
3346138
3346148
3346154
3346156
3346175
3346178
3346200
3346227
3346248
3346256
3346267
3346317
3346319
3346324
3346348
3346351
3346360
3346390
3346391
3346394
3346429
3346445
3346456
3346474
3346485
3346494
3346499
3346500
3346506
3346540
3346556
3346567
3346578
3346580
3346590
3346598
3346599
3346604
3346608
3346616
3346624
3346642
3346646
3346655
3346688
3346700
3346711
3346729
3346754
3346762
3346781
3346785
3346814
3346817
3346831
3346855
3346888
3346914
3346942
3346954
3346956
3346966
3346984
3346995
3347000
3347007
3347067
3347069
3347089
3347091
3347120
3347124
3347129
3347148
3347157
3347159
3347182
3347186
3347210
3347214
3347224
3347242
3347265
3347350
3347388
3347434
3347440
3347473
3347487
3347497
3347509
3347513
3347523
3347540
3347542
3347563
3347568
3347575
3347583
3347599
3347600
3347601
3347617
3347649
3347653
3347689
3347698
3347711
3347725
3347734
3347738
3347762
3347780
3347782
3347805
3347870
3347882
3347888
3347890
3347918
3347928
3347936
3347954
3347959
3347994
3348016
3348019
3348063
3348071
3348075
3348095
3348104
3348107
3348126
3348149
3348172
3348184
3348200
3348262
3348278
3348316
3348578
3348594
3348598
3348667
3351799
3351821
3351842
3351849
3351869
3351872
3351878
3351924
3351941
3351943
3351956
3351973
3351988
3352046
3352055
3352069
3352070
3352081
3352089
3352096
3352134
3352157
3352173
3352181
3352190
3352252
3352255
3352261
3352269
3352284
3352289
3352293
3352308
3352321
3352407
3352424
3352443
3352446
3352448
3352469
3352536
3352544
3352553
3352575
3352580
3352609
3352620
3352622
3352623
3352624
3352634
3352640
3352643
3352648
3352654
3352657
3352667
3352669
3352675
3352681
3352714
3352716
3352729
3352734
3352762
3352763
3352771
3352782
3352833
3352854
3352856
3352860
3352864
3352874
3352883
3352894
3352898
3352912
3352925
3352932
3352941
3352981
3352984
3352986
3352999
3353007
3353020
3353025
3353026
3353029
3353034
3353046
3353049
3353052
3353059
3353082
3353117
3353132
3353159
3353166
3353168
3353173
3353176
3353178
3353179
3353183
3353191
3353221
3353231
3353255
3353261
3353273
3353276
3353300
3353322
3353324
3353325
3353329
3353337
3353345
3353366
3353371
3353374
3353375
3353385
3353386
3353402
3353445
3353454
3353461
3353464
3353498
3353531
3353557
3353558
3353565
3353570
3353588
3353599
3353610
3353611
3353624
3353632
3353640
3353643
3353649
3353683
3353710
3353721
3353723
3353733
3353735
3353742
3353750
3353754
3353755
3353771
3353772
3353775
3353783
3353789
3353801
3353804
3353806
3353810
3353833
3353840
3353847
3353849
3353892
3353899
3353926
3353951
3353956
3353976
3353983
3353986
3353988
3353993
3353994
3353997
3354011
3354020
3354044
3354047
3354052
3354088
3354106
3354135
3354152
3354169
3354175
3354179
3354190
3354246
3354248
3354256
3354260
3354266
3354275
3354295
3354302
3354331
3354350
3354398
3354400
3354442
3354448
3354480
3354508
3354516
3354524
3354554
3354607
3354608
3354614
3354626
3354644
3354645
3354679
3354683
3354689
3354697
3354702
3354718
3354726
3354731
3354734
3354744
3354751
3354752
3354852
3354854
3354893
3354910
3354924
3354952
3354961
3354994
3355006
3355007
3355009
3355010
3355094
3355104
3355108
3355152
3355273
3355310
3355314
3356472
3356551
3356568
3356579
3356619
3356635
3356654
3356658
3356662
3356670
3356791
3356849
3356910
3356922
3356951
3356975
3356986
3357022
3357061
3357122
3357134
3357157
3357579
3357595
3357607
3357611
3357623
3357771
3357791
3357923
3357983
3358036
3358044
3358104
3358112
3358198
3358226
3358242
3358393
3358461
3358515
3358550
3358573
3358580
3358597
3358599
3358623
3358678
3358735
3358739
3358762
3358788
3358790
3358805
3358806
3358844
3358865
3358883
3358889
3358965
3358969
3358980
3358988
3359028
3359068
3359070
3359075
3359077
3359083
3359088
3359091
3359097
3359116
3359119
3359131
3359139
3359163
3359194
3359202
3359211
3359231
3359246
3359247
3359265
3359274
3359283
3359286
3359304
3359308
3359324
3359343
3359367
3359368
3359387
3359393
3359396
3359419
3359424
3359428
3359431
3359442
3359462
3359464
3359465
3359474
3359498
3359520
3359530
3359562
3359574
3359583
3359618
3359627
3359646
3359656
3359659
3359682
3359698
3359707
3359708
3359710
3359753
3359787
3359798
3359803
3359831
3359851
3359872
3359891
3359897
3359931
3360096
3360125
3360135
3360137
3360140
3360161
3360191
3360202
3360304
3360377
3360418
3360433
3360448
3360471
3360476
3360495
3360505
3360508
3360538
3360545
3360585
3360591
3360605
3360611
3360612
3360618
3360682
3360686
3360713
3360718
3360722
3360745
3360809
3360846
3360857
3360903
3360911
3360915
3360917
3360920
3360931
3360973
3360983
3361067
3361069
3361095
3361132
3361164
3361172
3361178
3361202
3361217
3361234
3361267
3361300
3361302
3361315
3361323
3361350
3361356
3361361
3361389
3361426
3361448
3361460
3361507
3361512
3361515
3361533
3361536
3361545
3361548
3361551
3361566
3361587
3361599
3361611
3361623
3361644
3361657
3361730
3361733
3361736
3361768
3361771
3361774
3361871
3361930
3361989
3362007
3362025
3362053
3362096
3362109
3362139
3362194
3362211
3362212
3362218
3362238
3362244
3362298
3362315
3362428
3362449
3362473
3362500
3362613
3362673
3362732
3362784
3362800
3362867
3362912
3362926
3362952
3362955
3362956
3362977
3362992
3363007
3363013
3363015
3363021
3363025
3363046
3363103
3363110
3363113
3363171
3363174
3363242
3363281
3363293
3363312
3363320
3363375
3363392
3363393
3363402
3363403
3363404
3363414
3363415
3363427
3363441
3363473
3363478
3363493
3363508
3363552
3363573
3363588
3363619
3363654
3363655
3363684
3363714
3363733
3363753
3363772
3363779
3363781
3363799
3363843
3363866
3363891
3363912
3363915
3363924
3363940
3363947
3363956
3363965
3364007
3364097
3364116
3364136
3364156
3364160
3364162
3364192
3364213
3364223
3364261
3364266
3364284
3364291
3364314
3364334
3364359
3364369
3364371
3364410
3364436
3364457
3364465
3364479
3364484
3364490
3364495
3364533
3364553
3364559
3364579
3364632
3364639
3364656
3364661
3364683
3364686
3364697
3364716
3364738
3364750
3364758
3364791
3364801
3364815
3364844
3364851
3364854
3364856
3364881
3364936
3364938
3364950
3364963
3365009
3365016
3365033
3365035
3365066
3365071
3365075
3365086
3365095
3365103
3365153
3365187
3365190
3365192
3365194
3365200
3365207
3365215
3365244
3365282
3365288
3365309
3365402
3365420
3365521
3365542
3365554
3365564
3365567
3365584
3365617
3365618
3365620
3365623
3365699
3365757
3365766
3365770
3365781
3365793
3365831
3365910
3365918
3365925
3365939
3365968
3365969
3365974
3365981
3366001
3366006
3366019
3366024
3366050
3366095
3366106
3366114
3366125
3366139
3366175
3366202
3366211
3366220
3366230
3366252
3366276
3366341
3366364
3366367
3366375
3366381
3366382
3366384
3366416
3366452
3366480
3366493
3366497
3366509
3366519
3366565
3366579
3366591
3366609
3366647
3366651
3366655
3366685
3366695
3366702
3366750
3366758
3366759
3366775
3366778
3366779
3366799
3366809
3366815
3366833
3366834
3366842
3366845
3366912
3366916
3366918
3366965
3367009
3367052
3367055
3367074
3367081
3367092
3367152
3367159
3367162
3367167
3367175
3367197
3367219
3367220
3367226
3367261
3367269
3367286
3367307
3367309
3367310
3367333
3367340
3367363
3367374
3367424
3367439
3367446
3367447
3367456
3367492
3367526
3367541
3367544
3367573
3367592
3367648
3367649
3367654
3367763
3367842
3367876
3367943
3367983
3367988
3368000
3368004
3368013
3368023
3368056
3368059
3368076
3368108
3368118
3368188
3368191
3368264
3368269
3368352
3368377
3368385
3368389
3368392
3368394
3368416
3368419
3368529
3368553
3368563
3368570
3368585
3368607
3368733
3368739
3368761
3368771
3373606
3373628
3373685
3373697
3373707
3373714
3373730
3373798
3373806
3373813
3373817
3373832
3373893
3373907
3373917
3373938
3373939
3373950
3373959
3373963
3373980
3374001
3374023
3374033
3374060
3374079
3374091
3374099
3374114
3374115
3374150
3374151
3374217
3374253
3374269
3374276
3374281
3374314
3374341
3374358
3374385
3374394
3374405
3374414
3374425
3374464
3374468
3374470
3374496
3374501
3374502
3374522
3374525
3374533
3374557
3374558
3374565
3374574
3374591
3374598
3374599
3374601
3374602
3374649
3374658
3374667
3374679
3374699
3374761
3374767
3374769
3374781
3374789
3374813
3374819
3374878
3374907
3374916
3374919
3374923
3374928
3374931
3374970
3374991
3374995
3375015
3375034
3375062
3375076
3375077
3375110
3375118
3375135
3375156
3375176
3375184
3375203
3375209
3375220
3375233
3375288
3375319
3375330
3375341
3375343
3375344
3375372
3375376
3375397
3375400
3375409
3375451
3375452
3375483
3375485
3375488
3375499
3375551
3375552
3375554
3375570
3375572
3375600
3375656
3375676
3375678
3375682
3375690
3375700
3375703
3375709
3375737
3375740
3375761
3375814
3375820
3375854
3375868
3375872
3375913
3375933
3375939
3375976
3375988
3375990
3376037
3376088
3376102
3376117
3376136
3376137
3376145
3376157
3376182
3376198
3376206
3376240
3376288
3376290
3376296
3376300
3376302
3376333
3376337
3376341
3376345
3376360
3376362
3376380
3376384
3376388
3376418
3376430
3376438
3376472
3376496
3376569
3376592
3376593
3376599
3376604
3376607
3376612
3376628
3376630
3376643
3376644
3376693
3376712
3376720
3376837
3376890
3377012
3377124
3377138
3377160
3377179
3377205
3377206
3377243
3377250
3377254
3377310
3377338
3377355
3377383
3377387
3377388
3377435
3377441
3377457
3377504
3377507
3377523
3377570
3377611
3377619
3377626
3377633
3377640
3377646
3377652
3377672
3377679
3377693
3377711
3377746
3377773
3377776
3377801
3377832
3377851
3377902
3377914
3377974
3378009
3378012
3378037
3378038
3378045
3378062
3378064
3378073
3378080
3378085
3378101
3378107
3378139
3378148
3378173
3378210
3378232
3378271
3378288
3378317
3378331
3378341
3378343
3378369
3378415
3378423
3378455
3378460
3378466
3378500
3378516
3378535
3378536
3378540
3378551
3378562
3378582
3378586
3378673
3378675
3378681
3378687
3378690
3378698
3378713
3378724
3378747
3378757
3378806
3378819
3378829
3378847
3379039
3379043
3379062
3379066
3379074
3379075
3379088
3379090
3379126
3379127
3379136
3379142
3379148
3379171
3379201
3379226
3379240
3379247
3379251
3379252
3379265
3379269
3379272
3379284
3379300
3379302
3379314
3379340
3379342
3379357
3379381
3379402
3379405
3379417
3379428
3379433
3379561
3379579
3379674
3379676
3379864
3379868
3379870
3379906
3380029
3380046
3380050
3380197
3380312
3380387
3380432
3380453
3380461
3380478
3380529
3380545
3380762
3380778
3380869
3380975
3381003
3381065
3381077
3381081
3381109
3381111
3381155
3381179
3381199
3381223
3381225
3381227
3381235
3381241
3381253
3381285
3381303
3381304
3381391
3381407
3381415
3381473
3381474
3381670
3381676
3381680
3381743
3381821
3381885
3381904
3381938
3381944
3382019
3382031
3382047
3382051
3382216
3382236
3382325
3382432
3382542
3382570
3382660
3382673
3382725
3382789
3382861
3382888
3382917
3382928
3382984
3383005
3383021
3383032
3383044
3383108
3383116
3383208
3383232
3383296
3383356
3383420
3383428
3383519
3383689
3383760
3383776
3383800
3383825
3383853
3383897
3383987
3383988
3384087
3384095
3384178
3384207
3384211
3384260
3384403
3384423
3384443
3384447
3384448
3384471
3384475
3384500
3384507
3384580
3384603
3384606
3384615
3384657
3384673
3384716
3384783
3384795
3384827
3384903
3384907
3384954
3384957
3384967
3385043
3385070
3385076
3385111
3385145
3385156
3385172
3385180
3385186
3385196
3385229
3385232
3385261
3385265
3385267
3385275
3385286
3385313
3385324
3385384
3385445
3385461
3385463
3385505
3385506
3385513
3385525
3385555
3385627
3385628
3385639
3385671
3385688
3385700
3385707
3385758
3385768
3385774
3385777
3385827
3385838
3385843
3385893
3385896
3385909
3385910
3385921
3385946
3385986
3385994
3386008
3386014
3386033
3386064
3386084
3386090
3386094
3386144
3386168
3386188
3386196
3386207
3386219
3386232
3386241
3386267
3386275
3386279
3386286
3386292
3386300
3386308
3386329
3386352
3386361
3386365
3386381
3386384
3386386
3386387
3386389
3386405
3386409
3386426
3386489
3386529
3386549
3386569
3386574
3386618
3386625
3386627
3386628
3386629
3386637
3386641
3386656
3386667
3386674
3386683
3386702
3386715
3386719
3386723
3386729
3386731
3386735
3386760
3386764
3386800
3386802
3386820
3386858
3386893
3386938
3386964
3387028
3387029
3387076
3387106
3387107
3387167
3387217
3387335
3387374
3387414
3387453
3387466
3387477
3387480
3387515
3387521
3387527
3387546
3387572
3387584
3387605
3387641
3387652
3387749
3387759
3387777
3387786
3387797
3387877
3387896
3387903
3387928
3387932
3387960
3387976
3387978
3387988
3388027
3388030
3388036
3388083
3388148
3388174
3388218
3388248
3388255
3388272
3388281
3388303
3388350
3388354
3388367
3388381
3388388
3388396
3388429
3388443
3388470
3388476
3388495
3388514
3388522
3388527
3388530
3388533
3388547
3388549
3388553
3388578
3388593
3388594
3388602
3388610
3388695
3388722
3388751
3388759
3388771
3388778
3388779
3388794
3388800
3388850
3388864
3388884
3388899
3388908
3388930
3388962
3388971
3389001
3389008
3389024
3389037
3389049
3389061
3389078
3389086
3389103
3389130
3389139
3389172
3389192
3389219
3389227
3389262
3389266
3389277
3389280
3389344
3389369
3389377
3389402
3389404
3389410
3389422
3389438
3389454
3389456
3389460
3389468
3389494
3389505
3389523
3389532
3389535
3389556
3389576
3389582
3389603
3389629
3389682
3389690
3389700
3389704
3389710
3389728
3389739
3389765
3389769
3389792
3389820
3389828
3389848
3389864
3389868
3389873
3389875
3389926
3389935
3389938
3389943
3389963
3389964
3389968
3389994
3390011
3390094
3390097
3390101
3390110
3390143
3390264
3390287
3390309
3390368
3390428
3390441
3390712
3390716
3390795
3390853
3390900
3390958
3390990
3390996
3391025
3391045
3391057
3391120
3391246
3391288
3391328
3391445
3395199
3395235
3395243
3395247
3395283
3395317
3395324
3395363
3395366
3395379
3395406
3395456
3395461
3395484
3395494
3395545
3395571
3395660
3395678
3395765
3395809
3395820
3395846
3395848
3395859
3395863
3395864
3395866
3395874
3395890
3395891
3395894
3395914
3395940
3395948
3395958
3396006
3396008
3396020
3396048
3396061
3396074
3396078
3396092
3396127
3396145
3396149
3396234
3396286
3396294
3396298
3396314
3396328
3396355
3396356
3396365
3396389
3396395
3396403
3396451
3396473
3396502
3396503
3396530
3396540
3396547
3396577
3396590
3396603
3396610
3396619
3396635
3396650
3396664
3396679
3396690
3396696
3396710
3396720
3396731
3396743
3396758
3396773
3396774
3396776
3396780
3396792
3396806
3396812
3396829
3396839
3396841
3396869
3396934
3396940
3396948
3396967
3396968
3396971
3396981
3396985
3396995
3397009
3397011
3397015
3397047
3397063
3397091
3397096
3397132
3397162
3397211
3397300
3397317
3397359
3397364
3397369
3397382
3397389
3397405
3397422
3397499
3397500
3397515
3397554
3397568
3397586
3397611
3397662
3397670
3397675
3397724
3397771
3397779
3397787
3397802
3397812
3397822
3397848
3397882
3397912
3397932
3397942
3397950
3397966
3397986
3398041
3398068
3398104
3398128
3398134
3398184
3398185
3398186
3398199
3398207
3398216
3398243
3398261
3398269
3398271
3398272
3398287
3398305
3398330
3398360
3398461
3398477
3398485
3398532
3398552
3398574
3398598
3398653
3398667
3398682
3398708
3398764
3398809
3398851
3398930
3398957
3399155
3399187
3399192
3399217
3399265
3399321
3399326
3399335
3399345
3399390
3399457
3399461
3399501
3399521
3399522
3399531
3399557
3399561
3399576
3399591
3399646
3399655
3399665
3399685
3399697
3399702
3399720
3399730
3399814
3399904
3399908
3399961
3400003
3400069
3400079
3400114
3400136
3400231
3400244
3400246
3400249
3400279
3400287
3400313
3400327
3400366
3400392
3400421
3400432
3400447
3400450
3400534
3400538
3400553
3400669
3400688
3400742
3400743
3400806
3400821
3400825
3400830
3400853
3400896
3400962
3400989
3401106
3401111
3401114
3401135
3401141
3401156
3401160
3401161
3401171
3401176
3401203
3401208
3401221
3401279
3401333
3401363
3401469
3401483
3401515
3401539
3401549
3401564
3401574
3401585
3401590
3401593
3401618
3401622
3401627
3401647
3401652
3401659
3401837
3401924
3401929
