2979176
2979797
3035004
3035150
3035229
3035236
3035818
3035828
3035933
3035934
3036092
3036202
3036214
3036363
3036494
3037908
3038049
3038220
3038413
3038429
3038493
3038562
3038624
3038742
3038950
3039086
3040653
3040733
3040735
3040898
3040979
3040987
3040998
3041003
3041254
3041347
3041355
3041483
3041599
3041757
3043289
3043351
3043416
3043482
3043565
3043625
3043828
3044008
3044408
3044604
3045683
3045738
3045807
3045827
3046256
3046264
3046472
3046776
3046808
3046983
3046987
3047091
3047428
3048635
3048934
3049033
3049048
3049234
3049582
3049634
3049710
3049724
3049748
3049767
3049833
3049889
3051145
3051146
3051230
3051305
3051337
3051749
3051755
3051926
3052044
3052057
3052068
3052073
3052119
3052205
3052282
3052441
3052475
3052481
3052770
3052879
3052981
3052999
3053350
3054528
3054651
3054778
3054788
3054799
3054912
3055962
3056050
3057116
3057127
3057184
3057202
3057412
3057539
3059610
3059979
3059988
3060095
3060161
3060168
3061472
3061708
3061773
3061778
3061814
3061972
3062039
3062133
3062238
3062248
3062255
3062345
3062773
3062975
3064194
3064305
3064445
3064621
3064625
3064682
3064744
3064759
3064769
3064889
3065304
3065349
3065395
3065453
3065600
3066804
3066863
3066951
3067333
3067357
3067729
3067766
3067911
3067924
3068024
3068050
3069577
3070219
3070567
3070923
3071058
3071210
3072620
3072688
3072731
3072743
3072850
3073064
3073641
3073773
3073858
3075074
3075099
3075138
3075454
3075495
3075608
3075695
3075727
3075885
3075996
3076473
3076700
3077807
3078189
3078353
3078577
3078677
3079087
3079103
3079217
3080384
3080422
3080426
3080429
3080440
3080443
3080590
3080788
3080801
3080828
3080872
3081016
3081085
3081118
3081142
3081521
3081556
3081642
3081721
3081768
3081804
3081806
3083774
3083861
3084016
3084353
3084407
3084427
3084440
3086173
3086225
3086415
3086754
3086911
3087020
3087161
3087268
3087284
3088521
3088578
3088653
3088754
3088761
3089139
3089225
3089507
3089535
3089567
3089723
3090071
3091246
3091393
3091624
3092080
3092248
3092258
3092347
3092436
3092659
3092793
3092807
3094428
3094569
3094666
3094687
3094848
3094863
3095092
3095368
3095386
3095462
3095507
3096684
3096688
3096747
3097015
3097139
3097162
3097333
3097378
3097636
3097966
3098293
3098301
3099350
3099528
3099579
3099585
3099742
3099822
3099888
3100055
3100165
3100206
3100449
3100561
3100672
3100883
3102439
3102482
3102740
3102883
3102953
3102992
3103158
3103737
3105033
3105409
3105443
3105458
3105555
3105681
3105875
3105884
3106368
3107471
3107477
3107504
3107577
3107632
3107698
3108694
3111128
3111610
3111758
3113414
3113594
3113755
3113889
3113934
3114318
3114368
3116112
3117107
3117390
3117459
3117654
3117708
3117887
3118008
3118057
3118184
3118266
3118403
3118414
3119848
3120147
3120211
3120356
3120483
3120511
3120523
3120966
3121129
3121255
3122380
3122484
3122581
3122679
3122731
3122853
3122869
3122917
3123414
3123486
3123581
3123694
3123721
3124022
3124090
3125139
3125225
3125315
3125361
3125432
3125480
3125576
3125594
3125613
3125831
3125886
3126001
3126104
3126105
3126108
3126291
3126401
3126441
3126467
3126479
3126507
3126654
3127888
3127928
3128094
3128148
3128198
3128235
3128308
3128338
3129246
3129310
3129368
3130644
3130739
3130942
3131134
3131243
3131271
3131312
3131468
3131859
3133745
3133825
3133894
3133975
3134189
3134250
3134464
3134469
3134473
3134637
3135999
3136127
3136359
3136834
3137116
3137124
3137489
3139059
3139094
3139101
3139372
3139516
3139560
3139615
3140268
3140335
3142582
3142658
3143168
3143304
3143474
3143523
3143610
3143971
3144053
3144201
3144247
3144315
3144766
3144797
3144938
3147618
3149127
3149164
3149700
3149716
3149997
3152397
3152927
3153135
3153172
3153370
3153470
3154053
3154325
3154565
3154610
3154709
3155052
3155114
3155168
3156499
3156695
3157046
3157591
3157723
3157890
3159299
3159361
3159427
3159432
3159972
3160000
3160066
3160115
3160119
3160190
3160290
3160649
3161874
3161910
3161959
3162127
3162658
3162666
3162890
3163382
3164775
3165050
3165649
3165773
3165840
3165851
3165935
3166262
3167567
3167588
3167863
3167903
3168014
3168123
3168147
3168247
3168248
3168295
3168413
3168465
3168590
3168796
3168842
3168915
3168981
3170214
3170317
3170397
3170596
3170677
3170702
3170777
3171177
3171431
3171476
3171557
3173030
3173310
3173618
3173658
3173901
3173916
3174112
3174128
3174189
3174259
3175609
3175758
3175922
3175938
3176177
3176239
3176407
3176442
3176527
3176661
3176913
3178567
3178890
3178968
3178969
3179030
3179055
3179105
3179151
3179295
3179405
3179412
3179838
3181136
3181298
3181635
3181817
3181920
3182065
3182667
3182685
3183953
3184001
3184296
3184732
3184799
3184889
3184979
3185119
3185120
3185424
3187095
3187123
3187566
3187677
3187679
3187980
3188037
3188052
3188053
3190427
3192653
3192766
3192882
3193119
3194877
3195158
3195216
3196169
3196281
3198729
3198925
3199849
3200185
3200275
3200300
3204111
3204117
3204271
3208197
3208503
3208785
3209095
3210650
3211020
3213717
3213945
3214645
3214753
3214961
3214974
3215220
3215250
3215777
3215843
3216003
3219213
3219266
3219337
3219732
3219746
3219842
3220343
3220599
3220871
3221078
3221624
3221706
3224008
3224125
3224524
3224528
3224858
3225233
3225279
3226042
3226358
3226686
3226788
3227028
3229119
3229795
3229924
3230141
3231195
3231711
3231930
3234975
3235471
3236042
3236384
3236463
3236559
3236911
3236934
3239644
3239653
3240107
3240249
3240276
3240537
3240543
3240895
3241345
3241998
3244484
3244754
3244974
3245100
3245430
3245558
3245727
3245779
3245881
3245950
3246021
3246080
3247478
3247510
3248043
3248229
3248274
3248410
3248471
3248495
3248745
3250035
3250232
3250296
3250463
3250511
3250644
3250650
3250873
3250982
3250988
3251131
3251608
3253333
3253620
3253631
3253793
3253806
3253819
3253961
3253973
3254139
3255582
3255760
3255950
3256145
3256200
3256260
3256614
3256692
3256878
3256960
3258260
3258309
3258327
3258445
3258652
3259239
3259440
3259465
3259531
3259537
3259796
3261705
3261849
3262014
3263897
3263917
3264018
3264023
3264090
3264247
3264305
3264319
3264802
3264808
3264840
3264881
3264932
3265100
3265151
3265163
3265390
3265577
3265788
3268223
3268298
3268377
3269505
3269516
3269716
3269743
3269904
3269943
3270338
3273331
3273689
3274093
3274515
3274600
3274647
3275473
3275530
3275614
3275649
3275732
3275857
3275931
3322427
3331824
3335456
3335918
3336623
3341988
3342096
3342295
3342304
3342682
3342934
3342973
3343206
3343366
3343394
3343552
3343884
3343992
3344060
3344079
3344175
3344244
3344332
3344464
3344537
3344620
3344730
3344737
3344777
3345067
3345294
3345323
3345563
3345653
3345991
3346217
3346219
3346243
3346291
3346312
3346460
3346631
3347146
3347170
3347203
3347936
3348644
3352057
3352061
3352104
3352116
3352326
3352865
3352983
3353155
3353169
3353498
3353531
3353773
3353850
3353944
3353968
3354217
3354234
3354406
3354528
3354608
3354615
3354675
3355338
3356869
3357681
3358792
3358836
3359195
3359216
3359354
3359704
3360286
3361056
3361385
3362208
3363133
3363493
3363522
3363840
3364113
3364321
3364339
3364498
3364552
3364731
3364757
3364845
3364950
3364961
3365788
3366005
3366041
3366170
3366584
3366649
3366853
3367227
3367295
3367439
3367454
3367524
3367654
3367822
3367973
3368028
3368585
3368592
3368800
3373943
3374231
3374382
3374493
3375127
3375396
3375486
3375518
3375608
3375742
3375789
3375837
3376263
3376265
3376431
3376531
3376779
3376810
3377202
3377325
3377595
3377753
3378180
3378528
3378920
3378976
3379031
3379270
3379352
3380115
3380259
3381030
3381150
3381371
3381565
3381940
3382063
3383502
3383832
3383917
3384260
3384381
3384859
3385083
3385089
3385267
3385643
3385683
3385734
3385888
3386183
3386328
3386466
3386622
3386733
3386796
3387118
3388525
3388566
3388600
3388942
3388960
3388998
3389292
3389735
3389842
3389856
3390062
3390237
3390416
3390661
3390830
3390951
3395256
3395464
3395498
3395859
3395988
3396459
3396481
3396534
3396546
3396691
3396910
3396918
3396940
3397206
3397389
3397469
3397942
3397986
3398081
3398238
3398435
3398524
3398653
3399360
3399551
3399641
3400553
3401005
3401024
3401708
