0.000000 1.000000 1.000000 1.000000
0.025000 0.708487 0.714932 0.714932
0.050000 0.601562 0.648871 0.648871
0.075000 0.567355 0.628231 0.628231
0.100000 0.529938 0.597821 0.597821
0.125000 0.498704 0.570087 0.570087
0.150000 0.468180 0.546636 0.546636
0.175000 0.442655 0.518058 0.518058
0.200000 0.411325 0.480304 0.480304
0.225000 0.379825 0.447526 0.447526
0.250000 0.346161 0.414423 0.414423
0.275000 0.318537 0.382690 0.382690
0.300000 0.292627 0.336413 0.336413
0.325000 0.254942 0.284663 0.284663
0.350000 0.211988 0.227147 0.227147
0.375000 0.166590 0.142771 0.142771
0.400000 0.101319 0.053417 0.053417
0.425000 0.039058 0.031462 0.031462
0.450000 0.020678 0.000000 0.000000
0.475000 0.000000 0.000000 0.000000
0.500000 0.000000 0.000000 0.000000
0.525000 0.000000 0.000000 0.000000
0.550000 0.000000 0.000000 0.000000
0.575000 0.000000 0.000000 0.000000
0.600000 0.000000 0.000000 0.000000
0.625000 0.000000 0.000000 0.000000
0.650000 0.000000 0.000000 0.000000
0.675000 0.000000 0.000000 0.000000
0.700000 0.000000 0.000000 0.000000
0.725000 0.000000 0.000000 0.000000
0.750000 0.000000 0.000000 0.000000
0.775000 0.000000 0.000000 0.000000
0.800000 0.000000 0.000000 0.000000
0.825000 0.000000 0.000000 0.000000
0.850000 0.000000 0.000000 0.000000
0.875000 0.000000 0.000000 0.000000
0.900000 0.000000 0.000000 0.000000
0.925000 0.000000 0.000000 0.000000
0.950000 0.000000 0.000000 0.000000
0.975000 0.000000 0.000000 0.000000
1.000000 0.000000 0.000000 0.000000
