2979295
2979692
3035059
3035709
3035730
3037753
3038416
3038725
3038822
3040657
3040894
3041027
3041101
3041103
3041465
3041521
3041706
3041998
3043363
3044499
3046306
3046510
3046673
3046858
3046967
3047051
3047077
3047219
3048483
3048543
3048727
3048987
3049501
3049682
3051453
3052677
3052777
3054889
3057277
3057456
3059469
3059882
3059887
3059969
3060248
3060344
3062017
3062656
3062774
3062992
3062996
3064537
3064851
3065055
3066964
3067391
3067507
3067702
3068421
3069650
3069904
3070607
3072518
3073189
3073574
3073869
3074926
3075083
3075478
3075770
3075801
3076526
3077868
3078111
3078473
3078507
3080555
3080976
3082484
3083485
3083885
3083989
3084153
3084574
3085906
3086548
3086965
3088752
3089041
3089223
3089320
3089581
3089849
3090115
3091584
3091622
3091636
3091736
3091868
3092164
3092409
3092419
3092625
3093907
3094345
3094410
3095226
3095318
3095494
3096960
3097037
3097254
3097289
3097806
3097843
3098055
3098252
3098272
3099478
3099601
3099707
3100796
3102144
3102483
3102870
3103568
3105343
3105758
3106000
3107436
3108617
3108676
3111045
3111155
3111212
3111796
3113963
3114488
3117022
3117035
3117300
3117759
3118280
3118590
3119857
3119971
3122604
3122756
3123289
3123623
3123678
3125317
3125466
3125520
3125831
3126109
3126278
3126336
3126422
3126483
3126534
3127020
3128619
3128848
3130605
3130960
3131075
3131079
3131431
3133336
3133493
3133765
3134135
3134266
3136126
3136164
3136194
3136847
3137302
3139073
3139096
3139982
3140056
3143212
3144747
3144799
3144847
3144934
3145153
3147756
3148131
3148246
3148743
3149051
3152444
3152648
3154546
3155105
3156544
3156557
3157751
3157774
3159424
3159496
3160078
3160249
3160349
3160471
3162256
3162272
3162405
3162722
3163340
3164627
3164878
3165416
3165558
3166186
3167745
3168181
3170355
3170776
3170892
3170949
3172917
3173662
3175797
3176371
3176665
3176918
3176946
3176951
3176968
3179167
3179243
3181374
3181879
3181931
3182092
3182240
3182370
3182537
3184095
3184124
3184248
3184577
3184776
3184965
3185041
3186647
3186881
3186953
3187068
3190256
3192770
3192816
3192922
3193625
3194875
3195317
3195504
3195642
3195671
3196143
3196306
3196513
3198702
3200275
3200575
3203996
3204002
3204044
3208305
3215064
3215068
3215078
3215319
3215441
3215700
3219393
3219408
3219485
3219849
3220454
3220509
3220998
3221178
3224503
3225944
3226125
3226370
3226762
3227023
3229556
3229872
3230135
3231956
3232022
3235147
3235547
3235703
3235771
3236056
3236334
3236653
3236678
3237127
3237179
3239830
3239885
3240109
3241252
3241584
3242080
3242188
3245498
3245514
3245948
3247671
3248098
3248105
3248480
3248548
3250158
3250604
3250613
3251225
3251345
3251459
3251478
3253412
3253591
3253701
3253798
3253826
3253951
3255683
3255723
3255737
3255822
3255872
3256485
3256795
3257008
3258338
3258419
3258429
3258607
3259094
3259366
3259388
3261611
3261676
3262027
3263702
3264143
3265034
3265651
3269890
3273660
3273893
3275108
3275527
3275805
3276129
3276526
3324104
3331582
3331734
3332308
3342061
3342584
3342761
3343654
3343756
3343803
3344065
3344187
3344192
3344475
3344498
3344508
3344627
3344682
3344758
3344905
3344947
3345899
3346055
3346090
3346635
3347492
3347682
3347974
3352407
3352799
3352992
3353399
3353489
3353722
3354016
3354448
3354471
3354784
3354801
3355033
3356452
3357807
3358023
3358643
3358746
3358772
3358862
3358868
3359004
3359073
3359124
3359566
3359572
3360822
3361030
3361075
3361335
3362455
3362741
3363320
3363979
3364495
3364727
3365338
3365459
3365610
3365727
3365976
3366276
3366427
3366980
3368188
3368674
3373691
3374016
3374082
3374273
3374637
3374725
3374938
3375618
3375644
3375741
3376240
3376255
3376623
3376670
3376677
3377276
3377844
3378706
3379126
3379272
3379278
3379547
3379920
3380507
3381658
3382761
3383713
3385599
3386382
3386500
3386523
3386824
3386920
3387313
3387942
3387967
3388129
3389112
3390292
3390957
3391453
3395308
3395335
3395486
3395536
3395579
3395634
3395898
3396880
3396882
3396964
3397158
3397190
3397232
3397910
3397991
3398206
3399682
3399956
3401010
3401237
