2979155
2979163
2979173
2979229
2979246
2979247
2979249
2979274
2979278
2979739
2979758
2979770
2979825
2979843
2979859
3034951
3034953
3034978
3035029
3035047
3035062
3035120
3035128
3035141
3035233
3035255
3035352
3035733
3035737
3035739
3035767
3035781
3035823
3035879
3035930
3035937
3035946
3035953
3035992
3036064
3036071
3036102
3036110
3036174
3036198
3036237
3036258
3036270
3036351
3036362
3036376
3036469
3036506
3037692
3037881
3037903
3038046
3038127
3038154
3038158
3038162
3038220
3038224
3038247
3038351
3038374
3038399
3038408
3038426
3038435
3038450
3038462
3038476
3038494
3038561
3038570
3038590
3038608
3038684
3038827
3038828
3038833
3038837
3038867
3038955
3038968
3039007
3039009
3039012
3039019
3039025
3039073
3039140
3039164
3039175
3040322
3040366
3040372
3040423
3040510
3040565
3040612
3040617
3040702
3040738
3040756
3040791
3040812
3040852
3040880
3040883
3040906
3040910
3040914
3040942
3040945
3040953
3040955
3041006
3041061
3041104
3041105
3041129
3041196
3041211
3041225
3041226
3041261
3041291
3041321
3041374
3041424
3041459
3041494
3041497
3041645
3041686
3041725
3041749
3041794
3041810
3041812
3041830
3041980
3043094
3043105
3043150
3043184
3043220
3043283
3043320
3043390
3043403
3043435
3043476
3043484
3043504
3043506
3043564
3043581
3043593
3043600
3043601
3043626
3043634
3043642
3043655
3043687
3043714
3043728
3043735
3043808
3043832
3043853
3043910
3043977
3043994
3044049
3044081
3044098
3044104
3044136
3044164
3044196
3044216
3044221
3044241
3044384
3044385
3044388
3044436
3044446
3044452
3044469
3044470
3044489
3044504
3044629
3044632
3044649
3044673
3044678
3045736
3045756
3045765
3045782
3045784
3045803
3045836
3045849
3045877
3045893
3045896
3045916
3045961
3045963
3045970
3045997
3046002
3046062
3046095
3046137
3046139
3046164
3046235
3046265
3046279
3046308
3046310
3046327
3046330
3046366
3046384
3046393
3046404
3046433
3046440
3046450
3046510
3046513
3046589
3046614
3046647
3046703
3046709
3046764
3046777
3046814
3046815
3046838
3046842
3046854
3046869
3046898
3046908
3046913
3046944
3046990
3047033
3047070
3047076
3047080
3047105
3047134
3047204
3047213
3047266
3047282
3047316
3047323
3047339
3047373
3047380
3047391
3047394
3048419
3048440
3048472
3048491
3048518
3048545
3048575
3048612
3048630
3048648
3048693
3048705
3048719
3048720
3048776
3048831
3048880
3048892
3048906
3048918
3048936
3048958
3049030
3049048
3049059
3049103
3049125
3049159
3049176
3049186
3049197
3049225
3049235
3049255
3049257
3049261
3049277
3049302
3049397
3049424
3049429
3049451
3049474
3049501
3049509
3049523
3049563
3049578
3049589
3049653
3049665
3049674
3049750
3049768
3049769
3049772
3049859
3049871
3049873
3049875
3049888
3049968
3049969
3049985
3049986
3049998
3051124
3051245
3051246
3051247
3051270
3051292
3051299
3051341
3051469
3051502
3051597
3051608
3051704
3051708
3051714
3051739
3051762
3051800
3051879
3051935
3051951
3051963
3052004
3052024
3052063
3052068
3052074
3052136
3052141
3052151
3052171
3052181
3052239
3052245
3052263
3052293
3052299
3052351
3052387
3052388
3052492
3052495
3052540
3052567
3052637
3052658
3052670
3052689
3052717
3052751
3052761
3052833
3052842
3052844
3052892
3052894
3052902
3052905
3052955
3052991
3053031
3053051
3053109
3053164
3053184
3053311
3053343
3053346
3054391
3054428
3054453
3054481
3054482
3054486
3054551
3054566
3054584
3054598
3054632
3054635
3054770
3054785
3054841
3054864
3055246
3055316
3055331
3055339
3055342
3055521
3055618
3055644
3055782
3055789
3055848
3055874
3055891
3055968
3056017
3056102
3056132
3056591
3056598
3056601
3056604
3056651
3056652
3056664
3056670
3056685
3056686
3056692
3056716
3056723
3056730
3056759
3056807
3056823
3056826
3056852
3056865
3056870
3056893
3056915
3056928
3056941
3056949
3056993
3057003
3057012
3057024
3057041
3057132
3057136
3057189
3057194
3057218
3057222
3057246
3057263
3057281
3057285
3057365
3057425
3057541
3057554
3057617
3057623
3057651
3058784
3058805
3058938
3059213
3059411
3059444
3059463
3059464
3059576
3059603
3059639
3059656
3059681
3059702
3059703
3059756
3059783
3059787
3059799
3059801
3059837
3059845
3059863
3059886
3060008
3060056
3060057
3060119
3060123
3060131
3060137
3060179
3060199
3060233
3060250
3060274
3060280
3060305
3060306
3060355
3060389
3060406
3061031
3061413
3061478
3061494
3061496
3061541
3061565
3061647
3061658
3061675
3061692
3061717
3061728
3061759
3061772
3061903
3061963
3061977
3061980
3061992
3062007
3062042
3062051
3062103
3062134
3062135
3062139
3062196
3062199
3062206
3062217
3062362
3062384
3062413
3062479
3062496
3062557
3062624
3062630
3062633
3062639
3062653
3062660
3062677
3062709
3062842
3062883
3062885
3062890
3062980
3062996
3063061
3063071
3064193
3064250
3064321
3064335
3064336
3064357
3064363
3064443
3064449
3064479
3064503
3064550
3064558
3064561
3064613
3064625
3064770
3064782
3064806
3064808
3064841
3064847
3064885
3064897
3064901
3064923
3064930
3064933
3064955
3064981
3065013
3065020
3065042
3065046
3065081
3065103
3065109
3065305
3065314
3065321
3065358
3065392
3065435
3065478
3065482
3065483
3065554
3065555
3065597
3065608
3065673
3065688
3065872
3066804
3066808
3066893
3066928
3066937
3066940
3066966
3067030
3067035
3067045
3067056
3067121
3067138
3067164
3067193
3067204
3067232
3067247
3067324
3067352
3067377
3067440
3067441
3067471
3067486
3067511
3067604
3067609
3067613
3067636
3067643
3067679
3067692
3067767
3067810
3067815
3067843
3067953
3067977
3067988
3067995
3068004
3068031
3068077
3068125
3068180
3068207
3068224
3068270
3068295
3068316
3068357
3068373
3068376
3068380
3068410
3068426
3068465
3068468
3068471
3068488
3068489
3068504
3069502
3069508
3069626
3069654
3069667
3069693
3069714
3069834
3069870
3069878
3069916
3069941
3069969
3070213
3070242
3070432
3070466
3070470
3070517
3070752
3070760
3070789
3070855
3070934
3070935
3071085
3071147
3071152
3071221
3072320
3072323
3072333
3072334
3072448
3072457
3072504
3072525
3072590
3072592
3072610
3072652
3072726
3072857
3072868
3072874
3072876
3072880
3072913
3072979
3072991
3073089
3073148
3073169
3073170
3073178
3073189
3073266
3073276
3073312
3073388
3073419
3073433
3073466
3073469
3073503
3073505
3073520
3073621
3073661
3073672
3073682
3073707
3073813
3073845
3073863
3073865
3073905
3073907
3073952
3074991
3074994
3075089
3075119
3075136
3075138
3075155
3075159
3075176
3075187
3075212
3075228
3075247
3075255
3075272
3075373
3075414
3075417
3075423
3075470
3075492
3075509
3075617
3075623
3075722
3075728
3075752
3075799
3075805
3075895
3075912
3075940
3075945
3075946
3075974
3075983
3076002
3076073
3076213
3076214
3076287
3076349
3076398
3076456
3076460
3076461
3076462
3076469
3076489
3076492
3076505
3076506
3077676
3077701
3077732
3077751
3077755
3077790
3077810
3077816
3077831
3077919
3077950
3077955
3077957
3078029
3078032
3078046
3078133
3078151
3078194
3078205
3078212
3078235
3078240
3078247
3078278
3078296
3078347
3078355
3078365
3078374
3078389
3078391
3078394
3078413
3078421
3078456
3078480
3078506
3078508
3078572
3078574
3078602
3078623
3078666
3078725
3078727
3078735
3078765
3078773
3078788
3078821
3078825
3078858
3078868
3078880
3078899
3079008
3079017
3079021
3079054
3079070
3079095
3079098
3079105
3079114
3079116
3079135
3079137
3079140
3079148
3079160
3079263
3079305
3079337
3079359
3079371
3080382
3080429
3080431
3080445
3080493
3080532
3080576
3080596
3080608
3080643
3080661
3080671
3080701
3080702
3080725
3080749
3080775
3080785
3080790
3080794
3080827
3080865
3080869
3080902
3080920
3080940
3080981
3081009
3081018
3081030
3081084
3081107
3081116
3081119
3081140
3081205
3081206
3081232
3081434
3081497
3081529
3081535
3081546
3081550
3081570
3081603
3081644
3081662
3081709
3081714
3081739
3081741
3081751
3081759
3081767
3081778
3081789
3081798
3081838
3081847
3081878
3081888
3081985
3081991
3082004
3082008
3082029
3082084
3082087
3082467
3082469
3083167
3083238
3083285
3083387
3083417
3083464
3083465
3083612
3083613
3083657
3083668
3083670
3083735
3083758
3083801
3083869
3083916
3083925
3083965
3083991
3084054
3084071
3084118
3084119
3084146
3084217
3084224
3084227
3084237
3084375
3084392
3084412
3084448
3084478
3084480
3084485
3084521
3084546
3084573
3084595
3084598
3084620
3084626
3084719
3084739
3085791
3085864
3085900
3086106
3086130
3086145
3086167
3086181
3086193
3086198
3086202
3086210
3086234
3086263
3086281
3086312
3086336
3086357
3086361
3086379
3086394
3086401
3086410
3086464
3086470
3086493
3086534
3086541
3086611
3086616
3086635
3086675
3086681
3086720
3086852
3086868
3086912
3086961
3087067
3087160
3087246
3087329
3088523
3088594
3088718
3088719
3088779
3088782
3088793
3088804
3088811
3088841
3088844
3088848
3088850
3088863
3088878
3088927
3088982
3089109
3089138
3089157
3089311
3089345
3089350
3089435
3089438
3089450
3089451
3089469
3089489
3089525
3089573
3089617
3089673
3089768
3089770
3089834
3089853
3089903
3089906
3089924
3089966
3089983
3090012
3090028
3090077
3090140
3090173
3090178
3091250
3091259
3091319
3091348
3091349
3091396
3091410
3091413
3091433
3091461
3091480
3091487
3091489
3091492
3091510
3091512
3091571
3091598
3091615
3091620
3091630
3091636
3091646
3091718
3091729
3091748
3091765
3091803
3091832
3091892
3091989
3092114
3092124
3092151
3092172
3092207
3092270
3092275
3092310
3092338
3092454
3092516
3092576
3092578
3092604
3092727
3092784
3092854
3092954
3092957
3093921
3093937
3093961
3094092
3094107
3094131
3094154
3094216
3094227
3094307
3094309
3094332
3094345
3094386
3094388
3094399
3094405
3094443
3094458
3094504
3094525
3094549
3094556
3094592
3094640
3094641
3094682
3094690
3094691
3094796
3094821
3094826
3094839
3094844
3094858
3094907
3094920
3094960
3094963
3095067
3095096
3095129
3095176
3095267
3095292
3095313
3095342
3095419
3095451
3095477
3095482
3095501
3096686
3096689
3096699
3096710
3096713
3096790
3096830
3096843
3096863
3096864
3096934
3096938
3096984
3096991
3096996
3097059
3097076
3097090
3097100
3097109
3097127
3097136
3097138
3097150
3097158
3097171
3097276
3097308
3097355
3097356
3097357
3097374
3097422
3097440
3097487
3097511
3097521
3097535
3097571
3097574
3097587
3097603
3097646
3097658
3097749
3097757
3097759
3097803
3097833
3097834
3097835
3097881
3097888
3097901
3097922
3097923
3097938
3097966
3097987
3098026
3098058
3098081
3098164
3098174
3098218
3098303
3098420
3099385
3099406
3099429
3099452
3099480
3099503
3099522
3099549
3099553
3099576
3099648
3099752
3099866
3099902
3099939
3099974
3099987
3099988
3099999
3100067
3100216
3100275
3100294
3100303
3100387
3100388
3100446
3100479
3100515
3100526
3100534
3100559
3100567
3100601
3100651
3100669
3100674
3100680
3100700
3100726
3100748
3100753
3100763
3100764
3100784
3100934
3101041
3102097
3102172
3102210
3102217
3102232
3102239
3102255
3102291
3102312
3102359
3102411
3102441
3102524
3102540
3102653
3102684
3102801
3102826
3102981
3102987
3103019
3103044
3103161
3103165
3103301
3103311
3103315
3103325
3103343
3103353
3103367
3103395
3103424
3103440
3103462
3103463
3103511
3103521
3103528
3103530
3103608
3103669
3104755
3104784
3104850
3104862
3104920
3104985
3105004
3105026
3105040
3105055
3105098
3105102
3105168
3105179
3105236
3105283
3105338
3105351
3105358
3105384
3105386
3105429
3105456
3105479
3105484
3105489
3105551
3105556
3105569
3105570
3105625
3105627
3105651
3105664
3105670
3105724
3105740
3105744
3105759
3105772
3105823
3105824
3105838
3105849
3105867
3105871
3105886
3105889
3105890
3105904
3105984
3106051
3106149
3106200
3106204
3106205
3106211
3106310
3107303
3107304
3107370
3107408
3107410
3107427
3107428
3107482
3107490
3107500
3107531
3107583
3107633
3107660
3107741
3107840
3107864
3107992
3108012
3108497
3108542
3108557
3108637
3108661
3108678
3108682
3108738
3108926
3108936
3108972
3109016
3109017
3109018
3109020
3109049
3109057
3109059
3109084
3109140
3109293
3109441
3109463
3110583
3110632
3110646
3110841
3110857
3110895
3110935
3110943
3110984
3111015
3111043
3111114
3111128
3111130
3111156
3111227
3111232
3111250
3111265
3111291
3111322
3111358
3111364
3111376
3111378
3111382
3111398
3111406
3111432
3111469
3111470
3111503
3111544
3111579
3111607
3111648
3111657
3111723
3111729
3111732
3111738
3111744
3111771
3111802
3111809
3111824
3111855
3111903
3111906
3111946
3111949
3111952
3111985
3111994
3112023
3112040
3112145
3112148
3113319
3113344
3113352
3113441
3113463
3113467
3113616
3113617
3113620
3113658
3113833
3113845
3113878
3113879
3113889
3113897
3113903
3113920
3113927
3113951
3113959
3113967
3114000
3114021
3114045
3114069
3114147
3114148
3114149
3114237
3114259
3114277
3114354
3114455
3114471
3114571
3114665
3114672
3115773
3115883
3116660
3117014
3117016
3117043
3117055
3117085
3117090
3117102
3117172
3117185
3117282
3117319
3117362
3117364
3117387
3117409
3117437
3117482
3117502
3117540
3117628
3117646
3117648
3117705
3117832
3117872
3117922
3117929
3117964
3118029
3118038
3118050
3118053
3118057
3118086
3118119
3118127
3118135
3118140
3118208
3118210
3118255
3118279
3118331
3118337
3118343
3118363
3118409
3118436
3118471
3118540
3118549
3118551
3118561
3118578
3118607
3118609
3118611
3118661
3119704
3119743
3119796
3119812
3119845
3119853
3120101
3120106
3120194
3120201
3120222
3120250
3120253
3120363
3120364
3120403
3120421
3120428
3120442
3120448
3120495
3120520
3120541
3120548
3120556
3120559
3120799
3120848
3120895
3120927
3120934
3120960
3121055
3121090
3121095
3121114
3121121
3121166
3121200
3121204
3121224
3121269
3121282
3121314
3121797
3122462
3122464
3122490
3122496
3122526
3122556
3122557
3122583
3122768
3122805
3122818
3122821
3122859
3122923
3122931
3122971
3122993
3122998
3123027
3123038
3123071
3123074
3123094
3123264
3123390
3123420
3123482
3123505
3123562
3123566
3123567
3123592
3123602
3123678
3123683
3123684
3123686
3123711
3123715
3123731
3123829
3123919
3123958
3123982
3124015
3124029
3124069
3125088
3125116
3125240
3125243
3125257
3125266
3125300
3125360
3125361
3125365
3125378
3125415
3125469
3125473
3125489
3125493
3125494
3125530
3125556
3125562
3125573
3125609
3125640
3125641
3125682
3125694
3125777
3125797
3125800
3125802
3125819
3125858
3125869
3125882
3125888
3125891
3125901
3125967
3125970
3125974
3125977
3125988
3126001
3126015
3126039
3126045
3126062
3126107
3126121
3126153
3126156
3126207
3126230
3126283
3126292
3126293
3126350
3126420
3126440
3126464
3126547
3126548
3126662
3126687
3126696
3126722
3126754
3126767
3126768
3126772
3126806
3126811
3127823
3127884
3127903
3127905
3127913
3127914
3127915
3127923
3127935
3127949
3128035
3128060
3128083
3128123
3128153
3128168
3128224
3128284
3128288
3128343
3128383
3128388
3128472
3128482
3128493
3128505
3128557
3128631
3128657
3128693
3128739
3128746
3128771
3128776
3128780
3128906
3128930
3128979
3129003
3129020
3129029
3129039
3129040
3129056
3129103
3129176
3129189
3129208
3129353
3129375
3129401
3129415
3130597
3130631
3130633
3130641
3130642
3130666
3130699
3130717
3130723
3130864
3130884
3130917
3130919
3130922
3130937
3130968
3130984
3130992
3131032
3131035
3131077
3131106
3131155
3131162
3131173
3131219
3131222
3131233
3131246
3131253
3131262
3131290
3131316
3131330
3131339
3131356
3131358
3131370
3131391
3131405
3131424
3131468
3131518
3131542
3131545
3131578
3131628
3131633
3131643
3131646
3131704
3131741
3131754
3131757
3131796
3131834
3131837
3131859
3131872
3131879
3131882
3131915
3131935
3131960
3132045
3132056
3132058
3132131
3132132
3132156
3132164
3132220
3133290
3133332
3133343
3133350
3133471
3133472
3133480
3133482
3133530
3133538
3133616
3133674
3133698
3133705
3133709
3133717
3133786
3133788
3133815
3133844
3133879
3133888
3133913
3133932
3133935
3133936
3133956
3133990
3133995
3134050
3134056
3134063
3134091
3134114
3134142
3134162
3134216
3134232
3134255
3134262
3134267
3134296
3134309
3134313
3134333
3134403
3134429
3134446
3134576
3134585
3134588
3134650
3134655
3134670
3134695
3134715
3134717
3134725
3134786
3134803
3134811
3134814
3134860
3134861
3134866
3134876
3134881
3134896
3134915
3135971
3136098
3136124
3136215
3136267
3136281
3136283
3136289
3136329
3136346
3136350
3136368
3136372
3136375
3136414
3136426
3136434
3136453
3136474
3136512
3136520
3136529
3136539
3136540
3136543
3136556
3136579
3136580
3136855
3136866
3136867
3136868
3136890
3136928
3136951
3136955
3136984
3136993
3136996
3137018
3137032
3137052
3137059
3137078
3137111
3137148
3137164
3137196
3137225
3137233
3137311
3137328
3137352
3137445
3137460
3137461
3137462
3137472
3137495
3137521
3137604
3137685
3138778
3138791
3138875
3139006
3139009
3139012
3139013
3139018
3139051
3139055
3139060
3139069
3139071
3139079
3139086
3139093
3139105
3139115
3139252
3139255
3139412
3139453
3139462
3139482
3139515
3139520
3139542
3139557
3139561
3139564
3139575
3139601
3139641
3139650
3139659
3139674
3139686
3139771
3139847
3139855
3139868
3139871
3139887
3139889
3139928
3139975
3139991
3140021
3140088
3140093
3140249
3140351
3142122
3142213
3142363
3142389
3142450
3142524
3142565
3142590
3142786
3142792
3142819
3142870
3142924
3142929
3142948
3143009
3143027
3143040
3143071
3143155
3143208
3143220
3143260
3143393
3143401
3143472
3143484
3143513
3143627
3143641
3143654
3143726
3143774
3143849
3143947
3143979
3144017
3144171
3144265
3144300
3144453
3144483
3144627
3144633
3144644
3144704
3144768
3144776
3144813
3144853
3144859
3144863
3144890
3144982
3145122
3145157
3145169
3147154
3147200
3147246
3147249
3147280
3147334
3147790
3147852
3147859
3147990
3148104
3148255
3148322
3148370
3148386
3148407
3148467
3148538
3148555
3148658
3148675
3148706
3148721
3148758
3148766
3149100
3149139
3149141
3149147
3149164
3149400
3149444
3149450
3149496
3149568
3149570
3149614
3149675
3149710
3149927
3150109
3150233
3150333
3152617
3152626
3152644
3152659
3152692
3152711
3152736
3152780
3152784
3152822
3152929
3153186
3153201
3153205
3153255
3153380
3153527
3153543
3153596
3153721
3153786
3154006
3154012
3154074
3154131
3154174
3154239
3154341
3154356
3154369
3154385
3154569
3154577
3154668
3154847
3154960
3155018
3155034
3155045
3155134
3155182
3155191
3155193
3155207
3155226
3155247
3156432
3156475
3156493
3156534
3156536
3156577
3156643
3156651
3156669
3156710
3156798
3156820
3156825
3156907
3156919
3157003
3157038
3157081
3157083
3157086
3157092
3157094
3157196
3157200
3157244
3157276
3157303
3157320
3157356
3157399
3157491
3157492
3157556
3157558
3157569
3157570
3157631
3157679
3157692
3157714
3157769
3157811
3157812
3157813
3157825
3157907
3157975
3159180
3159188
3159264
3159292
3159309
3159352
3159395
3159407
3159437
3159443
3159460
3159481
3159500
3159548
3159549
3159590
3159621
3159624
3159654
3159665
3159692
3159701
3159711
3159715
3159738
3159755
3159781
3159866
3159891
3159911
3159916
3159926
3159993
3160091
3160094
3160106
3160109
3160116
3160127
3160133
3160152
3160162
3160184
3160230
3160235
3160264
3160317
3160330
3160348
3160387
3160388
3160407
3160448
3160455
3160457
3160553
3160558
3160567
3160582
3160590
3160593
3160638
3160707
3160819
3161869
3161905
3161914
3162017
3162094
3162101
3162157
3162160
3162189
3162228
3162230
3162278
3162281
3162288
3162329
3162331
3162360
3162378
3162389
3162411
3162424
3162465
3162470
3162518
3162526
3162535
3162557
3162568
3162579
3162582
3162612
3162624
3162637
3162666
3162673
3162674
3162684
3162696
3162702
3162750
3162768
3162790
3162796
3162894
3162905
3163024
3163088
3163121
3163154
3163156
3163231
3163257
3163301
3163305
3163316
3163337
3163340
3163355
3163364
3163425
3163447
3163456
3163573
3164765
3164784
3164787
3164834
3164836
3164864
3164900
3164934
3164963
3165003
3165136
3165227
3165304
3165324
3165346
3165387
3165395
3165440
3165451
3165469
3165481
3165485
3165499
3165526
3165543
3165551
3165579
3165637
3165642
3165696
3165717
3165735
3165747
3165773
3165794
3165841
3165872
3165912
3165944
3166065
3166074
3166150
3166154
3166214
3167381
3167388
3167390
3167397
3167398
3167430
3167436
3167439
3167440
3167516
3167547
3167585
3167588
3167589
3167599
3167611
3167619
3167675
3167705
3167706
3167760
3167834
3167865
3167866
3167913
3167914
3167916
3167982
3167990
3168087
3168179
3168190
3168194
3168254
3168275
3168281
3168288
3168295
3168315
3168357
3168396
3168398
3168403
3168443
3168446
3168605
3168606
3168647
3168653
3168680
3168683
3168698
3168707
3168763
3168785
3168798
3168800
3168803
3168843
3168847
3168896
3168899
3168963
3169006
3170073
3170096
3170137
3170221
3170252
3170295
3170303
3170389
3170403
3170426
3170474
3170506
3170528
3170566
3170617
3170656
3170687
3170695
3170719
3170755
3170768
3170783
3170798
3170839
3170857
3170880
3170896
3170919
3171142
3171148
3171171
3171175
3171182
3171224
3171241
3171259
3171278
3171290
3171295
3171368
3171385
3171446
3171471
3171522
3171633
3171637
3172880
3172897
3173004
3173038
3173148
3173156
3173198
3173249
3173289
3173385
3173492
3173497
3173519
3173535
3173560
3173575
3173576
3173626
3173628
3173635
3173649
3173656
3173662
3173670
3173694
3173702
3173703
3173705
3173786
3173798
3173817
3173825
3173870
3173885
3173920
3173924
3173948
3173974
3173979
3173998
3174036
3174066
3174077
3174092
3174110
3174186
3174192
3174198
3174214
3174231
3174292
3174314
3174327
3174359
3174379
3174383
3174449
3174470
3174509
3175578
3175681
3175691
3175780
3175869
3175876
3175884
3175895
3175905
3175911
3175926
3175952
3175970
3175984
3176052
3176060
3176087
3176111
3176148
3176210
3176222
3176272
3176282
3176301
3176316
3176333
3176350
3176380
3176383
3176400
3176422
3176486
3176562
3176565
3176601
3176680
3176700
3176712
3176727
3176736
3176752
3176823
3176877
3176898
3176914
3176941
3176988
3177004
3177112
3178324
3178341
3178360
3178416
3178438
3178463
3178560
3178600
3178613
3178652
3178701
3178713
3178723
3178758
3178827
3178885
3178887
3178936
3178943
3178975
3179011
3179070
3179076
3179086
3179095
3179102
3179135
3179194
3179255
3179267
3179303
3179322
3179335
3179491
3179501
3179607
3179668
3179683
3179708
3179720
3179743
3179750
3179751
3179752
3179917
3179939
3179973
3181116
3181121
3181168
3181193
3181202
3181206
3181237
3181267
3181270
3181302
3181322
3181367
3181373
3181385
3181391
3181482
3181530
3181543
3181546
3181581
3181600
3181606
3181653
3181667
3181684
3181687
3181701
3181707
3181732
3181755
3181823
3181825
3181843
3181919
3181928
3181958
3181970
3181973
3181988
3181990
3181993
3182048
3182079
3182105
3182142
3182143
3182202
3182206
3182278
3182292
3182293
3182294
3182304
3182320
3182371
3182406
3182410
3182428
3182429
3182596
3182609
3182682
3183904
3183954
3183976
3184042
3184046
3184070
3184075
3184077
3184139
3184256
3184270
3184296
3184299
3184300
3184354
3184426
3184435
3184437
3184465
3184478
3184520
3184532
3184557
3184571
3184591
3184638
3184641
3184645
3184654
3184679
3184707
3184796
3184798
3184802
3184808
3184838
3184843
3184873
3184893
3184935
3184972
3184980
3184987
3185017
3185024
3185040
3185051
3185087
3185095
3185132
3185153
3185167
3185168
3185172
3185214
3185221
3185256
3185261
3185276
3186481
3186579
3186632
3186660
3186693
3186718
3186737
3186760
3186830
3186851
3186853
3187021
3187093
3187158
3187169
3187171
3187236
3187245
3187271
3187293
3187295
3187380
3187391
3187447
3187453
3187511
3187610
3187630
3187641
3187672
3187696
3187701
3187723
3187730
3187746
3187753
3187825
3187835
3187838
3187846
3187857
3187876
3187930
3187934
3187969
3187974
3187982
3188002
3188005
3188052
3188062
3188065
3188066
3190275
3190473
3190476
3190510
3190675
3190689
3190716
3190742
3190813
3190861
3192130
3192132
3192174
3192335
3192451
3192531
3192555
3192575
3192653
3192714
3192720
3192737
3192755
3192763
3192780
3192786
3192838
3192857
3192862
3192876
3192884
3192885
3192905
3192910
3192938
3192985
3193054
3193073
3193106
3193168
3193525
3193639
3194710
3194790
3194843
3194872
3194929
3194950
3195013
3195018
3195058
3195172
3195274
3195299
3195305
3195308
3195338
3195379
3195405
3195426
3195430
3195431
3195461
3195471
3195530
3195534
3195540
3195592
3195645
3195672
3195677
3195678
3195707
3195709
3195750
3195764
3195785
3195800
3195941
3196048
3196087
3196124
3196182
3196193
3196262
3196270
3196291
3196298
3197640
3197653
3197859
3197959
3197963
3198026
3198030
3198069
3198243
3198264
3198473
3198505
3198526
3198528
3198896
3198983
3198995
3199035
3199058
3199084
3199354
3199654
3199690
3199774
3199784
3199881
3199906
3200167
3200390
3200435
3200515
3200532
3200534
3200563
3200570
3200575
3200580
3200685
3200735
3200737
3200779
3200804
3202946
3203016
3203020
3203074
3203129
3203144
3203196
3203267
3203366
3203438
3203866
3203981
3204013
3204015
3204046
3204080
3204092
3204101
3204115
3204231
3204314
3204342
3204344
3204380
3204397
3208193
3208372
3208386
3208424
3208567
3208772
3209112
3209122
3209141
3209153
3209159
3209222
3209503
3209785
3209810
3210489
3211013
3213619
3213801
3213844
3213887
3213908
3213922
3213926
3213955
3214040
3214116
3214120
3214178
3214184
3214254
3214268
3214293
3214433
3214468
3214509
3214669
3214685
3214704
3214778
3214825
3214844
3214918
3215001
3215023
3215033
3215054
3215133
3215232
3215354
3215431
3215443
3215470
3215492
3215494
3215509
3215548
3215577
3215727
3215756
3215781
3215787
3215872
3215915
3215925
3216037
3216086
3216175
3216192
3216238
3216283
3216302
3216354
3216542
3216557
3216565
3216586
3216596
3218966
3218991
3219048
3219109
3219136
3219232
3219305
3219435
3219498
3219529
3219571
3219575
3219592
3219742
3219751
3219786
3219867
3219926
3220015
3220031
3220044
3220058
3220175
3220204
3220233
3220270
3220588
3220638
3220678
3220693
3220705
3220751
3220850
3220913
3220919
3221076
3221092
3221174
3221186
3221333
3221491
3221504
3221574
3221733
3221758
3221764
3221770
3221778
3223884
3223916
3224042
3224065
3224090
3224117
3224173
3224184
3224338
3224436
3224532
3224761
3224866
3224904
3224952
3225122
3225170
3225178
3225192
3225202
3225233
3225303
3225445
3225490
3225556
3225605
3225625
3225669
3225780
3225796
3225979
3225988
3226085
3226098
3226127
3226141
3226245
3226297
3226345
3226358
3226418
3226424
3226470
3226487
3226514
3226574
3226728
3227014
3228960
3229182
3229190
3229215
3229242
3229338
3229355
3229382
3229432
3229454
3229513
3229526
3229544
3229593
3229614
3229629
3229650
3229663
3229680
3229712
3229714
3229862
3229883
3230065
3230066
3230170
3230186
3230416
3230453
3230468
3230480
3230517
3230537
3230574
3230693
3230699
3230703
3230705
3230777
3230921
3231012
3231039
3231068
3231146
3231290
3231333
3231525
3231597
3231618
3231630
3231674
3231732
3231754
3231835
3231884
3232069
3232071
3232128
3234346
3234420
3234431
3234437
3234479
3234511
3234553
3234580
3234631
3234638
3234810
3234829
3234938
3235009
3235058
3235143
3235191
3235239
3235256
3235427
3235429
3235495
3235498
3235510
3235671
3235676
3235747
3235783
3235835
3235899
3235908
3235962
3235974
3235976
3236098
3236109
3236147
3236265
3236453
3236509
3236516
3236730
3236744
3236757
3236846
3236855
3236870
3236878
3236909
3236961
3236963
3237023
3237047
3237201
3237319
3237326
3237338
3239439
3239595
3239713
3239723
3239764
3239797
3239799
3239844
3239854
3239856
3239890
3239902
3239953
3240022
3240026
3240099
3240169
3240189
3240219
3240232
3240313
3240440
3240496
3240592
3240608
3240631
3240651
3240676
3240803
3240811
3240830
3241082
3241248
3241260
3241275
3241285
3241298
3241308
3241391
3241416
3241505
3241557
3241753
3241758
3241927
3242007
3242009
3242041
3242047
3242074
3242125
3242168
3242222
3242263
3242420
3244361
3244471
3244496
3244570
3244615
3244633
3244653
3244713
3244715
3244725
3244739
3244774
3244826
3244843
3244857
3244883
3244888
3244889
3244963
3245005
3245019
3245162
3245163
3245344
3245366
3245368
3245411
3245420
3245428
3245439
3245473
3245483
3245496
3245518
3245571
3245578
3245601
3245609
3245612
3245617
3245689
3245693
3245701
3245706
3245709
3245741
3245813
3245879
3245909
3246016
3246056
3247197
3247394
3247453
3247512
3247530
3247576
3247592
3247707
3247720
3247727
3247730
3247745
3247786
3247789
3247796
3247850
3247900
3247906
3247962
3247982
3247983
3248005
3248022
3248034
3248111
3248122
3248182
3248202
3248227
3248239
3248299
3248307
3248324
3248359
3248368
3248444
3248464
3248518
3248679
3248714
3248745
3248760
3248762
3249934
3249992
3250101
3250102
3250143
3250145
3250148
3250150
3250161
3250171
3250208
3250222
3250274
3250281
3250289
3250309
3250335
3250399
3250408
3250437
3250450
3250491
3250538
3250542
3250585
3250605
3250618
3250632
3250638
3250675
3250707
3250769
3250813
3250833
3250866
3250883
3250897
3250930
3250981
3250998
3251047
3251049
3251064
3251203
3251228
3251236
3251293
3251306
3251354
3251407
3251487
3251526
3251527
3251536
3251538
3252672
3252836
3252864
3252919
3253161
3253266
3253359
3253393
3253514
3253537
3253538
3253565
3253567
3253592
3253601
3253639
3253661
3253680
3253682
3253729
3253764
3253772
3253837
3253855
3253892
3253912
3253927
3253956
3253984
3253996
3254016
3254049
3254054
3254073
3254116
3254178
3254181
3254215
3254263
3254267
3254270
3255379
3255404
3255418
3255424
3255458
3255514
3255517
3255549
3255608
3255688
3255708
3255746
3255747
3255756
3255804
3255805
3255807
3255826
3255835
3255902
3256018
3256027
3256044
3256063
3256065
3256091
3256119
3256131
3256140
3256145
3256176
3256197
3256207
3256215
3256240
3256251
3256269
3256382
3256393
3256403
3256441
3256450
3256466
3256556
3256559
3256575
3256616
3256620
3256641
3256647
3256726
3256727
3256743
3256758
3256777
3256786
3256861
3256865
3256892
3256934
3256944
3256947
3258105
3258138
3258239
3258299
3258307
3258311
3258343
3258364
3258366
3258382
3258395
3258403
3258447
3258455
3258468
3258524
3258576
3258631
3258665
3258670
3258679
3258716
3258786
3258808
3258811
3259092
3259094
3259155
3259169
3259180
3259183
3259199
3259235
3259334
3259378
3259388
3259413
3259426
3259436
3259437
3259457
3259491
3259505
3259529
3259541
3259570
3259578
3259596
3259632
3259785
3260876
3260926
3261010
3261034
3261051
3261058
3261062
3261077
3261104
3261596
3261609
3261634
3261653
3261759
3261760
3261773
3261777
3261794
3261821
3261828
3261844
3261858
3261866
3261908
3261950
3261983
3262022
3262092
3262098
3262127
3262247
3262249
3262275
3262306
3262378
3262383
3262499
3263667
3263668
3263669
3263712
3263724
3263729
3263750
3263764
3263842
3263853
3263866
3263926
3263947
3263980
3264079
3264091
3264111
3264141
3264165
3264167
3264177
3264197
3264266
3264308
3264356
3264375
3264439
3264459
3264460
3264473
3264587
3264763
3264935
3264961
3265009
3265019
3265036
3265050
3265139
3265151
3265172
3265174
3265361
3265422
3265461
3265514
3265540
3265629
3265690
3265802
3268034
3268053
3268088
3268090
3268107
3268246
3268304
3268333
3268450
3268648
3268772
3268777
3268977
3269161
3269249
3269330
3269347
3269365
3269411
3269423
3269450
3269505
3269624
3269675
3269687
3269689
3269750
3269782
3269786
3269812
3269822
3269827
3269982
3270050
3270081
3270216
3270279
3270298
3270380
3270592
3270759
3270981
3270985
3270993
3271027
3271029
3273329
3273531
3273558
3273612
3273666
3273754
3273814
3274038
3274042
3274044
3274143
3274184
3274292
3274367
3274501
3274655
3274667
3274702
3274758
3274792
3274801
3274809
3274817
3275028
3275108
3275174
3275248
3275272
3275295
3275299
3275317
3275367
3275410
3275461
3275469
3275542
3275546
3275558
3275579
3275633
3275693
3275834
3275869
3275964
3276087
3276111
3276472
3276534
3276540
3278725
3278739
3322387
3322505
3323060
3323367
3323396
3323517
3323960
3324027
3330504
3331633
3331824
3334582
3334882
3335663
3335715
3336318
3336501
3341671
3341692
3341815
3341827
3341894
3341895
3341928
3341935
3341948
3341972
3341983
3342058
3342172
3342180
3342195
3342234
3342272
3342273
3342287
3342370
3342386
3342397
3342483
3342519
3342582
3342649
3342654
3342680
3342714
3342733
3342738
3342816
3342824
3342918
3342962
3343021
3343041
3343051
3343055
3343097
3343153
3343175
3343227
3343252
3343253
3343311
3343316
3343378
3343393
3343453
3343470
3343475
3343513
3343514
3343534
3343556
3343579
3343703
3343755
3343857
3343964
3343970
3343988
3344020
3344081
3344192
3344211
3344237
3344244
3344270
3344342
3344397
3344406
3344484
3344541
3344546
3344556
3344633
3344663
3344672
3344742
3344753
3344771
3344851
3344946
3344963
3345064
3345086
3345099
3345105
3345119
3345193
3345220
3345261
3345271
3345282
3345302
3345349
3345362
3345368
3345369
3345415
3345441
3345445
3345453
3345474
3345475
3345483
3345549
3345624
3345677
3345758
3345806
3345860
3345869
3345891
3345893
3345922
3345927
3345931
3345956
3346013
3346047
3346073
3346096
3346118
3346164
3346174
3346191
3346212
3346305
3346314
3346333
3346416
3346457
3346464
3346503
3346544
3346556
3346580
3346645
3346813
3346826
3346914
3346931
3346963
3346995
3346998
3347011
3347122
3347140
3347156
3347164
3347180
3347208
3347237
3347324
3347342
3347399
3347402
3347436
3347477
3347516
3347545
3347550
3347628
3347639
3347684
3347735
3347765
3347820
3347845
3347869
3347897
3347948
3347975
3348063
3348120
3348121
3348193
3348570
3348942
3349004
3350849
3350882
3351755
3351806
3351909
3351911
3351921
3351983
3352010
3352047
3352087
3352096
3352117
3352157
3352170
3352231
3352246
3352283
3352318
3352321
3352368
3352502
3352537
3352545
3352547
3352560
3352631
3352643
3352658
3352664
3352673
3352676
3352685
3352694
3352772
3352794
3352843
3352878
3352893
3352897
3352969
3353051
3353080
3353114
3353137
3353147
3353151
3353169
3353171
3353191
3353203
3353211
3353240
3353280
3353319
3353336
3353357
3353383
3353417
3353460
3353472
3353485
3353492
3353510
3353516
3353540
3353546
3353582
3353609
3353638
3353737
3353740
3353755
3353769
3353777
3353785
3353824
3353826
3353842
3353853
3353863
3353927
3353949
3353960
3353969
3353975
3353994
3353998
3353999
3354007
3354011
3354019
3354020
3354061
3354072
3354101
3354181
3354209
3354259
3354267
3354300
3354314
3354337
3354357
3354367
3354388
3354408
3354446
3354464
3354475
3354506
3354536
3354558
3354580
3354594
3354605
3354610
3354611
3354640
3354653
3354658
3354689
3354692
3354732
3354758
3354801
3354844
3354889
3354913
3354919
3354924
3354927
3354928
3354937
3354946
3354952
3354969
3355028
3355052
3355128
3355203
3355338
3356631
3356674
3356710
3356749
3356837
3356843
3356869
3356951
3356986
3357579
3357599
3357630
3357795
3357839
3358136
3358457
3358587
3358613
3358615
3358733
3358772
3358808
3358881
3358893
3358916
3358926
3359040
3359162
3359220
3359224
3359243
3359282
3359287
3359327
3359405
3359457
3359602
3359609
3359633
3359647
3359688
3359768
3359923
3359951
3359974
3360030
3360140
3360160
3360184
3360212
3360236
3360283
3360308
3360338
3360412
3360455
3360504
3360507
3360553
3360638
3360700
3360728
3360737
3360825
3360836
3360935
3360985
3361006
3361033
3361045
3361048
3361056
3361102
3361111
3361140
3361238
3361261
3361337
3361388
3361391
3361392
3361403
3361414
3361435
3361472
3361516
3361540
3361554
3361584
3361620
3361671
3361883
3361892
3361924
3361957
3362022
3362189
3362218
3362220
3362251
3362281
3362290
3362309
3362350
3362586
3362673
3362694
3362896
3362917
3362932
3362944
3362959
3363136
3363191
3363192
3363195
3363206
3363227
3363271
3363295
3363308
3363334
3363353
3363363
3363387
3363401
3363469
3363538
3363586
3363598
3363628
3363720
3363730
3363741
3363743
3363761
3363819
3363842
3363862
3363962
3364018
3364066
3364172
3364177
3364187
3364193
3364213
3364259
3364289
3364326
3364419
3364443
3364578
3364579
3364607
3364622
3364634
3364642
3364652
3364702
3364785
3364788
3364791
3364818
3364824
3364895
3364908
3364909
3364935
3364941
3364961
3364978
3364986
3365011
3365026
3365030
3365044
3365100
3365117
3365120
3365145
3365200
3365244
3365292
3365294
3365298
3365322
3365363
3365499
3365536
3365554
3365569
3365614
3365634
3365693
3365806
3365988
3366005
3366019
3366078
3366105
3366181
3366216
3366297
3366302
3366309
3366341
3366359
3366375
3366379
3366390
3366429
3366552
3366582
3366591
3366622
3366798
3366799
3366835
3367035
3367050
3367098
3367115
3367120
3367137
3367204
3367207
3367266
3367309
3367333
3367340
3367384
3367391
3367414
3367456
3367472
3367536
3367564
3367565
3367585
3367611
3367631
3367770
3367816
3367871
3368049
3368080
3368090
3368150
3368175
3368216
3368274
3368342
3368359
3368370
3368416
3368436
3368461
3368474
3368503
3368607
3368665
3368713
3368719
3373641
3373730
3373750
3373792
3373808
3373877
3373878
3373893
3373894
3373898
3373923
3373994
3374009
3374076
3374091
3374130
3374134
3374219
3374354
3374402
3374452
3374461
3374468
3374520
3374555
3374601
3374611
3374623
3374657
3374717
3374750
3374759
3374858
3374861
3374872
3374878
3374920
3375067
3375074
3375083
3375100
3375230
3375298
3375368
3375388
3375401
3375421
3375544
3375553
3375585
3375661
3375685
3375829
3375896
3375953
3375986
3376010
3376033
3376090
3376170
3376176
3376191
3376253
3376267
3376317
3376348
3376350
3376356
3376390
3376415
3376424
3376455
3376462
3376486
3376531
3376537
3376561
3376599
3376663
3376717
3376773
3376804
3376850
3376868
3376872
3377122
3377190
3377221
3377239
3377242
3377247
3377280
3377284
3377328
3377338
3377421
3377505
3377516
3377542
3377554
3377636
3377679
3377697
3377698
3377857
3377876
3377954
3377971
3378116
3378117
3378124
3378131
3378140
3378152
3378165
3378186
3378202
3378264
3378276
3378277
3378308
3378316
3378321
3378349
3378423
3378439
3378459
3378494
3378539
3378540
3378616
3378745
3378778
3378795
3378829
3378845
3378934
3378962
3379002
3379026
3379043
3379054
3379067
3379090
3379154
3379179
3379194
3379216
3379218
3379222
3379272
3379312
3379332
3379336
3379345
3379398
3379414
3379425
3379539
3379582
3379626
3379650
3379662
3379727
3379797
3379878
3380038
3380453
3380561
3380608
3380620
3380624
3380707
3380734
3380857
3381011
3381026
3381121
3381162
3381248
3381415
3381435
3381447
3381534
3381689
3381759
3381763
3382093
3382169
3382236
3382325
3382526
3382713
3382821
3382864
3382872
3382884
3382956
3383340
3383352
3383492
3383523
3383949
3383971
3383992
3384038
3384056
3384119
3384130
3384131
3384147
3384160
3384184
3384326
3384343
3384412
3384419
3384447
3384482
3384576
3384594
3384603
3384615
3384647
3384688
3384740
3384855
3384923
3384927
3384986
3385052
3385070
3385233
3385247
3385263
3385275
3385286
3385356
3385626
3385631
3385644
3385656
3385663
3385675
3385754
3385776
3385794
3385894
3385916
3385922
3385941
3385946
3385972
3386000
3386002
3386024
3386026
3386052
3386066
3386100
3386183
3386194
3386234
3386280
3386296
3386353
3386426
3386486
3386516
3386529
3386531
3386535
3386537
3386554
3386555
3386622
3386626
3386703
3386717
3386769
3386802
3386883
3386888
3386892
3386958
3386963
3386972
3386995
3387004
3387038
3387041
3387078
3387081
3387090
3387105
3387179
3387208
3387221
3387240
3387261
3387447
3387461
3387480
3387533
3387632
3387636
3387653
3387767
3387875
3387959
3387983
3388081
3388083
3388104
3388110
3388177
3388212
3388272
3388281
3388351
3388393
3388454
3388557
3388574
3388584
3388612
3388666
3388751
3388773
3388907
3388952
3388989
3389006
3389072
3389086
3389162
3389165
3389185
3389187
3389209
3389245
3389266
3389276
3389314
3389388
3389436
3389457
3389460
3389467
3389478
3389531
3389605
3389628
3389662
3389677
3389716
3389829
3389882
3389891
3389893
3389999
3390002
3390015
3390030
3390074
3390121
3390566
3390614
3390771
3390841
3390985
3391006
3391351
3391429
3395285
3395300
3395376
3395415
3395426
3395469
3395470
3395474
3395480
3395485
3395506
3395581
3395589
3395605
3395609
3395616
3395622
3395623
3395698
3395734
3395740
3395756
3395758
3395797
3395851
3395894
3395906
3395911
3396034
3396056
3396114
3396166
3396242
3396259
3396277
3396294
3396373
3396425
3396455
3396554
3396563
3396576
3396584
3396595
3396647
3396650
3396662
3396675
3396676
3396693
3396710
3396726
3396727
3396751
3396785
3396817
3396836
3396843
3396921
3396942
3397066
3397079
3397092
3397103
3397122
3397199
3397270
3397286
3397291
3397381
3397575
3397585
3397596
3397626
3397636
3397684
3397689
3397746
3397753
3397756
3397838
3397927
3398064
3398081
3398128
3398143
3398171
3398282
3398340
3398356
3398365
3398370
3398502
3398697
3399152
3399186
3399424
3399660
3399692
3399779
3399780
3399799
3399904
3399998
3400023
3400060
3400079
3400147
3400173
3400289
3400303
3400318
3400328
3400543
3400659
3400668
3400842
3400855
3400947
3401044
3401051
3401061
3401072
3401124
3401213
3401265
3401274
3401394
3401478
3401693
3401837
3401883
