0.000000 0.681818 0.726744 0.726744
0.025000 0.681818 0.726744 0.726744
0.050000 0.656522 0.705056 0.705056
0.075000 0.567839 0.655052 0.655052
0.100000 0.537500 0.629397 0.629397
0.125000 0.517147 0.598470 0.598470
0.150000 0.486545 0.571863 0.571863
0.175000 0.467613 0.538037 0.538037
0.200000 0.435379 0.509924 0.509924
0.225000 0.409420 0.475929 0.475929
0.250000 0.375936 0.447660 0.447660
0.275000 0.356253 0.391811 0.391811
0.300000 0.299635 0.330766 0.330766
0.325000 0.253034 0.273322 0.273322
0.350000 0.205533 0.198506 0.198506
0.375000 0.153200 0.097116 0.097116
0.400000 0.076620 0.034293 0.034293
0.425000 0.029165 0.030991 0.030991
0.450000 0.021243 0.000000 0.000000
0.475000 0.000000 0.000000 0.000000
0.500000 0.000000 0.000000 0.000000
0.525000 0.000000 0.000000 0.000000
0.550000 0.000000 0.000000 0.000000
0.575000 0.000000 0.000000 0.000000
0.600000 0.000000 0.000000 0.000000
0.625000 0.000000 0.000000 0.000000
0.650000 0.000000 0.000000 0.000000
0.675000 0.000000 0.000000 0.000000
0.700000 0.000000 0.000000 0.000000
0.725000 0.000000 0.000000 0.000000
0.750000 0.000000 0.000000 0.000000
0.775000 0.000000 0.000000 0.000000
0.800000 0.000000 0.000000 0.000000
0.825000 0.000000 0.000000 0.000000
0.850000 0.000000 0.000000 0.000000
0.875000 0.000000 0.000000 0.000000
0.900000 0.000000 0.000000 0.000000
0.925000 0.000000 0.000000 0.000000
0.950000 0.000000 0.000000 0.000000
0.975000 0.000000 0.000000 0.000000
1.000000 0.000000 0.000000 0.000000
