0.000000 1.000000 1.000000 1.000000
0.025000 0.648464 0.687361 0.687361
0.050000 0.621931 0.658174 0.658174
0.075000 0.561144 0.624161 0.624161
0.100000 0.525623 0.600775 0.600775
0.125000 0.504251 0.583145 0.583145
0.150000 0.481591 0.558223 0.558223
0.175000 0.452624 0.528380 0.528380
0.200000 0.419685 0.486747 0.486747
0.225000 0.385292 0.456988 0.456988
0.250000 0.353193 0.422380 0.422380
0.275000 0.320190 0.382389 0.382389
0.300000 0.290767 0.336196 0.336196
0.325000 0.248790 0.278669 0.278669
0.350000 0.204133 0.215121 0.215121
0.375000 0.158375 0.127060 0.127060
0.400000 0.092031 0.044285 0.044285
0.425000 0.031432 0.031444 0.031444
0.450000 0.020807 0.000000 0.000000
0.475000 0.000000 0.000000 0.000000
0.500000 0.000000 0.000000 0.000000
0.525000 0.000000 0.000000 0.000000
0.550000 0.000000 0.000000 0.000000
0.575000 0.000000 0.000000 0.000000
0.600000 0.000000 0.000000 0.000000
0.625000 0.000000 0.000000 0.000000
0.650000 0.000000 0.000000 0.000000
0.675000 0.000000 0.000000 0.000000
0.700000 0.000000 0.000000 0.000000
0.725000 0.000000 0.000000 0.000000
0.750000 0.000000 0.000000 0.000000
0.775000 0.000000 0.000000 0.000000
0.800000 0.000000 0.000000 0.000000
0.825000 0.000000 0.000000 0.000000
0.850000 0.000000 0.000000 0.000000
0.875000 0.000000 0.000000 0.000000
0.900000 0.000000 0.000000 0.000000
0.925000 0.000000 0.000000 0.000000
0.950000 0.000000 0.000000 0.000000
0.975000 0.000000 0.000000 0.000000
1.000000 0.000000 0.000000 0.000000
