0.000000 1.000000 1.000000 1.000000
0.025000 0.655738 0.688172 0.688172
0.050000 0.637795 0.656410 0.656410
0.075000 0.562791 0.625407 0.625407
0.100000 0.538462 0.573661 0.573661
0.125000 0.501247 0.561189 0.561189
0.150000 0.483034 0.546875 0.546875
0.175000 0.469218 0.524533 0.524533
0.200000 0.436906 0.493269 0.493269
0.225000 0.406742 0.470253 0.470253
0.250000 0.374884 0.440247 0.440247
0.275000 0.352146 0.408565 0.408565
0.300000 0.327014 0.371442 0.371442
0.325000 0.288864 0.328864 0.328864
0.350000 0.261596 0.284808 0.284808
0.375000 0.220518 0.224242 0.224242
0.400000 0.180493 0.129758 0.129758
0.425000 0.116775 0.044402 0.044402
0.450000 0.039153 0.032791 0.032791
0.475000 0.022521 0.000000 0.000000
0.500000 0.000000 0.000000 0.000000
0.525000 0.000000 0.000000 0.000000
0.550000 0.000000 0.000000 0.000000
0.575000 0.000000 0.000000 0.000000
0.600000 0.000000 0.000000 0.000000
0.625000 0.000000 0.000000 0.000000
0.650000 0.000000 0.000000 0.000000
0.675000 0.000000 0.000000 0.000000
0.700000 0.000000 0.000000 0.000000
0.725000 0.000000 0.000000 0.000000
0.750000 0.000000 0.000000 0.000000
0.775000 0.000000 0.000000 0.000000
0.800000 0.000000 0.000000 0.000000
0.825000 0.000000 0.000000 0.000000
0.850000 0.000000 0.000000 0.000000
0.875000 0.000000 0.000000 0.000000
0.900000 0.000000 0.000000 0.000000
0.925000 0.000000 0.000000 0.000000
0.950000 0.000000 0.000000 0.000000
0.975000 0.000000 0.000000 0.000000
1.000000 0.000000 0.000000 0.000000
