2979119
2979150
2979157
2979164
2979222
2979238
2979257
2979286
2979591
2979656
2979687
2979748
2979753
2979805
2979831
3034962
3034986
3034992
3035013
3035035
3035141
3035154
3035157
3035166
3035203
3035214
3035236
3035253
3035263
3035301
3035308
3035350
3035748
3035797
3035799
3035803
3035809
3035825
3035870
3035890
3035902
3035908
3035920
3036001
3036146
3036156
3036204
3036246
3036266
3036356
3036360
3036387
3036450
3036498
3036518
3036529
3037753
3037761
3037887
3037940
3038037
3038129
3038134
3038152
3038227
3038237
3038289
3038307
3038316
3038412
3038415
3038425
3038429
3038522
3038614
3038625
3038649
3038681
3038685
3038719
3038729
3038756
3038760
3038797
3038798
3038801
3038914
3038915
3038928
3038935
3038943
3038994
3039045
3039071
3039164
3039194
3039207
3039254
3040382
3040387
3040390
3040397
3040399
3040411
3040482
3040492
3040519
3040540
3040548
3040569
3040573
3040585
3040611
3040704
3040724
3040726
3040758
3040793
3040809
3040856
3040863
3040880
3040913
3040984
3040992
3041043
3041158
3041226
3041242
3041244
3041389
3041422
3041424
3041431
3041443
3041444
3041449
3041485
3041486
3041500
3041504
3041545
3041564
3041585
3041587
3041614
3041631
3041671
3041684
3041722
3041729
3041766
3041776
3041800
3041809
3041950
3041977
3041983
3041990
3041998
3043088
3043150
3043214
3043229
3043317
3043365
3043442
3043487
3043489
3043551
3043552
3043556
3043567
3043574
3043579
3043581
3043582
3043622
3043630
3043663
3043720
3043777
3043803
3043822
3043858
3043859
3043937
3044008
3044035
3044062
3044088
3044137
3044155
3044184
3044196
3044387
3044423
3044437
3044454
3044525
3045695
3045739
3045763
3045782
3045784
3045796
3045809
3045822
3045829
3045873
3045880
3045992
3046072
3046104
3046119
3046134
3046145
3046168
3046205
3046209
3046232
3046257
3046319
3046322
3046323
3046328
3046341
3046437
3046445
3046448
3046449
3046484
3046565
3046586
3046639
3046656
3046668
3046682
3046768
3046785
3046809
3046818
3046858
3046879
3046887
3046946
3046953
3046973
3047007
3047034
3047043
3047048
3047051
3047097
3047103
3047105
3047164
3047227
3047243
3047252
3047290
3047330
3047400
3048463
3048499
3048509
3048511
3048512
3048600
3048604
3048612
3048657
3048669
3048676
3048682
3048726
3048846
3048876
3048918
3048936
3048949
3048955
3048968
3048971
3048982
3048985
3048993
3049066
3049092
3049106
3049107
3049112
3049135
3049140
3049149
3049160
3049169
3049198
3049210
3049239
3049257
3049313
3049322
3049360
3049374
3049392
3049519
3049593
3049623
3049630
3049633
3049639
3049646
3049647
3049670
3049687
3049691
3049739
3049740
3049768
3049769
3049883
3049971
3049979
3051152
3051165
3051233
3051250
3051305
3051319
3051328
3051333
3051337
3051345
3051410
3051467
3051470
3051494
3051498
3051552
3051589
3051627
3051657
3051689
3051713
3051716
3051729
3051758
3051810
3051837
3051842
3051953
3051998
3052026
3052027
3052051
3052070
3052132
3052136
3052137
3052243
3052256
3052320
3052324
3052327
3052331
3052351
3052371
3052379
3052418
3052435
3052436
3052497
3052532
3052556
3052570
3052590
3052608
3052630
3052641
3052665
3052679
3052690
3052700
3052729
3052730
3052736
3052746
3052754
3052778
3052800
3052827
3052828
3052829
3052843
3052902
3052916
3052919
3052950
3052953
3052959
3052972
3053048
3053051
3053066
3053081
3053146
3053155
3053181
3053183
3053195
3053226
3053264
3053266
3053280
3053288
3053342
3053370
3054490
3054564
3054572
3054573
3054620
3054633
3054667
3054671
3054684
3054766
3054770
3054786
3054894
3054902
3055029
3055054
3055059
3055062
3055110
3055179
3055252
3055345
3055367
3055520
3055567
3055783
3055963
3056029
3056591
3056595
3056609
3056621
3056626
3056698
3056736
3056764
3056775
3056866
3056951
3056983
3057081
3057089
3057108
3057160
3057219
3057265
3057283
3057311
3057338
3057348
3057425
3057506
3057507
3057521
3057535
3057536
3057572
3057622
3057658
3057680
3057814
3058705
3058754
3058758
3058759
3058872
3059191
3059340
3059403
3059482
3059491
3059552
3059558
3059606
3059678
3059728
3059767
3059833
3059843
3059880
3059967
3059988
3060001
3060017
3060028
3060135
3060202
3060228
3060267
3060279
3060300
3060354
3060400
3061109
3061418
3061475
3061545
3061554
3061558
3061612
3061647
3061654
3061725
3061755
3061762
3061799
3061811
3061814
3061946
3061958
3062050
3062111
3062125
3062127
3062130
3062131
3062188
3062202
3062216
3062232
3062268
3062277
3062297
3062381
3062450
3062475
3062485
3062494
3062502
3062549
3062560
3062571
3062601
3062687
3062767
3062797
3062809
3062840
3062878
3062883
3062885
3062897
3062965
3062970
3062994
3063037
3063109
3063111
3063168
3064172
3064176
3064177
3064192
3064222
3064252
3064276
3064341
3064344
3064357
3064371
3064377
3064403
3064443
3064509
3064525
3064552
3064582
3064589
3064606
3064615
3064629
3064641
3064659
3064686
3064770
3064773
3064784
3064805
3064897
3064919
3064958
3064980
3064997
3065003
3065013
3065042
3065060
3065095
3065096
3065333
3065377
3065385
3065408
3065415
3065460
3065485
3065492
3065616
3065686
3065714
3066806
3066814
3066822
3066879
3066921
3066930
3066936
3066981
3067023
3067088
3067109
3067151
3067203
3067210
3067214
3067243
3067257
3067265
3067289
3067442
3067444
3067451
3067485
3067514
3067549
3067570
3067614
3067679
3067682
3067690
3067692
3067761
3067846
3067848
3067964
3068013
3068024
3068040
3068076
3068104
3068113
3068120
3068197
3068223
3068253
3068268
3068270
3068286
3068289
3068308
3068320
3068324
3068366
3068392
3068395
3068413
3068435
3068448
3068461
3069585
3069659
3069711
3069938
3070239
3070325
3070350
3070365
3070390
3070391
3070400
3070405
3070444
3070445
3070474
3070482
3070533
3070535
3070549
3070571
3070580
3070609
3070820
3070844
3070918
3070936
3071019
3071113
3071262
3072230
3072444
3072449
3072474
3072500
3072513
3072518
3072618
3072635
3072636
3072676
3072746
3072764
3072777
3072787
3072804
3072822
3072855
3072861
3072885
3072935
3072945
3073018
3073088
3073103
3073120
3073153
3073167
3073183
3073251
3073259
3073281
3073322
3073323
3073328
3073336
3073352
3073380
3073386
3073391
3073398
3073428
3073458
3073459
3073489
3073565
3073572
3073605
3073620
3073628
3073629
3073666
3073671
3073675
3073677
3073886
3073887
3073907
3073916
3073929
3073934
3074934
3074962
3074975
3074983
3074999
3075038
3075061
3075069
3075092
3075101
3075106
3075117
3075120
3075131
3075246
3075254
3075275
3075286
3075315
3075358
3075404
3075424
3075437
3075454
3075463
3075469
3075512
3075524
3075542
3075553
3075554
3075582
3075657
3075685
3075730
3075766
3075768
3075774
3075781
3075958
3075983
3075990
3075996
3076058
3076081
3076108
3076117
3076136
3076146
3076180
3076183
3076300
3076333
3076341
3076344
3076348
3076364
3076408
3076412
3076469
3076522
3077718
3077856
3077953
3077985
3078081
3078090
3078180
3078215
3078236
3078316
3078347
3078415
3078416
3078449
3078479
3078519
3078522
3078586
3078594
3078628
3078635
3078651
3078653
3078656
3078687
3078752
3078771
3078863
3078876
3078928
3078997
3079024
3079113
3079126
3079145
3079164
3079169
3079256
3079298
3079308
3079333
3079383
3079916
3080433
3080484
3080485
3080549
3080571
3080589
3080604
3080609
3080638
3080653
3080662
3080672
3080841
3080889
3080891
3080893
3080919
3080922
3080935
3080998
3081090
3081137
3081174
3081205
3081224
3081277
3081295
3081363
3081397
3081482
3081536
3081542
3081545
3081561
3081582
3081600
3081621
3081626
3081642
3081701
3081727
3081762
3081765
3081793
3081794
3081809
3081838
3081846
3081885
3081893
3081898
3081900
3081920
3081935
3081945
3081967
3081986
3082001
3082083
3082084
3083178
3083192
3083207
3083208
3083209
3083265
3083298
3083358
3083415
3083417
3083429
3083455
3083458
3083572
3083590
3083626
3083630
3083634
3083639
3083700
3083707
3083724
3083728
3083732
3083740
3083792
3083860
3083884
3083901
3083948
3083952
3083981
3083984
3084009
3084013
3084120
3084162
3084194
3084202
3084203
3084217
3084240
3084275
3084388
3084395
3084437
3084455
3084474
3084488
3084529
3084595
3084598
3084599
3084771
3084773
3085782
3085801
3085900
3085932
3085948
3085951
3085987
3086032
3086033
3086076
3086089
3086095
3086102
3086108
3086180
3086228
3086263
3086268
3086286
3086311
3086333
3086345
3086352
3086443
3086496
3086513
3086536
3086571
3086602
3086627
3086631
3086632
3086684
3086690
3086706
3086739
3086760
3086816
3086827
3086867
3086874
3086878
3086892
3086907
3086923
3086936
3086942
3086952
3086977
3087002
3087033
3087073
3087077
3087085
3087112
3087114
3087142
3087171
3087249
3087274
3087292
3087334
3088513
3088569
3088574
3088589
3088596
3088624
3088721
3088748
3088769
3088786
3088797
3088818
3088888
3088971
3089008
3089019
3089136
3089164
3089227
3089235
3089287
3089320
3089322
3089325
3089509
3089511
3089530
3089627
3089656
3089695
3089737
3089754
3089840
3089856
3089875
3089901
3089936
3089950
3090007
3090029
3090120
3090138
3091235
3091303
3091399
3091413
3091466
3091496
3091498
3091546
3091551
3091594
3091596
3091774
3091821
3091849
3091896
3091897
3091923
3091947
3091952
3092009
3092025
3092028
3092053
3092084
3092183
3092233
3092234
3092337
3092344
3092376
3092394
3092438
3092443
3092452
3092520
3092555
3092591
3092670
3092746
3092765
3092770
3092801
3092812
3092842
3092856
3092871
3092919
3093937
3093948
3093994
3094088
3094229
3094237
3094244
3094246
3094283
3094295
3094302
3094307
3094310
3094347
3094358
3094359
3094417
3094530
3094542
3094555
3094626
3094701
3094713
3094732
3094793
3094821
3094850
3094868
3094873
3094874
3094932
3095084
3095085
3095103
3095113
3095115
3095118
3095154
3095172
3095208
3095316
3095373
3095379
3095437
3095442
3095459
3095474
3095477
3095484
3096706
3096725
3096736
3096750
3096767
3096859
3096938
3096959
3096975
3096992
3096995
3097030
3097047
3097090
3097096
3097099
3097113
3097114
3097123
3097133
3097224
3097265
3097294
3097302
3097317
3097380
3097381
3097406
3097448
3097457
3097483
3097500
3097572
3097588
3097630
3097672
3097673
3097718
3097744
3097767
3097810
3097830
3097845
3097854
3097881
3097915
3097940
3097993
3098018
3098021
3098070
3098078
3098087
3098139
3098248
3098268
3098283
3098296
3098306
3098403
3098405
3099361
3099387
3099410
3099506
3099543
3099642
3099643
3099648
3099650
3099661
3099663
3099672
3099689
3099704
3099738
3099742
3099751
3099795
3099894
3099896
3099911
3099931
3099933
3099953
3100160
3100177
3100178
3100193
3100307
3100315
3100329
3100330
3100366
3100399
3100463
3100468
3100479
3100486
3100501
3100502
3100579
3100607
3100625
3100653
3100665
3100704
3100705
3100770
3100820
3100841
3100849
3100907
3101052
3101056
3101072
3102098
3102115
3102142
3102184
3102275
3102287
3102303
3102314
3102326
3102338
3102391
3102416
3102418
3102419
3102426
3102444
3102462
3102474
3102498
3102526
3102537
3102597
3102643
3102683
3102748
3102765
3102769
3102772
3102788
3102807
3102820
3102871
3102877
3102892
3102893
3102897
3102969
3103000
3103003
3103006
3103020
3103044
3103081
3103216
3103222
3103243
3103287
3103298
3103302
3103335
3103346
3103365
3103385
3103389
3103392
3103416
3103448
3103490
3103496
3103501
3103524
3103619
3103701
3104795
3104866
3104893
3104921
3104931
3104942
3105045
3105068
3105094
3105101
3105120
3105121
3105132
3105144
3105185
3105219
3105227
3105270
3105295
3105348
3105413
3105425
3105534
3105583
3105602
3105606
3105639
3105672
3105675
3105689
3105702
3105719
3105734
3105824
3105837
3105901
3105939
3106012
3106020
3106027
3106120
3106129
3106159
3106220
3106228
3106258
3106310
3106341
3106355
3107213
3107322
3107378
3107381
3107401
3107479
3107551
3107566
3107577
3107644
3107655
3107694
3107708
3107710
3107752
3107767
3107771
3107847
3107880
3107942
3107951
3107989
3108017
3108488
3108531
3108535
3108549
3108572
3108580
3108671
3108729
3108955
3108963
3109007
3109023
3109033
3109055
3109111
3109281
3109284
3109306
3109448
3110558
3110609
3110616
3110632
3110719
3110844
3110917
3110966
3110977
3111016
3111026
3111115
3111125
3111134
3111139
3111140
3111175
3111188
3111355
3111416
3111484
3111486
3111533
3111544
3111551
3111557
3111688
3111707
3111710
3111807
3111852
3111855
3111861
3111862
3111871
3111906
3111913
3111977
3111984
3111990
3112026
3112031
3112057
3112164
3113232
3113309
3113356
3113370
3113388
3113403
3113424
3113433
3113441
3113461
3113465
3113480
3113546
3113553
3113620
3113621
3113635
3113690
3113703
3113707
3113755
3113762
3113776
3113793
3113846
3113920
3113931
3113973
3114039
3114069
3114127
3114156
3114161
3114240
3114313
3114317
3114404
3114410
3114482
3114569
3114570
3115778
3115785
3115824
3115860
3115900
3115947
3116110
3116112
3117011
3117020
3117051
3117058
3117061
3117080
3117106
3117139
3117197
3117203
3117208
3117323
3117344
3117361
3117362
3117374
3117385
3117387
3117418
3117505
3117508
3117542
3117566
3117643
3117654
3117678
3117775
3117781
3117868
3117879
3117906
3117922
3117951
3117996
3118023
3118046
3118070
3118075
3118083
3118089
3118102
3118137
3118171
3118182
3118185
3118222
3118239
3118254
3118279
3118342
3118356
3118362
3118402
3118441
3118442
3118451
3118519
3118538
3118568
3118576
3118662
3118668
3119691
3119695
3119703
3119726
3119790
3119802
3119804
3119828
3119836
3119856
3119863
3119888
3119903
3119937
3119959
3119974
3120074
3120086
3120120
3120126
3120197
3120247
3120249
3120256
3120299
3120341
3120359
3120449
3120470
3120490
3120518
3120811
3120920
3120926
3120963
3120974
3120988
3121015
3121095
3121137
3121145
3121155
3121165
3121184
3121196
3121207
3121220
3121238
3121242
3121249
3121274
3121792
3121816
3121818
3122421
3122437
3122519
3122525
3122582
3122614
3122636
3122649
3122675
3122683
3122707
3122734
3122784
3122814
3122816
3122827
3122845
3122968
3123000
3123042
3123110
3123167
3123269
3123291
3123299
3123376
3123399
3123416
3123439
3123448
3123473
3123510
3123525
3123557
3123563
3123580
3123594
3123599
3123632
3123701
3123711
3123721
3123726
3123786
3123788
3123802
3123823
3123830
3123926
3123929
3123956
3123967
3123993
3124026
3124070
3124090
3125073
3125097
3125098
3125121
3125135
3125147
3125211
3125238
3125262
3125295
3125326
3125347
3125364
3125373
3125386
3125401
3125432
3125462
3125463
3125525
3125529
3125532
3125536
3125581
3125593
3125602
3125632
3125648
3125730
3125765
3125813
3125824
3125825
3125854
3125857
3125865
3125910
3125915
3125936
3125963
3125975
3125996
3126170
3126185
3126231
3126240
3126250
3126269
3126346
3126353
3126447
3126470
3126477
3126495
3126496
3126497
3126586
3126601
3126659
3126725
3126791
3127816
3127819
3127958
3127991
3128008
3128059
3128081
3128096
3128110
3128112
3128143
3128144
3128148
3128169
3128184
3128194
3128201
3128210
3128216
3128224
3128255
3128296
3128298
3128301
3128345
3128352
3128357
3128385
3128454
3128558
3128607
3128640
3128679
3128680
3128741
3128766
3128843
3128889
3128931
3128977
3129010
3129022
3129027
3129091
3129093
3129146
3129188
3129235
3129245
3129257
3129299
3129349
3129377
3129425
3130601
3130650
3130662
3130682
3130767
3130770
3130834
3130835
3130854
3131013
3131037
3131058
3131111
3131112
3131117
3131133
3131219
3131244
3131345
3131349
3131362
3131405
3131419
3131426
3131431
3131440
3131444
3131478
3131507
3131514
3131536
3131543
3131633
3131673
3131691
3131721
3131750
3131753
3131768
3131817
3131829
3131842
3131866
3131867
3131974
3131996
3132123
3132165
3132169
3132177
3132226
3133233
3133274
3133280
3133323
3133324
3133378
3133400
3133411
3133478
3133562
3133577
3133579
3133591
3133601
3133664
3133682
3133692
3133696
3133717
3133798
3133805
3133812
3133813
3133815
3133828
3133876
3133909
3133930
3133969
3134010
3134023
3134024
3134049
3134230
3134315
3134445
3134481
3134532
3134566
3134567
3134569
3134623
3134632
3134634
3134676
3134720
3134739
3134810
3134849
3134888
3134922
3134925
3135944
3136111
3136127
3136138
3136144
3136155
3136160
3136163
3136193
3136203
3136204
3136231
3136249
3136282
3136290
3136317
3136361
3136370
3136371
3136434
3136472
3136484
3136490
3136502
3136512
3136523
3136536
3136545
3136553
3136558
3136569
3136825
3136834
3136836
3136850
3136870
3136878
3136953
3136956
3136978
3136979
3136988
3136994
3136995
3137005
3137061
3137130
3137139
3137171
3137188
3137252
3137269
3137281
3137312
3137316
3137347
3137350
3137380
3137404
3137435
3137446
3137494
3137568
3137581
3137589
3137605
3137615
3138776
3138826
3138919
3138931
3138940
3139001
3139002
3139006
3139072
3139081
3139106
3139241
3139370
3139385
3139442
3139444
3139510
3139552
3139556
3139573
3139597
3139599
3139638
3139644
3139667
3139860
3139890
3139919
3140001
3140033
3140243
3140260
3140281
3140286
3140299
3140341
3140344
3140360
3140362
3142134
3142183
3142197
3142233
3142367
3142397
3142437
3142452
3142460
3142468
3142553
3142567
3142605
3142621
3142651
3142818
3142821
3142869
3142890
3142971
3143030
3143147
3143183
3143189
3143210
3143226
3143354
3143356
3143437
3143492
3143561
3143631
3143641
3143776
3143797
3143815
3143880
3143934
3143962
3143965
3143997
3144013
3144337
3144376
3144447
3144471
3144518
3144581
3144613
3144623
3144706
3144809
3144838
3144892
3144907
3144917
3145120
3145151
3145206
3147173
3147177
3147274
3147307
3147367
3147573
3147577
3147600
3147733
3147777
3147832
3147840
3147848
3147942
3148005
3148093
3148192
3148196
3148234
3148263
3148274
3148309
3148320
3148349
3148467
3148526
3148623
3148638
3148650
3148754
3148762
3148901
3148904
3149030
3149181
3149220
3149252
3149281
3149469
3149490
3149550
3149610
3149652
3149681
3149702
3149740
3149761
3149923
3150051
3150124
3150210
3150239
3150348
3152360
3152408
3152709
3152744
3152784
3152816
3153077
3153091
3153145
3153168
3153180
3153215
3153217
3153253
3153255
3153286
3153307
3153317
3153445
3153529
3153573
3153579
3153627
3153726
3153776
3153784
3153790
3153962
3154158
3154174
3154325
3154350
3154404
3154419
3154425
3154509
3154521
3154531
3154536
3154658
3154693
3154720
3154746
3154754
3154964
3155000
3155013
3155017
3155030
3155031
3155036
3155149
3155167
3155169
3155185
3155234
3155237
3155313
3156360
3156380
3156381
3156426
3156450
3156459
3156462
3156507
3156519
3156520
3156541
3156610
3156623
3156626
3156662
3156706
3156817
3156858
3156859
3156899
3156907
3156930
3156934
3156976
3157038
3157067
3157106
3157125
3157155
3157168
3157244
3157256
3157272
3157292
3157350
3157410
3157453
3157465
3157466
3157527
3157566
3157584
3157615
3157617
3157639
3157660
3157665
3157667
3157676
3157744
3157826
3157837
3157909
3157913
3157946
3157955
3157958
3157963
3157971
3157977
3159181
3159205
3159264
3159324
3159326
3159359
3159361
3159379
3159388
3159392
3159393
3159396
3159410
3159412
3159462
3159479
3159490
3159499
3159502
3159586
3159615
3159719
3159752
3159757
3159777
3159779
3159825
3159830
3159864
3159875
3159964
3159979
3159997
3160007
3160068
3160147
3160157
3160192
3160224
3160256
3160274
3160290
3160292
3160298
3160330
3160361
3160370
3160384
3160394
3160397
3160408
3160421
3160440
3160448
3160509
3160563
3160681
3160790
3160823
3161876
3161887
3161888
3161898
3161918
3162005
3162034
3162086
3162115
3162117
3162123
3162126
3162129
3162130
3162155
3162176
3162178
3162183
3162194
3162287
3162332
3162351
3162357
3162362
3162398
3162429
3162432
3162433
3162452
3162477
3162544
3162577
3162606
3162663
3162692
3162718
3162724
3162747
3162786
3162860
3162936
3162944
3162964
3163010
3163011
3163049
3163078
3163082
3163086
3163112
3163123
3163129
3163153
3163170
3163186
3163187
3163196
3163239
3163270
3163274
3163280
3163299
3163306
3163321
3163338
3163361
3163371
3163397
3163428
3163478
3164632
3164676
3164688
3164752
3164814
3164839
3164843
3164849
3164872
3164882
3164971
3165013
3165017
3165053
3165112
3165139
3165143
3165166
3165201
3165206
3165242
3165268
3165287
3165319
3165340
3165391
3165445
3165453
3165459
3165498
3165537
3165579
3165614
3165616
3165617
3165625
3165663
3165673
3165682
3165716
3165740
3165787
3165796
3165821
3165825
3165830
3165834
3165871
3166041
3166054
3166076
3166078
3166086
3166097
3166249
3167355
3167450
3167451
3167463
3167481
3167532
3167548
3167565
3167610
3167612
3167625
3167643
3167652
3167653
3167696
3167697
3167711
3167725
3167737
3167767
3167829
3167853
3167966
3167973
3167980
3168013
3168030
3168063
3168078
3168140
3168212
3168228
3168234
3168247
3168296
3168388
3168392
3168409
3168416
3168461
3168472
3168475
3168500
3168541
3168551
3168604
3168646
3168647
3168650
3168664
3168679
3168703
3168729
3168758
3168769
3168793
3168807
3168814
3168953
3168961
3168986
3168995
3169010
3169014
3169015
3170147
3170248
3170283
3170300
3170339
3170350
3170432
3170453
3170470
3170522
3170535
3170568
3170571
3170580
3170603
3170639
3170640
3170643
3170687
3170699
3170702
3170724
3170732
3170749
3170787
3170788
3170807
3170837
3170840
3170855
3170867
3170870
3170887
3170984
3171027
3171102
3171153
3171162
3171169
3171191
3171198
3171209
3171218
3171227
3171234
3171247
3171249
3171250
3171275
3171290
3171329
3171332
3171340
3171356
3171363
3171383
3171393
3171414
3171440
3171476
3171500
3171526
3171574
3171617
3171651
3172884
3172897
3172917
3172925
3172940
3172951
3172978
3173096
3173131
3173137
3173139
3173144
3173145
3173179
3173246
3173247
3173251
3173272
3173285
3173299
3173312
3173340
3173341
3173365
3173371
3173387
3173391
3173399
3173452
3173483
3173501
3173518
3173547
3173571
3173728
3173735
3173738
3173742
3173751
3173766
3173794
3173810
3173831
3173884
3173896
3173899
3173923
3173942
3173962
3174024
3174066
3174087
3174127
3174153
3174224
3174304
3174309
3174319
3174350
3174357
3174362
3174381
3174385
3174413
3174473
3175594
3175683
3175721
3175730
3175733
3175784
3175859
3175867
3175879
3175977
3175982
3175984
3176006
3176066
3176098
3176099
3176109
3176132
3176137
3176142
3176150
3176153
3176168
3176238
3176332
3176341
3176343
3176389
3176476
3176510
3176550
3176555
3176567
3176636
3176703
3176708
3176713
3176717
3176740
3176751
3176805
3176821
3176822
3176836
3176843
3176856
3176888
3176898
3176918
3176928
3176953
3176974
3177022
3177029
3177066
3177104
3177123
3178325
3178481
3178496
3178541
3178584
3178623
3178634
3178638
3178656
3178668
3178683
3178688
3178691
3178705
3178729
3178745
3178761
3178768
3178769
3178775
3178781
3178784
3178812
3178813
3178826
3178829
3178908
3179014
3179041
3179042
3179050
3179080
3179105
3179113
3179155
3179174
3179353
3179402
3179424
3179431
3179441
3179463
3179495
3179498
3179510
3179557
3179563
3179566
3179576
3179685
3179686
3179724
3179734
3179770
3179776
3179855
3179867
3179874
3179949
3179974
3179988
3179989
3180986
3181106
3181116
3181214
3181252
3181321
3181337
3181382
3181462
3181567
3181605
3181626
3181666
3181670
3181689
3181720
3181724
3181739
3181765
3181772
3181777
3181888
3181900
3181911
3181967
3181984
3181994
3182065
3182145
3182180
3182188
3182206
3182269
3182312
3182326
3182352
3182361
3182419
3182456
3182462
3182483
3182494
3182536
3182540
3182611
3182619
3182623
3183846
3183850
3183880
3183950
3183972
3183998
3184075
3184123
3184164
3184169
3184186
3184188
3184217
3184234
3184258
3184279
3184284
3184298
3184332
3184346
3184368
3184378
3184395
3184423
3184437
3184458
3184481
3184506
3184549
3184563
3184566
3184664
3184667
3184675
3184710
3184735
3184743
3184753
3184887
3184920
3185062
3185070
3185098
3185110
3185165
3185218
3185246
3185254
3186580
3186631
3186637
3186646
3186661
3186671
3186682
3186695
3186698
3186727
3186864
3186889
3186951
3186952
3186959
3187002
3187049
3187084
3187125
3187206
3187237
3187261
3187307
3187312
3187313
3187316
3187322
3187339
3187367
3187377
3187388
3187455
3187456
3187464
3187536
3187609
3187642
3187696
3187728
3187741
3187747
3187771
3187832
3187838
3187882
3187886
3187936
3188037
3188056
3188087
3189248
3190236
3190271
3190316
3190412
3190426
3190451
3190472
3190511
3190742
3190765
3191951
3192092
3192131
3192370
3192389
3192434
3192510
3192714
3192747
3192749
3192752
3192761
3192797
3192825
3192857
3192892
3192893
3192924
3192937
3193121
3193122
3193292
3193309
3193534
3193543
3193633
3193636
3194704
3194744
3194918
3194940
3194962
3195105
3195215
3195227
3195333
3195337
3195364
3195367
3195385
3195407
3195414
3195434
3195494
3195495
3195552
3195582
3195588
3195590
3195627
3195666
3195687
3195694
3195739
3195781
3195799
3195820
3195959
3196070
3196084
3196103
3196180
3196226
3196258
3196277
3197640
3198019
3198146
3198225
3198243
3198384
3198453
3198528
3198565
3198694
3198742
3198938
3199020
3199125
3199239
3199274
3199317
3199860
3200029
3200048
3200139
3200206
3200388
3200426
3200595
3200615
3200628
3203016
3203099
3203117
3203350
3204065
3204100
3204137
3204171
3204185
3204193
3204200
3204223
3204283
3204409
3204411
3204417
3208198
3208200
3208270
3208403
3208470
3208580
3208633
3208772
3209112
3209131
3209174
3209276
3209343
3209353
3209368
3209745
3210499
3210776
3210793
3213896
3213947
3214019
3214029
3214056
3214069
3214165
3214167
3214180
3214241
3214252
3214272
3214359
3214515
3214685
3214823
3214890
3214892
3215021
3215054
3215064
3215078
3215088
3215089
3215191
3215215
3215298
3215304
3215342
3215383
3215389
3215472
3215567
3215641
3215650
3215664
3215672
3215735
3215783
3215799
3215826
3215868
3215901
3215975
3216018
3216025
3216065
3216101
3216238
3216250
3216279
3216285
3216288
3216306
3216308
3216354
3216447
3216476
3216561
3216575
3218747
3218968
3218989
3218991
3219220
3219266
3219282
3219307
3219337
3219347
3219496
3219538
3219631
3219686
3219694
3219725
3219895
3219951
3220004
3220025
3220044
3220158
3220175
3220191
3220303
3220433
3220442
3220456
3220460
3220502
3220519
3220569
3220584
3220709
3220711
3220848
3220938
3220979
3221002
3221011
3221092
3221144
3221248
3221285
3221326
3221498
3221516
3221597
3221624
3221649
3221671
3221725
3221743
3221754
3221825
3223914
3224062
3224179
3224436
3224497
3224678
3224709
3224769
3224818
3224827
3224921
3224948
3224958
3224964
3224972
3224990
3225060
3225169
3225344
3225359
3225369
3225453
3225470
3225472
3225566
3225658
3225695
3225730
3225732
3225786
3225854
3225862
3225869
3225934
3225963
3226048
3226068
3226075
3226108
3226112
3226116
3226169
3226210
3226221
3226233
3226241
3226277
3226297
3226358
3226374
3226470
3226584
3226609
3226643
3226703
3226714
3226739
3226784
3226885
3226970
3227210
3228435
3228968
3229184
3229249
3229320
3229349
3229409
3229463
3229579
3229583
3229613
3229709
3229734
3229760
3229801
3229897
3229907
3230078
3230088
3230121
3230123
3230405
3230486
3230509
3230545
3230570
3230783
3230818
3230975
3231177
3231197
3231208
3231323
3231342
3231421
3231489
3231606
3231643
3231663
3231767
3231861
3231965
3232018
3232077
3232095
3232108
3232206
3232221
3234316
3234394
3234431
3234447
3234488
3234517
3234527
3234530
3234547
3234578
3234623
3234640
3234696
3234698
3234730
3234800
3234808
3234914
3234918
3234996
3235026
3235035
3235093
3235112
3235133
3235137
3235248
3235252
3235305
3235372
3235596
3235692
3235700
3235702
3235719
3235720
3235725
3235737
3235748
3235749
3235772
3235832
3235835
3235836
3235962
3235964
3236025
3236132
3236185
3236282
3236297
3236303
3236347
3236472
3236491
3236565
3236651
3236682
3236730
3236815
3236832
3236899
3236911
3236934
3237014
3237060
3237096
3237104
3237106
3237108
3237120
3237191
3237205
3237311
3237344
3237361
3237369
3237440
3239418
3239577
3239647
3239680
3239696
3239908
3239916
3240014
3240111
3240263
3240292
3240354
3240364
3240365
3240432
3240442
3240480
3240510
3240515
3240580
3240584
3240610
3240615
3240656
3240732
3240830
3240887
3240924
3240978
3241068
3241074
3241086
3241159
3241200
3241223
3241229
3241264
3241499
3241505
3241581
3241618
3241702
3241757
3241849
3241907
3241976
3242017
3242041
3242059
3242113
3242155
3242233
3242249
3242447
3244473
3244495
3244523
3244545
3244553
3244560
3244585
3244653
3244695
3244704
3244738
3244759
3244819
3244822
3244873
3244884
3244899
3244906
3244916
3244987
3245043
3245078
3245113
3245115
3245160
3245161
3245282
3245350
3245497
3245510
3245541
3245571
3245594
3245605
3245620
3245630
3245649
3245756
3245776
3245806
3245843
3245871
3245891
3245952
3245972
3246028
3246081
3247309
3247327
3247341
3247367
3247406
3247429
3247435
3247519
3247654
3247658
3247722
3247731
3247738
3247764
3247830
3247836
3247882
3247916
3248009
3248051
3248077
3248162
3248175
3248182
3248227
3248237
3248267
3248278
3248326
3248355
3248392
3248410
3248421
3248428
3248471
3248481
3248489
3248516
3248526
3248554
3248563
3248639
3248651
3248653
3248667
3248679
3248762
3248766
3249913
3249916
3249956
3250040
3250051
3250090
3250094
3250099
3250108
3250128
3250164
3250181
3250187
3250227
3250299
3250312
3250313
3250357
3250505
3250542
3250556
3250564
3250583
3250584
3250641
3250763
3250771
3250793
3250796
3250804
3250877
3250887
3250893
3250908
3250925
3250928
3250938
3250960
3250988
3250991
3250994
3251007
3251078
3251108
3251123
3251132
3251140
3251184
3251215
3251237
3251255
3251323
3251342
3251358
3251359
3251368
3251388
3251425
3251456
3251500
3251502
3251541
3252686
3252912
3252913
3253035
3253065
3253066
3253143
3253146
3253228
3253426
3253442
3253531
3253532
3253541
3253553
3253563
3253576
3253580
3253601
3253716
3253790
3253820
3253826
3253853
3253880
3253903
3253929
3254007
3254053
3254085
3254117
3254127
3254155
3254188
3254194
3254271
3255367
3255406
3255411
3255435
3255454
3255467
3255470
3255472
3255505
3255523
3255596
3255606
3255634
3255656
3255659
3255753
3255754
3255856
3255864
3255887
3255959
3255963
3255984
3256007
3256018
3256031
3256147
3256226
3256229
3256249
3256283
3256288
3256317
3256395
3256403
3256417
3256451
3256493
3256497
3256500
3256580
3256586
3256593
3256598
3256670
3256672
3256712
3256736
3256754
3256776
3256805
3256813
3256831
3256839
3256874
3256932
3256937
3256943
3258020
3258070
3258083
3258112
3258174
3258288
3258323
3258381
3258395
3258398
3258408
3258428
3258438
3258456
3258534
3258593
3258607
3258608
3258620
3259111
3259149
3259160
3259168
3259210
3259216
3259243
3259285
3259325
3259339
3259342
3259350
3259417
3259441
3259459
3259476
3259604
3259617
3259633
3259639
3259653
3260896
3260902
3261049
3261058
3261096
3261539
3261559
3261622
3261653
3261707
3261723
3261794
3261819
3261862
3261874
3261895
3261910
3261912
3262008
3262009
3262029
3262083
3262091
3262134
3262135
3262171
3262182
3262200
3262223
3262266
3262319
3262363
3263702
3263778
3263788
3263792
3263802
3263831
3263837
3263840
3263852
3263959
3263986
3264035
3264039
3264126
3264187
3264203
3264208
3264212
3264229
3264247
3264273
3264276
3264287
3264304
3264306
3264307
3264354
3264386
3264427
3264432
3264433
3264436
3264437
3264460
3264656
3264722
3264787
3264830
3264838
3264877
3264929
3265104
3265132
3265167
3265213
3265227
3265318
3265396
3265414
3265497
3265564
3265585
3265714
3265767
3265964
3265972
3268021
3268055
3268074
3268078
3268136
3268167
3268207
3268252
3268279
3268287
3268289
3268310
3268337
3268437
3268564
3268618
3268641
3268835
3268904
3268966
3269015
3269148
3269213
3269282
3269285
3269312
3269363
3269380
3269382
3269396
3269479
3269512
3269519
3269591
3269603
3269624
3269626
3269657
3269702
3269710
3269812
3269898
3269906
3269927
3270046
3270076
3270200
3270216
3270260
3270264
3270288
3270292
3270386
3270750
3270998
3271006
3273352
3273531
3273606
3273763
3273791
3274029
3274079
3274083
3274105
3274161
3274499
3274523
3274550
3274682
3274700
3274722
3274845
3274881
3274927
3274954
3274978
3275143
3275155
3275159
3275207
3275270
3275283
3275311
3275321
3275371
3275395
3275453
3275465
3275517
3275528
3275609
3275795
3275803
3275875
3275943
3276043
3276150
3276160
3276178
3276516
3277736
3322372
3322979
3323500
3323860
3324000
3330504
3330706
3331299
3332338
3332447
3334497
3334501
3334703
3334734
3334799
3334902
3334906
3335659
3335707
3336148
3339480
3341567
3341677
3341719
3341748
3341823
3341829
3341844
3341872
3341976
3341983
3342073
3342106
3342176
3342195
3342280
3342286
3342334
3342389
3342406
3342492
3342561
3342587
3342639
3342651
3342667
3342699
3342738
3342740
3342753
3342769
3342776
3342781
3342966
3343006
3343093
3343157
3343179
3343186
3343208
3343216
3343218
3343266
3343278
3343291
3343299
3343318
3343359
3343389
3343481
3343535
3343554
3343594
3343617
3343759
3343786
3343803
3343804
3343904
3343929
3343956
3343984
3344008
3344068
3344072
3344090
3344099
3344101
3344132
3344216
3344224
3344238
3344261
3344287
3344390
3344398
3344399
3344413
3344447
3344477
3344496
3344533
3344546
3344566
3344576
3344583
3344587
3344590
3344613
3344615
3344618
3344630
3344659
3344660
3344662
3344674
3344702
3344725
3344731
3344733
3344745
3344757
3344776
3344821
3344932
3345029
3345074
3345095
3345108
3345161
3345200
3345205
3345216
3345219
3345269
3345272
3345416
3345440
3345462
3345513
3345537
3345545
3345550
3345600
3345616
3345656
3345661
3345662
3345675
3345690
3345766
3345773
3345800
3345883
3345914
3345929
3345942
3345994
3346020
3346059
3346080
3346088
3346097
3346098
3346189
3346279
3346297
3346304
3346326
3346386
3346402
3346425
3346507
3346508
3346524
3346559
3346561
3346573
3346576
3346580
3346599
3346686
3346709
3346723
3346728
3346746
3346802
3346829
3346845
3346879
3346943
3346989
3347009
3347069
3347071
3347149
3347157
3347166
3347180
3347190
3347283
3347313
3347362
3347365
3347385
3347389
3347391
3347394
3347489
3347520
3347527
3347574
3347585
3347590
3347688
3347698
3347702
3347849
3347894
3347913
3347938
3347942
3347954
3347965
3347987
3348075
3348100
3348115
3348117
3348130
3348157
3348158
3348181
3348185
3348222
3348228
3350867
3351810
3351833
3351922
3351954
3351967
3351994
3352027
3352092
3352103
3352147
3352157
3352257
3352304
3352347
3352391
3352410
3352437
3352505
3352507
3352511
3352587
3352629
3352635
3352657
3352722
3352760
3352765
3352783
3352791
3352792
3352859
3352866
3352899
3352935
3352967
3352999
3353018
3353041
3353058
3353078
3353083
3353084
3353188
3353225
3353236
3353268
3353311
3353353
3353366
3353383
3353394
3353402
3353431
3353490
3353509
3353511
3353515
3353523
3353579
3353615
3353632
3353637
3353707
3353728
3353762
3353769
3353801
3353811
3353924
3353929
3353958
3353985
3353988
3353990
3354021
3354110
3354172
3354199
3354201
3354238
3354247
3354315
3354323
3354404
3354440
3354460
3354564
3354582
3354609
3354664
3354687
3354771
3354779
3354789
3354816
3354931
3354944
3354956
3354967
3355108
3355195
3355281
3356324
3356406
3356504
3356650
3357076
3357173
3357193
3357278
3357783
3357951
3357963
3358027
3358112
3358210
3358473
3358485
3358515
3358535
3358613
3358617
3358635
3358731
3358777
3358796
3358862
3358940
3358950
3359024
3359026
3359029
3359168
3359204
3359206
3359247
3359251
3359259
3359312
3359376
3359400
3359413
3359468
3359475
3359481
3359491
3359594
3359649
3359698
3359716
3359742
3359775
3359843
3359876
3359926
3359946
3359978
3360005
3360020
3360062
3360122
3360166
3360188
3360196
3360202
3360220
3360486
3360538
3360556
3360560
3360609
3360620
3360632
3360733
3360804
3360834
3360851
3360864
3360887
3360961
3361003
3361014
3361023
3361029
3361038
3361060
3361066
3361222
3361256
3361258
3361361
3361388
3361484
3361554
3361575
3361638
3361663
3361713
3361733
3361755
3361771
3361808
3361983
3362007
3362068
3362127
3362163
3362194
3362199
3362306
3362356
3362365
3362449
3362664
3362673
3362685
3362735
3362781
3362803
3362891
3362915
3362973
3363013
3363019
3363024
3363101
3363190
3363210
3363230
3363251
3363257
3363274
3363275
3363281
3363372
3363377
3363390
3363447
3363458
3363513
3363582
3363585
3363675
3363681
3363690
3363741
3363785
3363812
3363917
3363944
3363955
3363971
3364046
3364127
3364131
3364134
3364170
3364203
3364334
3364339
3364399
3364404
3364505
3364618
3364623
3364799
3364804
3364809
3364834
3364836
3364863
3364871
3364934
3364949
3364978
3364980
3365102
3365133
3365147
3365345
3365405
3365419
3365421
3365563
3365577
3365610
3365615
3365617
3365628
3365702
3365786
3365795
3365914
3366083
3366145
3366161
3366247
3366256
3366356
3366384
3366406
3366562
3366611
3366661
3366712
3366735
3366751
3366781
3366859
3366878
3367121
3367159
3367300
3367419
3367477
3367497
3367509
3367531
3367571
3367581
3367612
3367628
3367654
3367750
3367761
3367766
3367778
3367903
3367929
3367950
3367964
3368020
3368036
3368102
3368206
3368219
3368245
3368282
3368395
3368460
3368489
3368616
3368719
3373665
3373675
3373714
3373733
3373763
3373776
3373905
3373945
3374043
3374143
3374155
3374231
3374321
3374418
3374553
3374631
3374651
3374674
3374701
3374717
3374727
3374758
3374783
3374814
3374834
3374851
3374917
3375115
3375124
3375162
3375183
3375217
3375255
3375274
3375281
3375325
3375341
3375376
3375404
3375422
3375426
3375434
3375466
3375471
3375502
3375522
3375523
3375539
3375554
3375613
3375617
3375634
3375660
3375714
3375717
3375741
3375797
3375868
3375905
3375964
3376013
3376122
3376161
3376174
3376228
3376231
3376246
3376249
3376296
3376426
3376446
3376513
3376593
3376639
3376678
3376745
3376769
3376964
3376988
3377110
3377223
3377297
3377387
3377512
3377523
3377532
3377552
3377583
3377601
3377619
3377736
3377808
3377823
3377866
3377903
3377904
3377943
3377989
3378002
3378006
3378048
3378062
3378091
3378175
3378180
3378202
3378318
3378321
3378376
3378392
3378467
3378474
3378504
3378509
3378545
3378560
3378564
3378681
3378833
3378851
3378902
3378956
3379063
3379067
3379100
3379201
3379226
3379257
3379292
3379320
3379337
3379344
3379358
3379394
3379493
3379569
3379631
3379646
3379691
3379703
3379711
3379733
3379753
3379813
3379833
3380181
3380499
3380579
3380720
3380750
3380841
3381046
3381065
3381095
3381171
3381191
3381252
3381256
3381299
3381300
3381423
3381473
3381680
3381781
3381800
3382408
3382456
3382460
3382518
3382562
3382745
3382908
3382933
3382948
3382952
3383177
3383232
3383296
3383438
3383523
3383631
3383701
3383729
3383732
3383740
3383846
3383934
3383980
3384028
3384038
3384115
3384174
3384269
3384279
3384351
3384389
3384397
3384408
3384522
3384584
3384603
3384639
3384647
3384663
3384698
3384814
3384965
3384975
3385057
3385083
3385102
3385239
3385266
3385319
3385346
3385352
3385371
3385463
3385530
3385634
3385656
3385662
3385691
3385731
3385782
3385786
3385856
3385915
3385957
3385963
3385978
3385981
3386005
3386042
3386094
3386157
3386167
3386174
3386213
3386218
3386236
3386244
3386245
3386252
3386263
3386283
3386296
3386300
3386361
3386369
3386436
3386453
3386494
3386498
3386509
3386512
3386517
3386546
3386551
3386610
3386634
3386667
3386674
3386747
3386912
3386913
3386938
3386943
3386951
3386964
3387018
3387046
3387053
3387056
3387088
3387115
3387133
3387149
3387182
3387268
3387333
3387382
3387395
3387403
3387410
3387411
3387497
3387509
3387541
3387593
3387640
3387656
3387715
3387729
3387754
3387772
3387802
3387873
3387876
3387879
3387887
3387895
3387972
3387984
3388058
3388062
3388078
3388106
3388132
3388133
3388164
3388169
3388174
3388303
3388373
3388463
3388468
3388470
3388547
3388549
3388580
3388588
3388594
3388602
3388634
3388689
3388704
3388800
3388970
3389086
3389108
3389227
3389241
3389257
3389260
3389262
3389268
3389329
3389357
3389383
3389399
3389411
3389448
3389460
3389497
3389514
3389556
3389633
3389670
3389676
3389759
3389760
3389778
3389856
3389938
3389948
3389960
3390020
3390034
3390069
3390090
3390140
3390251
3390412
3390464
3390472
3390554
3390728
3390740
3390767
3390861
3391053
3391077
3391128
3391218
3391222
3391355
3395170
3395312
3395319
3395320
3395354
3395399
3395415
3395418
3395444
3395450
3395474
3395532
3395575
3395638
3395639
3395660
3395682
3395720
3395789
3395797
3395818
3395824
3395828
3395832
3395858
3395872
3395896
3395940
3395960
3396001
3396008
3396064
3396077
3396091
3396131
3396137
3396234
3396360
3396393
3396423
3396432
3396484
3396513
3396539
3396544
3396572
3396611
3396614
3396652
3396658
3396689
3396727
3396738
3396739
3396742
3396776
3396786
3396791
3396796
3396797
3396812
3396816
3396824
3396838
3396882
3396883
3396894
3396959
3396974
3397013
3397042
3397043
3397090
3397177
3397204
3397281
3397377
3397381
3397395
3397398
3397440
3397445
3397485
3397499
3397584
3397629
3397678
3397710
3397812
3397887
3398011
3398101
3398124
3398126
3398149
3398190
3398196
3398209
3398214
3398322
3398397
3398441
3398456
3398471
3398487
3398493
3398522
3398532
3398673
3398677
3398733
3399037
3399206
3399251
3399281
3399331
3399370
3399440
3399562
3399991
3400044
3400054
3400283
3400298
3400322
3400387
3400393
3400466
3400481
3400507
3400510
3400561
3400601
3400603
3400678
3400708
3400742
3400795
3400879
3400957
3401051
3401088
3401120
3401124
3401232
3401270
3401688
3401714
3401756
3401781
