0.000000 1.000000 1.000000 1.000000
0.025000 0.705455 0.731935 0.731935
0.050000 0.640728 0.683351 0.683351
0.075000 0.581582 0.654167 0.654167
0.100000 0.544304 0.618110 0.618110
0.125000 0.515168 0.585885 0.585885
0.150000 0.493000 0.557101 0.557101
0.175000 0.459166 0.530292 0.530292
0.200000 0.425316 0.501899 0.501899
0.225000 0.398765 0.477438 0.477438
0.250000 0.375267 0.443362 0.443362
0.275000 0.343161 0.397719 0.397719
0.300000 0.310603 0.347638 0.347638
0.325000 0.265087 0.302453 0.302453
0.350000 0.227490 0.242416 0.242416
0.375000 0.188388 0.164014 0.164014
0.400000 0.132083 0.063291 0.063291
0.425000 0.055555 0.033046 0.033046
0.450000 0.022176 0.000000 0.000000
0.475000 0.000000 0.000000 0.000000
0.500000 0.000000 0.000000 0.000000
0.525000 0.000000 0.000000 0.000000
0.550000 0.000000 0.000000 0.000000
0.575000 0.000000 0.000000 0.000000
0.600000 0.000000 0.000000 0.000000
0.625000 0.000000 0.000000 0.000000
0.650000 0.000000 0.000000 0.000000
0.675000 0.000000 0.000000 0.000000
0.700000 0.000000 0.000000 0.000000
0.725000 0.000000 0.000000 0.000000
0.750000 0.000000 0.000000 0.000000
0.775000 0.000000 0.000000 0.000000
0.800000 0.000000 0.000000 0.000000
0.825000 0.000000 0.000000 0.000000
0.850000 0.000000 0.000000 0.000000
0.875000 0.000000 0.000000 0.000000
0.900000 0.000000 0.000000 0.000000
0.925000 0.000000 0.000000 0.000000
0.950000 0.000000 0.000000 0.000000
0.975000 0.000000 0.000000 0.000000
1.000000 0.000000 0.000000 0.000000
