2979121
2979148
2979228
2979234
2979270
2979276
2979281
2979652
2979666
2979724
3034941
3035003
3035005
3035119
3035357
3035371
3035743
3036100
3036102
3036258
3036294
3036320
3036354
3037692
3037744
3037907
3037987
3038363
3038523
3038635
3038654
3038662
3038673
3038883
3038996
3039012
3039022
3039036
3039040
3039055
3039074
3039087
3039156
3039172
3040363
3040379
3040404
3040593
3040601
3040856
3040947
3040992
3041086
3041141
3041181
3041230
3041257
3041357
3041387
3041533
3041551
3041639
3041688
3041771
3041774
3043224
3043319
3043481
3043540
3043613
3043644
3043900
3044142
3044206
3044227
3044242
3044248
3044638
3044645
3044659
3045794
3045804
3045891
3046013
3046050
3046187
3046219
3046226
3046395
3046430
3046445
3046461
3046553
3046617
3046628
3046769
3046801
3046863
3047091
3047131
3047148
3047151
3047184
3047199
3047348
3048463
3048561
3048586
3048604
3048649
3048786
3048902
3048904
3048928
3048961
3048964
3049033
3049088
3049103
3049165
3049189
3049258
3049274
3049280
3049310
3049378
3049411
3049667
3049781
3049979
3051162
3051170
3051237
3051272
3051359
3051493
3051502
3051539
3051568
3051589
3051701
3051913
3052119
3052133
3052170
3052387
3052497
3052531
3052557
3052571
3052657
3052686
3052771
3052918
3052960
3053261
3054474
3054634
3054724
3054740
3054788
3055245
3055791
3055799
3055948
3055969
3056015
3056033
3056997
3057057
3057070
3057079
3057149
3057281
3057291
3057527
3057568
3057587
3057611
3057627
3058789
3058917
3059067
3059520
3059597
3059601
3059624
3059670
3059752
3059817
3059860
3059984
3059988
3060064
3060133
3060208
3060220
3060237
3060397
3061413
3061757
3061803
3061859
3061903
3061916
3061917
3061947
3061951
3062017
3062041
3062123
3062199
3062244
3062273
3062415
3062419
3062639
3062783
3062954
3064232
3064255
3064299
3064302
3064340
3064343
3064488
3064496
3064602
3064651
3064771
3064846
3064875
3064913
3065022
3065332
3065355
3065407
3065457
3065475
3066871
3066920
3066949
3066955
3067089
3067189
3067307
3067415
3067437
3067596
3067611
3067680
3067706
3067739
3067833
3067888
3067911
3067925
3067936
3067958
3068041
3068056
3068355
3068421
3068476
3069845
3069878
3069927
3069928
3070486
3070533
3070828
3070932
3071022
3071064
3072292
3072343
3072452
3072466
3072529
3072614
3072618
3072749
3072833
3072863
3072914
3072967
3072988
3073081
3073302
3073441
3073470
3073531
3073612
3073656
3073796
3073878
3073897
3073899
3073932
3074941
3074949
3074968
3074983
3074988
3075098
3075143
3075224
3075233
3075260
3075270
3075302
3075315
3075507
3075588
3075689
3075690
3075694
3075804
3075810
3076037
3076122
3076123
3076458
3077734
3077749
3077810
3077909
3077958
3077967
3077977
3078109
3078148
3078304
3078306
3078410
3078577
3078618
3078650
3078795
3078816
3078822
3078931
3079045
3079158
3079244
3079294
3079349
3080425
3080576
3080592
3080594
3080628
3080722
3080794
3080967
3081228
3081250
3081261
3081274
3081296
3081368
3081575
3081576
3081638
3081777
3081866
3081915
3081948
3081949
3082083
3082091
3083196
3083223
3083252
3083537
3083625
3083665
3083687
3083730
3083791
3083878
3083883
3083926
3083950
3083999
3084151
3084216
3084301
3084339
3084685
3085751
3085950
3086014
3086072
3086175
3086280
3086295
3086301
3086308
3086379
3086466
3086473
3086540
3086559
3086602
3086605
3086696
3086952
3087063
3088522
3088568
3088637
3088734
3088753
3088785
3088917
3089068
3089114
3089270
3089451
3089492
3089560
3089569
3089817
3089852
3089889
3089905
3090087
3090140
3090144
3091692
3091704
3091723
3091838
3091871
3091928
3091963
3092023
3092050
3092097
3092139
3092155
3092224
3092244
3092254
3092272
3092500
3092519
3092576
3092584
3092702
3092738
3092860
3092876
3093213
3093933
3093938
3093965
3094289
3094355
3094508
3094541
3094592
3094755
3094785
3094873
3094927
3095112
3095223
3095245
3095258
3095408
3095494
3096899
3096922
3096965
3096982
3096988
3097006
3097305
3097338
3097431
3097550
3097598
3097625
3097701
3097757
3097761
3097899
3097911
3097919
3098074
3098097
3098139
3098222
3098245
3098246
3098283
3099469
3099478
3099508
3099822
3099842
3099870
3099924
3100014
3100083
3100130
3100337
3100388
3100400
3100437
3100457
3100615
3100673
3100717
3100733
3100853
3100874
3102087
3102126
3102142
3102193
3102257
3102287
3102333
3102381
3102397
3102416
3102596
3102659
3102786
3102894
3102916
3103089
3103206
3103243
3103355
3103525
3103529
3103552
3104783
3105039
3105086
3105206
3105238
3105240
3105276
3105326
3105494
3105517
3105520
3105591
3105637
3105830
3105899
3105957
3105980
3106173
3106202
3106244
3106326
3107177
3107245
3107331
3107504
3107508
3107555
3107780
3107983
3108029
3108523
3108536
3108640
3108731
3109014
3109084
3109087
3110504
3110545
3110555
3110606
3110752
3110866
3110917
3110954
3111011
3111218
3111254
3111417
3111554
3111607
3111623
3111726
3111817
3111862
3111902
3111923
3111988
3112000
3113324
3113329
3113381
3113408
3113491
3113541
3113782
3113794
3113810
3113879
3114147
3114229
3114325
3114346
3114357
3114412
3115797
3116398
3116668
3117024
3117238
3117252
3117360
3117431
3117440
3117502
3117848
3117995
3118130
3118163
3118219
3118279
3118321
3118328
3118347
3118428
3118519
3118535
3118537
3118571
3119726
3119942
3119992
3120024
3120120
3120264
3120386
3120422
3120728
3121055
3121201
3121243
3121244
3122510
3122624
3122745
3122828
3122896
3122945
3122955
3123032
3123067
3123125
3123128
3123154
3123174
3123389
3123412
3123450
3123494
3123638
3123688
3123746
3123844
3123861
3123862
3123897
3123960
3123995
3124044
3124090
3125158
3125172
3125199
3125255
3125324
3125349
3125447
3125466
3125489
3125561
3125613
3125746
3125800
3125824
3125881
3126069
3126200
3126257
3126522
3126557
3126624
3126631
3126760
3127857
3127865
3127931
3128046
3128166
3128204
3128274
3128277
3128394
3128407
3128408
3128461
3128655
3128767
3128801
3128950
3129048
3129053
3129054
3129107
3129112
3129143
3129144
3129161
3129197
3129308
3129363
3130725
3130826
3130875
3130910
3131312
3131319
3131397
3131441
3131443
3131556
3131638
3131760
3131853
3131902
3131911
3132236
3133227
3133388
3133405
3133499
3133763
3133798
3133953
3134089
3134094
3134119
3134138
3134211
3134239
3134244
3134254
3134272
3134476
3134480
3134497
3134631
3134661
3134891
3134899
3135946
3136040
3136067
3136075
3136149
3136187
3136188
3136219
3136268
3136345
3136415
3136417
3136486
3136535
3136837
3136848
3136874
3136944
3136989
3137020
3137212
3137233
3137290
3137304
3137430
3137560
3138965
3138975
3139040
3139045
3139050
3139240
3139262
3139295
3139539
3139557
3139573
3139623
3139672
3139838
3139865
3139942
3140050
3140066
3140084
3140212
3140284
3142205
3142223
3142413
3142447
3142454
3142544
3142654
3142776
3142964
3143006
3143054
3143352
3143453
3143460
3143556
3143651
3143930
3143975
3144055
3144393
3144528
3144584
3144737
3144743
3145089
3145212
3147192
3147200
3147205
3147392
3147412
3147688
3147778
3148001
3148154
3148311
3148551
3148623
3148745
3148928
3149194
3149235
3149277
3149458
3149464
3149690
3150001
3152460
3152642
3152726
3152828
3153099
3153164
3153391
3153428
3153430
3153520
3153623
3153702
3153947
3154145
3154245
3154393
3154822
3154923
3155036
3155193
3156384
3156432
3156444
3156486
3156530
3156587
3156623
3156894
3156936
3156946
3157141
3157180
3157228
3157362
3157373
3157416
3157421
3157435
3157447
3157503
3157578
3157749
3157823
3157862
3157883
3157941
3157962
3157963
3159304
3159438
3159619
3159634
3159702
3159744
3159793
3159836
3159857
3159872
3160003
3160034
3160127
3160295
3160319
3160378
3160403
3160479
3160591
3161978
3162105
3162209
3162225
3162267
3162302
3162329
3162334
3162340
3162473
3162540
3162545
3162550
3162600
3162622
3162634
3162754
3162825
3162826
3162903
3163035
3163036
3163089
3163306
3163353
3163438
3164779
3164832
3164840
3164849
3164926
3165057
3165160
3165213
3165338
3165371
3165435
3165497
3165530
3165622
3165698
3165806
3165947
3165989
3166023
3166215
3167355
3167413
3167429
3167503
3167536
3167675
3167703
3167846
3167865
3167891
3167935
3168083
3168193
3168303
3168333
3168490
3168508
3168526
3168530
3168642
3168693
3168748
3168788
3168828
3168985
3168995
3168997
3170138
3170224
3170228
3170244
3170391
3170406
3170409
3170590
3170612
3170722
3170785
3170798
3170900
3170912
3170945
3170988
3171178
3171211
3171276
3171318
3171384
3171622
3172983
3173067
3173451
3173618
3173650
3173760
3173805
3173844
3174220
3174232
3174308
3174328
3174359
3175662
3175687
3175856
3175918
3176121
3176154
3176188
3176252
3176295
3176337
3176395
3176626
3176718
3176720
3176753
3176767
3176934
3177015
3177023
3177027
3177065
3177082
3177092
3177106
3178489
3178521
3178534
3178590
3178683
3178740
3178769
3178832
3178886
3178938
3178956
3179013
3179089
3179153
3179322
3179343
3179451
3179489
3179557
3179567
3179583
3179691
3179917
3181058
3181185
3181215
3181286
3181309
3181322
3181333
3181336
3181616
3181667
3181668
3181823
3181906
3181980
3182073
3182074
3182187
3182217
3182236
3182495
3182558
3182568
3183907
3184079
3184113
3184145
3184158
3184257
3184302
3184306
3184348
3184527
3184607
3184642
3184670
3184703
3184884
3184923
3184947
3185003
3185042
3185127
3185283
3186532
3186997
3187046
3187150
3187183
3187221
3187301
3187376
3187498
3187513
3187539
3187569
3187653
3187884
3187993
3188026
3188055
3190247
3190401
3190417
3190448
3190450
3190481
3190757
3192483
3192514
3192574
3192742
3192796
3192801
3192834
3192906
3192916
3193085
3193215
3193525
3194967
3195016
3195147
3195215
3195322
3195434
3195484
3195500
3195532
3195547
3195571
3195604
3195629
3195633
3195731
3195766
3195782
3195963
3196001
3196010
3196041
3196183
3196287
3197872
3198287
3198424
3198496
3198540
3198698
3199033
3199222
3199684
3199923
3200273
3202939
3203091
3203209
3203853
3204065
3204418
3208185
3208598
3209230
3209530
3211020
3213862
3214027
3214120
3214167
3214282
3214291
3214414
3214492
3214653
3215023
3215321
3215379
3215428
3215433
3215488
3215511
3215546
3215727
3215774
3215868
3215870
3216249
3216252
3218718
3219107
3219318
3219435
3219531
3219562
3219644
3219694
3219990
3220050
3220812
3221003
3221036
3221107
3221161
3221259
3221277
3221353
3221640
3221653
3221661
3221681
3221772
3224029
3224073
3224499
3224516
3224720
3224749
3224833
3224885
3224970
3224982
3225007
3225025
3225249
3225441
3225459
3225551
3225553
3225706
3225994
3226100
3226165
3226329
3226333
3226429
3226514
3226705
3226734
3226782
3227034
3229190
3229255
3229288
3229601
3229667
3229680
3229709
3229766
3229912
3230164
3230198
3230249
3230478
3230660
3230793
3231218
3231348
3231795
3234507
3234558
3234560
3234601
3234657
3234711
3234886
3235223
3235385
3235489
3235575
3235593
3235636
3235754
3235816
3235853
3235886
3235982
3236087
3236219
3236318
3236357
3236503
3236746
3237152
3237311
3239364
3239371
3239482
3239703
3240109
3240162
3240219
3240251
3240332
3240727
3240961
3240968
3241031
3241039
3241076
3241322
3241857
3241936
3242110
3242198
3242392
3242400
3242404
3244477
3244510
3244541
3244559
3244649
3244700
3244884
3244951
3245012
3245034
3245073
3245081
3245232
3245375
3245490
3245566
3245692
3245744
3245781
3246077
3246081
3247338
3247377
3247856
3247884
3247967
3248047
3248074
3248320
3248321
3248340
3248431
3248569
3248582
3248699
3248710
3248726
3248760
3249923
3249972
3250052
3250075
3250094
3250106
3250133
3250270
3250315
3250338
3250383
3250389
3250567
3250706
3250719
3250735
3250793
3250829
3250912
3251053
3251078
3251101
3251122
3251172
3251236
3251242
3251541
3252936
3252969
3253053
3253348
3253433
3253608
3253753
3253793
3253896
3254023
3254055
3254119
3254121
3254137
3254179
3255700
3255958
3255973
3255996
3256010
3256031
3256148
3256216
3256220
3256239
3256310
3256377
3256493
3256585
3256720
3256761
3256773
3256839
3256877
3258025
3258177
3258343
3258459
3258500
3258812
3259105
3259135
3259238
3259326
3259368
3259427
3259440
3259678
3259684
3261570
3261606
3261618
3261644
3261668
3261671
3261799
3261829
3262113
3262242
3262256
3263730
3263806
3263809
3263814
3263826
3263904
3264037
3264151
3264152
3264223
3264224
3264266
3264345
3264406
3264677
3264742
3265180
3265316
3265445
3265596
3265609
3265683
3268163
3268184
3268675
3269355
3269365
3269798
3269947
3270129
3270307
3270487
3270510
3273761
3273822
3273890
3273903
3273917
3274034
3274356
3274381
3274429
3274449
3274724
3275067
3275227
3275307
3275373
3275513
3275544
3275673
3275683
3275716
3275740
3276181
3323386
3323578
3323810
3324000
3330504
3331486
3331643
3331819
3332373
3334613
3336132
3336220
3341749
3341991
3342070
3342128
3342134
3342374
3342397
3342412
3342441
3342522
3342867
3342877
3343001
3343041
3343312
3343414
3343477
3343520
3343591
3343625
3343633
3343756
3343777
3343873
3343878
3344007
3344043
3344052
3344129
3344154
3344198
3344210
3344392
3344429
3344494
3344547
3344808
3344929
3345032
3345070
3345098
3345157
3345173
3345220
3345250
3345262
3345295
3345313
3345383
3345549
3345564
3345579
3345636
3345645
3345652
3345722
3345768
3345782
3346140
3346289
3346301
3346403
3346464
3346470
3346537
3346553
3346591
3346670
3346681
3346781
3346784
3346988
3347465
3347606
3347631
3347779
3347892
3347908
3347916
3348121
3348154
3348170
3348173
3348174
3351776
3351911
3351945
3352010
3352041
3352051
3352053
3352176
3352277
3352374
3352683
3352913
3352984
3353039
3353073
3353179
3353242
3353255
3353279
3353442
3353558
3353628
3353644
3353724
3353726
3353807
3353969
3353991
3354079
3354103
3354193
3354222
3354271
3354312
3354363
3354370
3354379
3354384
3354394
3354519
3354633
3354659
3354741
3354746
3354753
3354855
3354928
3354932
3354952
3355088
3355106
3355116
3356524
3356765
3357775
3358409
3358465
3358565
3358601
3358635
3358868
3359020
3359066
3359105
3359202
3359236
3359459
3359469
3359541
3359629
3359692
3359860
3359923
3359988
3360003
3360024
3360059
3360132
3360281
3360323
3360325
3360409
3360437
3360468
3360785
3360950
3361038
3361080
3361172
3361184
3361223
3361421
3361507
3361516
3361886
3361986
3362148
3362220
3362404
3362473
3363024
3363141
3363220
3363495
3363624
3363717
3363894
3364152
3364168
3364267
3364293
3364363
3364389
3364539
3364772
3364926
3364929
3365084
3365192
3365235
3365277
3365412
3365573
3365583
3365632
3365633
3365662
3365664
3365796
3365820
3365837
3365911
3366165
3366380
3366405
3366545
3366615
3366765
3366847
3366860
3366951
3367005
3367571
3367808
3368003
3368074
3368125
3368160
3368216
3368829
3373594
3373789
3373826
3374292
3374421
3374505
3374565
3374606
3374762
3374875
3374885
3374910
3374931
3374942
3374966
3375038
3375097
3375215
3375294
3375502
3375517
3375531
3375540
3375561
3375791
3375814
3375832
3376194
3376282
3376350
3376362
3376394
3376416
3376559
3376591
3376656
3376700
3376727
3376735
3376775
3376883
3377159
3377210
3377213
3377246
3377280
3377367
3377402
3377551
3377646
3377698
3377772
3377831
3377857
3377938
3377969
3378189
3378293
3378308
3378309
3378492
3379151
3379290
3379305
3379481
3379794
3379898
3379920
3380123
3380288
3380457
3380537
3381048
3381139
3381241
3381253
3381316
3381340
3381348
3381367
3381375
3381526
3381780
3382420
3383108
3383450
3383527
3383615
3384401
3384687
3384732
3384810
3384863
3384934
3385067
3385247
3385254
3385279
3385313
3385339
3385455
3385463
3385538
3385698
3385719
3385737
3385905
3385964
3386022
3386254
3386309
3386382
3386554
3386592
3386656
3386715
3386816
3386851
3386936
3386946
3387072
3387126
3387158
3387165
3387233
3387454
3387470
3387576
3387709
3387749
3387988
3388031
3388032
3388108
3388114
3388193
3388366
3388413
3388437
3388511
3388531
3388618
3388681
3388800
3388812
3388899
3389098
3389126
3389261
3389387
3389499
3389629
3389837
3389891
3389971
3390026
3390049
3390322
3390873
3391288
3391425
3395220
3395247
3395439
3395695
3395760
3395792
3395802
3395850
3396069
3396266
3396278
3396293
3396310
3396351
3396401
3396409
3396629
3396671
3396823
3396913
3396927
3397002
3397082
3397162
3397354
3397468
3397470
3397558
3397615
3397670
3397823
3397880
3397905
3398579
3398773
3399167
3399412
3399424
3399467
3399614
3399739
3399794
3399993
3399998
3400047
3400234
3400363
3400366
3400382
3400622
3400737
3400767
3400948
3400952
3401120
3401205
3401242
3401529
3401530
3401699
3402104
