0.000000 1.000000 1.000000 1.000000
0.025000 0.764706 0.802469 0.802469
0.050000 0.732919 0.802469 0.802469
0.075000 0.732919 0.770751 0.770751
0.100000 0.720183 0.726257 0.726257
0.125000 0.666667 0.711160 0.711160
0.150000 0.640327 0.656566 0.656566
0.175000 0.592672 0.617687 0.617687
0.200000 0.571949 0.585779 0.585779
0.225000 0.517595 0.550424 0.550424
0.250000 0.482759 0.512638 0.512638
0.275000 0.449532 0.465147 0.465147
0.300000 0.410279 0.418817 0.418817
0.325000 0.362216 0.386270 0.386270
0.350000 0.309510 0.310451 0.310451
0.375000 0.232991 0.227305 0.227305
0.400000 0.176404 0.133120 0.133120
0.425000 0.089735 0.048901 0.048901
0.450000 0.027853 0.036395 0.036395
0.475000 0.023486 0.000000 0.000000
0.500000 0.000000 0.000000 0.000000
0.525000 0.000000 0.000000 0.000000
0.550000 0.000000 0.000000 0.000000
0.575000 0.000000 0.000000 0.000000
0.600000 0.000000 0.000000 0.000000
0.625000 0.000000 0.000000 0.000000
0.650000 0.000000 0.000000 0.000000
0.675000 0.000000 0.000000 0.000000
0.700000 0.000000 0.000000 0.000000
0.725000 0.000000 0.000000 0.000000
0.750000 0.000000 0.000000 0.000000
0.775000 0.000000 0.000000 0.000000
0.800000 0.000000 0.000000 0.000000
0.825000 0.000000 0.000000 0.000000
0.850000 0.000000 0.000000 0.000000
0.875000 0.000000 0.000000 0.000000
0.900000 0.000000 0.000000 0.000000
0.925000 0.000000 0.000000 0.000000
0.950000 0.000000 0.000000 0.000000
0.975000 0.000000 0.000000 0.000000
1.000000 0.000000 0.000000 0.000000
