2979154
2979163
2979175
2979177
2979213
2979679
3035030
3035049
3035053
3035168
3035695
3035732
3035941
3035993
3036094
3036183
3036285
3036346
3037816
3038295
3038387
3038422
3038491
3038577
3038591
3038626
3038737
3038858
3038873
3038914
3038920
3038945
3039049
3040547
3040562
3040672
3040741
3040807
3040915
3040960
3040987
3041046
3041093
3041104
3041105
3041117
3041371
3041383
3041673
3041714
3041776
3041788
3041812
3041832
3041998
3043098
3043152
3043234
3043421
3043422
3043443
3043475
3043612
3043622
3043830
3043865
3044094
3044146
3044227
3044448
3044683
3045734
3045803
3045904
3045926
3045936
3045983
3046004
3046109
3046180
3046194
3046274
3046298
3046342
3046410
3046412
3046522
3046529
3046556
3046625
3046641
3046745
3046833
3046853
3046915
3046977
3046995
3047209
3047429
3048470
3048499
3048525
3048528
3048688
3048950
3049053
3049092
3049151
3049294
3049361
3049375
3049553
3049643
3049748
3049879
3051282
3051383
3051547
3051595
3051641
3051793
3051837
3051847
3051866
3051912
3051952
3051960
3051962
3052065
3052329
3052353
3052394
3052430
3052527
3052560
3052592
3052609
3052641
3052910
3052961
3053079
3053084
3053247
3053284
3053323
3054521
3054574
3054768
3054841
3054910
3054951
3055022
3055028
3055036
3055107
3055125
3055177
3055179
3055413
3055801
3055884
3055885
3056610
3056718
3056801
3056882
3056994
3057251
3057294
3057384
3057476
3057615
3057629
3057637
3057674
3058734
3058757
3058803
3058823
3058878
3058890
3059444
3059491
3059673
3059853
3059867
3060021
3060063
3060068
3060257
3060304
3061419
3061476
3061514
3061546
3061646
3061861
3061929
3061931
3062036
3062051
3062107
3062154
3062194
3062367
3062415
3062474
3062592
3062609
3062776
3062955
3062967
3063002
3063015
3063035
3063156
3064197
3064211
3064262
3064345
3064502
3064533
3064632
3064749
3064752
3064874
3064880
3065070
3065317
3065431
3065474
3065501
3065507
3065578
3066818
3066883
3066885
3066960
3066979
3066987
3067090
3067117
3067214
3067238
3067241
3067258
3067335
3067340
3067452
3067454
3067505
3067531
3067674
3067972
3068001
3068031
3068056
3068271
3068311
3068317
3068360
3068389
3068394
3068408
3068504
3069516
3069522
3069652
3069655
3069876
3070054
3070172
3070347
3070537
3070631
3070917
3071058
3072233
3072319
3072528
3072837
3072841
3072924
3072946
3073031
3073098
3073324
3073341
3073376
3073439
3073663
3073775
3073821
3073886
3073925
3073930
3075065
3075080
3075168
3075186
3075251
3075360
3075376
3075432
3075480
3075535
3075562
3075742
3075790
3075792
3075854
3076010
3076089
3076165
3076308
3076509
3077721
3077830
3077882
3077892
3077920
3077955
3078027
3078128
3078270
3078272
3078288
3078367
3078381
3078394
3078419
3078464
3078505
3078572
3078699
3078701
3078735
3078759
3078824
3078875
3078878
3078929
3078973
3079090
3079154
3079865
3080445
3080737
3080738
3080815
3080859
3080901
3080992
3081095
3081178
3081261
3081291
3081298
3081382
3081394
3081498
3081574
3081597
3081897
3081965
3082005
3082013
3083215
3083297
3083390
3083423
3083463
3083471
3083502
3083604
3083882
3083905
3084026
3084027
3084059
3084166
3084249
3084274
3084276
3084317
3084384
3084403
3084427
3084725
3085983
3086028
3086070
3086072
3086073
3086152
3086158
3086173
3086260
3086291
3086317
3086357
3086427
3086470
3086483
3086484
3086555
3086642
3086689
3086745
3086842
3086890
3086901
3086952
3086958
3086964
3087003
3087102
3087107
3087159
3087366
3088522
3088624
3088628
3088686
3088744
3088787
3088860
3089030
3089032
3089062
3089077
3089238
3089350
3089617
3089645
3089717
3089741
3089805
3089960
3089970
3089978
3090005
3090116
3091435
3091491
3091517
3091597
3091613
3091806
3091826
3091870
3092014
3092021
3092043
3092085
3092130
3092209
3092213
3092253
3092436
3092477
3092687
3092703
3092707
3092712
3092738
3093953
3094207
3094299
3094598
3094684
3094942
3094984
3095265
3095298
3095308
3095337
3095413
3096693
3096713
3096773
3096791
3096886
3096920
3096975
3097070
3097267
3097334
3097451
3097468
3097714
3097726
3097769
3097907
3097968
3098029
3098090
3098111
3098178
3099608
3099825
3099932
3099995
3100120
3100144
3100161
3100247
3100441
3100472
3100480
3100482
3100535
3100543
3100621
3100622
3100662
3100763
3100831
3100833
3101026
3101072
3102090
3102136
3102198
3102240
3102247
3102266
3102267
3102287
3102441
3102451
3102491
3102509
3102630
3102683
3102711
3102751
3102856
3102896
3102916
3102986
3102996
3103005
3103257
3103308
3103337
3103354
3103466
3103484
3103567
3103619
3103715
3104907
3104954
3104961
3104984
3105192
3105250
3105269
3105505
3105516
3105624
3105629
3105709
3105739
3105940
3106028
3106325
3106355
3106361
3107318
3107366
3107441
3107665
3107757
3107787
3107793
3107825
3107856
3107858
3107951
3108547
3108573
3108700
3108743
3108918
3108943
3108963
3109030
3109060
3109061
3109287
3109456
3110609
3110984
3111203
3111272
3111305
3111404
3111515
3111569
3111572
3111598
3111619
3111737
3111901
3111984
3113361
3113471
3113543
3113618
3113707
3113746
3113758
3113879
3113912
3113934
3113957
3113963
3114011
3114154
3114239
3114276
3115803
3115827
3115857
3117185
3117228
3117247
3117434
3117436
3117459
3117695
3117767
3117982
3118069
3118080
3118110
3118167
3118290
3118383
3118414
3118428
3119872
3119888
3119898
3119902
3120004
3120214
3120229
3120538
3120543
3120547
3120850
3120860
3120888
3120915
3121058
3121138
3121146
3121153
3121176
3121188
3121221
3122398
3122433
3122501
3122520
3122631
3122678
3122855
3123069
3123148
3123149
3123249
3123318
3123373
3123390
3123576
3123766
3124051
3125093
3125142
3125156
3125165
3125340
3125448
3125570
3125619
3125690
3126123
3126184
3126278
3126297
3126588
3126602
3126655
3126686
3126700
3126707
3126797
3126829
3127827
3127893
3127947
3127967
3127972
3128049
3128082
3128397
3128411
3128470
3128479
3128499
3128608
3128711
3128725
3128753
3128762
3128778
3128954
3128959
3128981
3128983
3129080
3129091
3129132
3129148
3129170
3129189
3129220
3130655
3130667
3130717
3130720
3130777
3130873
3130903
3130932
3130955
3130963
3131112
3131137
3131233
3131247
3131399
3131523
3131640
3131757
3131768
3131872
3131968
3131986
3132075
3133284
3133634
3133745
3133862
3133866
3133889
3133950
3133955
3133975
3134010
3134018
3134067
3134085
3134248
3134255
3134279
3134442
3134468
3134492
3134537
3134608
3134640
3134660
3134864
3134868
3134914
3136015
3136138
3136233
3136346
3136377
3136428
3136502
3137123
3137237
3137294
3137319
3137332
3137488
3137540
3137545
3137683
3138832
3139081
3139267
3139289
3139317
3139350
3139391
3139460
3139613
3139652
3139907
3139939
3139985
3140098
3142124
3142215
3142441
3142470
3142488
3142544
3142654
3142680
3142845
3143352
3143395
3143507
3143604
3143639
3143676
3143764
3143849
3143868
3143905
3143962
3144252
3144575
3144766
3144869
3144911
3145023
3145042
3147573
3147723
3148162
3148311
3148318
3148438
3149030
3149293
3149605
3149700
3150279
3150354
3152391
3152638
3152667
3152818
3152834
3152929
3153052
3153066
3153093
3153404
3153422
3153545
3153598
3153615
3153625
3154264
3154383
3154427
3154458
3154567
3154622
3154697
3156808
3156937
3157011
3157069
3157222
3157226
3157231
3157274
3157281
3157311
3157347
3157357
3157391
3157456
3157560
3157595
3157735
3157801
3157808
3157870
3157891
3157894
3157915
3157960
3159294
3159308
3159339
3159401
3159410
3159561
3159575
3159719
3159909
3159951
3159977
3160027
3160237
3160457
3160483
3160591
3160594
3160659
3160809
3160816
3161920
3161964
3162018
3162035
3162176
3162278
3162348
3162357
3162457
3162459
3162490
3162569
3162572
3162639
3162810
3162824
3162862
3162896
3162917
3163035
3163364
3164946
3164968
3165155
3165164
3165227
3165348
3165370
3165502
3165538
3165623
3165693
3165700
3165777
3165964
3166024
3166144
3167396
3167427
3167678
3167788
3167833
3167890
3167950
3167966
3167967
3168042
3168070
3168101
3168106
3168235
3168254
3168323
3168340
3168408
3168647
3168674
3169000
3170168
3170312
3170314
3170334
3170372
3170387
3170406
3170427
3170515
3170634
3170692
3170732
3170736
3170839
3170890
3170925
3170949
3171264
3171360
3171552
3171556
3171602
3171621
3171648
3172978
3173005
3173041
3173217
3173247
3173303
3173368
3173399
3173407
3173424
3173562
3173605
3173622
3173650
3173728
3173735
3173739
3173800
3173880
3174022
3174109
3174223
3174260
3174268
3174324
3174343
3174366
3175601
3175623
3175737
3175865
3175904
3176020
3176101
3176121
3176259
3176397
3176453
3176471
3176495
3176547
3176566
3176583
3176724
3176753
3176904
3176908
3176951
3177005
3177010
3177031
3177036
3177090
3178331
3178445
3178563
3178567
3178571
3178670
3178713
3178917
3178974
3178979
3179143
3179171
3179174
3179200
3179241
3179355
3179357
3179411
3179415
3179552
3179588
3179590
3179971
3180011
3181216
3181262
3181284
3181321
3181357
3181402
3181484
3181512
3181536
3181537
3181591
3181615
3181816
3181860
3181865
3181912
3181954
3181994
3182326
3182340
3182366
3182558
3182592
3183960
3183968
3184129
3184150
3184155
3184548
3184629
3184644
3184707
3184783
3184872
3184981
3185129
3185271
3185284
3185386
3186652
3186732
3186820
3187119
3187189
3187190
3187239
3187359
3187380
3187465
3187589
3187600
3187604
3187617
3187627
3187631
3187754
3187767
3187936
3188011
3188057
3188088
3189232
3190228
3190436
3190460
3190513
3190856
3192077
3192201
3192538
3192794
3192828
3192898
3192935
3193155
3193217
3193418
3193528
3193532
3194697
3194845
3195224
3195474
3195500
3195755
3195761
3195781
3195938
3196083
3196089
3196128
3196178
3196182
3197634
3197853
3197968
3198117
3198318
3198526
3198663
3198742
3198789
3199908
3200011
3200332
3200496
3200540
3203032
3203035
3203076
3203160
3203953
3203981
3204221
3204231
3208312
3208401
3208407
3208428
3208596
3208619
3208757
3209501
3213787
3214011
3214192
3214423
3214583
3214794
3215025
3215103
3215278
3215457
3215592
3215760
3215836
3216179
3216225
3216300
3216344
3216464
3216493
3216594
3218747
3218863
3219032
3219134
3219328
3219414
3219604
3219646
3219658
3219711
3219740
3219761
3220023
3220079
3220087
3220246
3220565
3220601
3220611
3220674
3220697
3220747
3220791
3220846
3221107
3221349
3221386
3221403
3221601
3224008
3224697
3224757
3224839
3224916
3225466
3225514
3225734
3225812
3225920
3225938
3225959
3226027
3226079
3226096
3226135
3226322
3226512
3227176
3229132
3229265
3229276
3229499
3229515
3229608
3229697
3229701
3229740
3229819
3229885
3229903
3230086
3230389
3230432
3230576
3231055
3231058
3231331
3231641
3231894
3234463
3234477
3234498
3234732
3234775
3234783
3234791
3234944
3234965
3235206
3235268
3235665
3235707
3235980
3236213
3236265
3236297
3236443
3236491
3236830
3236876
3237108
3239414
3239471
3239583
3239684
3240029
3240091
3240123
3240139
3240167
3240249
3240297
3240551
3240614
3240699
3240756
3240826
3241068
3241182
3241223
3241403
3241653
3241687
3242064
3244490
3244633
3244640
3244677
3244775
3244784
3244792
3244846
3244851
3244971
3244992
3245225
3245353
3245397
3245443
3245569
3245577
3245591
3245607
3245840
3245860
3245928
3247212
3247634
3247777
3247801
3247811
3247825
3248182
3248283
3248287
3248381
3248418
3248426
3248430
3248436
3248559
3248562
3248585
3248639
3250081
3250096
3250107
3250123
3250285
3250302
3250407
3250452
3250561
3250572
3250585
3250767
3250876
3251027
3251057
3251136
3251139
3251253
3251299
3251310
3251384
3253137
3253432
3253552
3253670
3253961
3254208
3255373
3255518
3255568
3255820
3255888
3255913
3255935
3256195
3256214
3256239
3256261
3256280
3256367
3256380
3256402
3256506
3256550
3256564
3256621
3256715
3256832
3256876
3258231
3258311
3258316
3258414
3258431
3258486
3258566
3258635
3258643
3258814
3259169
3259220
3259251
3259255
3259306
3259346
3259439
3259518
3259526
3259609
3259643
3261050
3261533
3261545
3261683
3261685
3261709
3261759
3261767
3261822
3261825
3261847
3261902
3261909
3262019
3262054
3262079
3262102
3262125
3262130
3262168
3262176
3262187
3262215
3262250
3262273
3262309
3263674
3263705
3263763
3263774
3263844
3263891
3263898
3263994
3264014
3264063
3264137
3264238
3264591
3264697
3264791
3264795
3264802
3265001
3265180
3265227
3265232
3265318
3265390
3265567
3265700
3265815
3265948
3267992
3268124
3268175
3268209
3268213
3268240
3268292
3268379
3268416
3268787
3268809
3268904
3268906
3268987
3269021
3269148
3269423
3269428
3269556
3269657
3270055
3270129
3270227
3270340
3270365
3270470
3270983
3271210
3271216
3273296
3273348
3273523
3273666
3273769
3273980
3273986
3274237
3274425
3274564
3274667
3274760
3274784
3274847
3274895
3275071
3275104
3275155
3275278
3275556
3275562
3275616
3275893
3323149
3323517
3330416
3332303
3334501
3334539
3334742
3335675
3335691
3336078
3341889
3342031
3342428
3342466
3342553
3342570
3342622
3342762
3342835
3342887
3342915
3343066
3343072
3343082
3343159
3343286
3343350
3343366
3343396
3343598
3343642
3343705
3343715
3343922
3343967
3343986
3344003
3344007
3344247
3344404
3344514
3344587
3344594
3344608
3344695
3344719
3344824
3344925
3344980
3345088
3345122
3345128
3345180
3345268
3345324
3345345
3345387
3345609
3345678
3345755
3345872
3345899
3345943
3345977
3346002
3346095
3346123
3346169
3346274
3346281
3346298
3346388
3346427
3346549
3346555
3346573
3346603
3346675
3346752
3346941
3347005
3347087
3347097
3347159
3347198
3347270
3347354
3347374
3347486
3347495
3347498
3347522
3347523
3347549
3347655
3347699
3347779
3347788
3347828
3347905
3347982
3348130
3348272
3348530
3348632
3350843
3351824
3351939
3352027
3352098
3352190
3352373
3352626
3352706
3352869
3352915
3352961
3352973
3352984
3353172
3353179
3353208
3353250
3353269
3353313
3353477
3353676
3353722
3353723
3353745
3353791
3353935
3354089
3354097
3354101
3354138
3354159
3354187
3354188
3354229
3354287
3354329
3354368
3354471
3354473
3354863
3354909
3355134
3355181
3355197
3355338
3356464
3356881
3356954
3357374
3357619
3357756
3357839
3357943
3357983
3358198
3358477
3358704
3358868
3358992
3359179
3359271
3359286
3359501
3359577
3359614
3359887
3359903
3359975
3360045
3360599
3360636
3360894
3360920
3360943
3360958
3361044
3361199
3361211
3361321
3361660
3362178
3362199
3362245
3362312
3362713
3362899
3363122
3363331
3363338
3363395
3363456
3363652
3363849
3363935
3363947
3364006
3364450
3364502
3364522
3364846
3364865
3364881
3364909
3365312
3365370
3365377
3365470
3365531
3365551
3365770
3365800
3365810
3365817
3365921
3365981
3365984
3366075
3366315
3366564
3366625
3366760
3367000
3367210
3367239
3367358
3367398
3367404
3367457
3367631
3367721
3367751
3367756
3367943
3367965
3368105
3368345
3368752
3368790
3373685
3373796
3373797
3373841
3373955
3373958
3374083
3374170
3374221
3374333
3374358
3374469
3374485
3374494
3374693
3374833
3374869
3374880
3374952
3375021
3375068
3375073
3375088
3375091
3375660
3375670
3375908
3376054
3376066
3376135
3376153
3376170
3376208
3376435
3376591
3376666
3376697
3376920
3377089
3377219
3377356
3377429
3377437
3377489
3377522
3377619
3377632
3377640
3377646
3377665
3377733
3377774
3377824
3377857
3377863
3377890
3377939
3378190
3378341
3378379
3378628
3378786
3378845
3378875
3379040
3379309
3379349
3379481
3379737
3380325
3380592
3380987
3381007
3381107
3381281
3381721
3381962
3382101
3382141
3382197
3383383
3383587
3383838
3383988
3384179
3384310
3384346
3384355
3384566
3384572
3384580
3384984
3385004
3385020
3385024
3385048
3385138
3385352
3385375
3385443
3385502
3385582
3385851
3385926
3385945
3386036
3386062
3386093
3386166
3386187
3386219
3386222
3386300
3386312
3386346
3386366
3386410
3386459
3386721
3386739
3386858
3386968
3387102
3387122
3387155
3387246
3387480
3387529
3387750
3387848
3387912
3388164
3388198
3388326
3388451
3388654
3388881
3388892
3389184
3389402
3389438
3389539
3389651
3389824
3389840
3390244
3390257
3390360
3390701
3390818
3390920
3395203
3395380
3395470
3395650
3395664
3395718
3395863
3395871
3395907
3395914
3395923
3395985
3396091
3396153
3396660
3396679
3396689
3396765
3396772
3396826
3396942
3396991
3397208
3397362
3397466
3397584
3397599
3397606
3397675
3397683
3397868
3397967
3398370
3399412
3399557
3399599
3399938
3400236
3400273
3400297
3400309
3400338
3400442
3400486
3400491
3400622
3400627
3400772
3400957
3401047
3401056
3401220
3401293
3401373
3401394
3401464
3401638
3401724
3401991
