2979169
2979201
2979276
2979294
2979317
2979597
2979652
2979653
2979656
2979707
2979747
2979766
2979784
2979786
2979793
2979817
3034997
3035006
3035108
3035123
3035141
3035158
3035214
3035248
3035252
3035736
3035758
3035801
3035813
3035831
3035852
3035859
3035942
3035958
3035963
3035971
3035982
3035991
3035995
3036000
3036052
3036077
3036090
3036174
3036181
3036193
3036229
3036333
3036341
3036346
3036354
3036372
3036439
3036457
3036467
3036483
3036492
3036506
3037555
3037868
3037878
3037887
3037898
3037900
3037911
3037955
3038120
3038136
3038175
3038268
3038344
3038393
3038398
3038406
3038420
3038426
3038427
3038429
3038430
3038441
3038449
3038541
3038552
3038573
3038591
3038594
3038643
3038679
3038712
3038732
3038794
3038805
3038812
3038823
3038829
3038842
3038921
3038925
3038939
3038973
3038981
3039004
3039007
3039008
3039018
3039027
3039031
3039034
3039049
3039063
3039092
3039161
3039178
3039184
3039190
3039205
3039220
3039257
3040395
3040406
3040409
3040412
3040485
3040495
3040498
3040500
3040523
3040548
3040549
3040581
3040655
3040706
3040716
3040736
3040741
3040760
3040827
3040836
3040837
3040871
3040885
3040909
3040915
3040922
3040931
3040934
3040937
3040964
3040968
3040995
3041010
3041046
3041049
3041056
3041057
3041102
3041132
3041154
3041189
3041204
3041241
3041253
3041269
3041292
3041321
3041338
3041361
3041362
3041409
3041439
3041443
3041455
3041544
3041550
3041567
3041598
3041622
3041649
3041672
3041697
3041728
3041758
3041789
3041795
3041932
3041984
3043153
3043164
3043296
3043380
3043407
3043483
3043558
3043623
3043716
3043724
3043728
3043752
3043788
3043836
3043916
3043918
3043979
3043983
3044052
3044074
3044088
3044089
3044140
3044162
3044175
3044182
3044233
3044391
3044393
3044402
3044431
3044438
3044454
3044497
3044505
3044618
3044640
3045677
3045727
3045779
3045781
3045800
3045806
3045871
3045894
3045935
3045999
3046026
3046059
3046089
3046119
3046127
3046136
3046140
3046145
3046181
3046193
3046302
3046306
3046348
3046349
3046401
3046462
3046466
3046484
3046513
3046515
3046632
3046662
3046724
3046735
3046740
3046742
3046747
3046766
3046767
3046771
3046794
3046821
3046830
3046837
3046839
3046846
3046867
3046906
3046920
3046986
3046988
3047006
3047017
3047069
3047073
3047074
3047131
3047142
3047148
3047218
3047235
3047242
3047258
3047262
3047300
3047324
3047380
3047431
3048587
3048630
3048678
3048687
3048689
3048691
3048692
3048711
3048732
3048737
3048832
3048921
3048922
3048936
3048985
3049023
3049024
3049116
3049155
3049183
3049186
3049187
3049210
3049219
3049261
3049330
3049359
3049401
3049437
3049466
3049543
3049548
3049571
3049626
3049678
3049696
3049698
3049744
3049763
3049771
3049773
3049825
3049836
3049851
3049896
3049897
3049944
3049964
3049968
3051153
3051205
3051272
3051277
3051304
3051332
3051358
3051368
3051398
3051412
3051454
3051472
3051564
3051571
3051594
3051641
3051649
3051715
3051737
3051744
3051752
3051827
3051841
3051859
3051940
3051951
3051994
3052022
3052112
3052139
3052147
3052192
3052218
3052221
3052237
3052302
3052307
3052316
3052382
3052383
3052474
3052508
3052608
3052712
3052750
3052802
3052865
3052896
3052931
3052938
3052968
3052975
3053015
3053125
3053168
3053174
3053222
3053279
3053305
3053306
3053337
3053348
3054427
3054447
3054457
3054471
3054483
3054487
3054499
3054503
3054523
3054551
3054580
3054584
3054588
3054589
3054595
3054610
3054649
3054665
3054674
3054701
3054711
3054759
3054767
3054798
3054800
3054844
3054852
3054864
3054936
3055015
3055036
3055093
3055327
3055610
3055746
3055782
3055789
3055792
3055907
3056000
3056031
3056105
3056629
3056659
3056683
3056792
3056880
3056903
3056906
3056909
3056917
3056933
3056934
3056961
3057009
3057068
3057082
3057242
3057251
3057261
3057272
3057309
3057340
3057361
3057507
3057509
3057550
3057618
3057672
3057674
3058721
3058727
3058861
3058887
3058976
3058987
3059008
3059067
3059403
3059439
3059539
3059549
3059556
3059592
3059640
3059642
3059654
3059696
3059717
3059743
3059778
3059798
3059991
3060003
3060100
3060151
3060188
3060193
3060206
3060251
3060407
3061448
3061462
3061629
3061691
3061694
3061702
3061711
3061750
3061787
3061811
3061892
3061916
3061922
3061986
3062026
3062044
3062055
3062092
3062097
3062110
3062179
3062192
3062247
3062248
3062249
3062306
3062320
3062342
3062392
3062395
3062422
3062473
3062478
3062539
3062544
3062546
3062561
3062595
3062599
3062608
3062614
3062656
3062664
3062669
3062713
3062848
3062857
3062894
3062952
3062975
3062979
3063019
3063036
3063073
3063088
3063117
3063118
3063140
3063212
3064191
3064205
3064232
3064250
3064289
3064293
3064296
3064317
3064411
3064445
3064446
3064447
3064501
3064546
3064599
3064623
3064628
3064672
3064701
3064706
3064723
3064737
3064787
3064799
3064824
3064848
3064860
3064871
3064882
3064888
3064939
3064946
3064947
3064974
3065014
3065057
3065354
3065392
3065450
3065454
3065463
3065515
3065522
3065566
3065576
3065578
3065672
3065717
3065793
3066814
3066960
3066962
3066969
3067015
3067076
3067138
3067154
3067226
3067227
3067247
3067336
3067338
3067377
3067385
3067392
3067427
3067441
3067460
3067462
3067487
3067515
3067543
3067567
3067588
3067612
3067642
3067646
3067647
3067656
3067660
3067811
3067818
3067833
3067898
3067952
3067953
3067960
3067968
3068122
3068170
3068241
3068255
3068257
3068288
3068311
3068319
3068321
3068384
3068386
3069692
3069788
3069857
3069891
3069932
3070167
3070171
3070411
3070414
3070429
3070430
3070451
3070476
3070595
3070641
3070910
3072234
3072292
3072449
3072458
3072499
3072515
3072521
3072551
3072592
3072639
3072695
3072698
3072722
3072800
3072845
3072847
3072852
3072867
3072924
3072944
3072973
3072981
3072988
3072991
3073062
3073143
3073247
3073268
3073287
3073300
3073312
3073327
3073333
3073339
3073367
3073386
3073409
3073539
3073578
3073595
3073600
3073623
3073641
3073663
3073790
3073813
3073828
3073861
3073903
3074998
3075033
3075034
3075060
3075104
3075108
3075145
3075164
3075197
3075205
3075232
3075239
3075240
3075251
3075259
3075376
3075393
3075433
3075469
3075484
3075503
3075514
3075531
3075545
3075567
3075587
3075615
3075636
3075640
3075646
3075647
3075650
3075728
3075785
3075790
3075795
3075797
3075805
3075829
3075885
3075949
3075954
3075973
3075988
3076001
3076034
3076065
3076071
3076112
3076113
3076117
3076130
3076148
3076170
3076182
3076224
3076230
3076234
3076311
3076332
3076333
3076393
3076409
3076461
3076485
3077722
3077729
3077781
3077800
3077904
3077916
3077960
3077985
3077998
3078007
3078016
3078152
3078154
3078188
3078206
3078277
3078280
3078323
3078330
3078343
3078362
3078409
3078425
3078427
3078502
3078533
3078552
3078681
3078719
3078757
3078764
3078786
3078826
3078830
3078888
3078905
3078952
3078957
3078968
3078984
3079002
3079024
3079047
3079064
3079089
3079184
3079214
3079341
3079914
3080451
3080607
3080621
3080641
3080749
3080752
3080761
3080785
3080821
3080827
3080830
3080850
3080922
3080928
3080947
3080983
3080986
3081058
3081064
3081074
3081106
3081111
3081141
3081157
3081192
3081216
3081223
3081275
3081280
3081287
3081293
3081311
3081379
3081416
3081515
3081517
3081529
3081539
3081545
3081568
3081579
3081653
3081685
3081723
3081779
3081805
3081826
3081834
3081850
3081875
3081876
3081940
3081969
3082004
3082012
3082069
3082107
3082123
3082324
3082386
3082430
3083167
3083177
3083190
3083191
3083316
3083327
3083328
3083346
3083398
3083442
3083449
3083471
3083537
3083543
3083571
3083575
3083601
3083633
3083649
3083676
3083678
3083694
3083698
3083796
3083798
3083814
3083843
3083879
3083881
3083895
3083984
3083993
3084007
3084018
3084080
3084083
3084088
3084096
3084159
3084176
3084236
3084250
3084256
3084288
3084349
3084351
3084375
3084383
3084456
3084529
3084584
3084617
3084620
3084625
3085758
3085766
3085843
3085855
3085968
3085976
3085985
3086007
3086052
3086054
3086101
3086104
3086135
3086139
3086207
3086238
3086299
3086307
3086335
3086394
3086420
3086447
3086453
3086465
3086550
3086554
3086568
3086597
3086614
3086618
3086627
3086663
3086709
3086726
3086797
3086959
3087062
3087171
3087230
3087301
3087302
3088488
3088580
3088590
3088604
3088756
3088833
3088837
3088910
3088928
3088969
3089011
3089053
3089063
3089071
3089080
3089104
3089111
3089124
3089157
3089189
3089192
3089219
3089260
3089270
3089329
3089353
3089379
3089482
3089505
3089518
3089533
3089539
3089544
3089581
3089622
3089640
3089650
3089713
3089738
3089748
3089928
3089960
3089965
3089993
3090014
3090028
3091192
3091239
3091245
3091258
3091263
3091317
3091374
3091404
3091440
3091463
3091487
3091497
3091511
3091513
3091540
3091570
3091583
3091603
3091643
3091676
3091689
3091702
3091849
3091872
3091879
3091899
3091935
3091943
3091956
3091959
3091967
3092006
3092032
3092037
3092079
3092082
3092094
3092137
3092151
3092163
3092190
3092196
3092224
3092238
3092241
3092311
3092324
3092380
3092383
3092412
3092439
3092480
3092482
3092499
3092510
3092536
3092546
3092590
3092591
3092593
3092615
3092616
3092655
3092677
3092721
3092732
3092733
3092775
3092794
3092821
3092826
3092886
3092930
3093925
3093995
3094212
3094240
3094252
3094319
3094359
3094386
3094393
3094399
3094442
3094469
3094534
3094560
3094594
3094597
3094639
3094654
3094683
3094698
3094717
3094719
3094784
3094791
3094792
3094842
3094854
3094880
3094892
3094915
3094929
3095082
3095091
3095096
3095106
3095112
3095160
3095169
3095179
3095230
3095258
3095259
3095328
3095337
3095345
3095473
3095474
3096656
3096694
3096699
3096710
3096762
3096793
3096809
3096826
3096854
3096897
3096949
3096962
3096977
3096992
3097036
3097077
3097119
3097151
3097225
3097312
3097327
3097380
3097408
3097434
3097441
3097471
3097481
3097501
3097533
3097565
3097570
3097577
3097601
3097617
3097667
3097716
3097721
3097765
3097846
3097862
3097885
3097901
3097920
3097933
3097937
3098019
3098065
3098096
3098099
3098122
3098242
3098251
3098274
3098302
3098321
3098340
3099350
3099458
3099475
3099486
3099489
3099494
3099515
3099531
3099546
3099621
3099670
3099674
3099683
3099747
3099794
3099796
3099903
3099919
3099944
3099952
3099953
3099970
3100032
3100098
3100150
3100152
3100167
3100206
3100220
3100274
3100286
3100364
3100373
3100375
3100384
3100390
3100405
3100487
3100550
3100633
3100654
3100665
3100683
3100686
3100698
3100798
3100808
3100859
3100862
3101051
3101063
3101065
3101067
3102107
3102132
3102137
3102149
3102160
3102161
3102176
3102184
3102213
3102332
3102349
3102363
3102411
3102425
3102432
3102482
3102486
3102501
3102550
3102564
3102611
3102614
3102639
3102651
3102769
3102791
3102794
3102836
3102852
3102883
3102893
3102906
3102939
3102959
3102992
3102993
3103258
3103268
3103354
3103365
3103389
3103393
3103399
3103412
3103450
3103466
3103478
3103616
3104744
3104776
3104847
3104902
3104909
3104915
3104923
3104931
3104955
3104979
3105024
3105055
3105077
3105094
3105099
3105114
3105133
3105136
3105142
3105149
3105207
3105256
3105261
3105268
3105281
3105346
3105367
3105385
3105389
3105429
3105438
3105481
3105495
3105496
3105507
3105518
3105542
3105655
3105661
3105684
3105687
3105688
3105705
3105722
3105862
3105873
3105958
3105988
3106033
3106062
3106086
3106132
3106142
3106147
3106224
3106229
3106241
3106261
3106346
3107174
3107252
3107269
3107275
3107295
3107307
3107308
3107311
3107321
3107345
3107346
3107429
3107466
3107467
3107498
3107526
3107566
3107679
3107682
3107703
3107705
3107709
3107721
3107733
3107757
3107777
3107801
3107824
3107839
3107866
3108517
3108538
3108551
3108589
3108597
3108612
3108626
3108631
3108658
3108989
3108996
3109013
3109071
3109077
3109093
3109102
3109284
3109473
3110215
3110518
3110537
3110574
3110576
3110851
3110856
3110875
3110892
3110928
3110929
3110934
3110935
3110981
3111026
3111057
3111081
3111119
3111167
3111183
3111202
3111209
3111211
3111239
3111266
3111267
3111292
3111302
3111312
3111316
3111352
3111381
3111410
3111451
3111463
3111473
3111491
3111506
3111562
3111597
3111620
3111636
3111658
3111687
3111729
3111799
3111805
3111863
3111907
3111948
3111977
3112028
3112040
3112044
3112138
3112148
3113422
3113440
3113478
3113495
3113533
3113566
3113576
3113594
3113615
3113646
3113668
3113669
3113671
3113679
3113700
3113795
3113800
3113813
3113892
3113894
3113911
3113937
3113964
3113976
3113990
3114048
3114127
3114160
3114180
3114286
3114297
3114299
3114364
3114408
3114817
3114819
3115777
3115827
3115841
3115864
3115934
3115935
3116112
3116660
3116667
3117037
3117039
3117052
3117085
3117088
3117223
3117257
3117281
3117302
3117323
3117386
3117390
3117416
3117440
3117462
3117539
3117760
3117781
3117835
3117847
3117870
3117943
3117946
3117966
3118006
3118021
3118037
3118102
3118135
3118180
3118200
3118204
3118211
3118216
3118218
3118221
3118243
3118262
3118317
3118331
3118421
3118570
3118604
3118619
3118672
3119695
3119758
3119814
3119858
3119872
3119947
3119979
3119985
3120044
3120049
3120066
3120096
3120110
3120136
3120142
3120143
3120164
3120187
3120219
3120273
3120284
3120314
3120346
3120357
3120422
3120428
3120432
3120488
3120492
3120498
3120515
3120527
3120786
3120845
3120855
3120882
3120937
3120956
3120976
3121003
3121024
3121046
3121053
3121163
3121205
3121208
3121221
3121223
3121248
3121283
3122402
3122423
3122436
3122437
3122471
3122528
3122549
3122580
3122582
3122597
3122622
3122630
3122633
3122634
3122644
3122659
3122680
3122729
3122730
3122753
3122783
3122785
3122791
3122858
3122861
3122885
3122902
3122943
3122954
3122963
3123008
3123039
3123097
3123136
3123237
3123240
3123256
3123343
3123444
3123456
3123459
3123468
3123471
3123476
3123499
3123524
3123537
3123558
3123596
3123599
3123603
3123677
3123743
3123749
3123760
3123766
3123773
3123812
3123839
3123853
3123856
3123893
3123898
3123906
3123909
3123945
3123969
3124064
3124074
3124398
3125077
3125091
3125112
3125125
3125163
3125219
3125225
3125338
3125472
3125478
3125498
3125539
3125545
3125594
3125618
3125636
3125645
3125647
3125674
3125714
3125733
3125738
3125770
3125782
3125783
3125787
3125809
3125857
3125866
3125887
3125896
3125915
3125930
3125943
3125957
3125959
3125995
3126006
3126014
3126074
3126099
3126119
3126153
3126159
3126174
3126213
3126220
3126228
3126336
3126344
3126362
3126387
3126426
3126469
3126517
3126538
3126604
3126700
3126725
3126765
3126795
3126806
3126813
3127844
3127888
3127892
3127894
3127926
3127961
3127976
3127992
3127993
3128042
3128169
3128174
3128175
3128252
3128258
3128284
3128298
3128304
3128313
3128366
3128430
3128454
3128475
3128480
3128492
3128547
3128578
3128610
3128625
3128648
3128669
3128735
3128744
3128789
3128810
3128897
3128899
3128900
3128919
3128932
3128934
3128964
3128973
3128983
3129045
3129073
3129121
3129155
3129156
3129177
3129199
3129219
3129228
3129230
3129373
3130602
3130641
3130654
3130667
3130676
3130718
3130750
3130757
3130758
3130780
3130788
3130814
3130829
3130850
3130856
3130867
3130869
3130887
3130938
3130971
3130981
3131003
3131035
3131112
3131127
3131160
3131204
3131207
3131329
3131365
3131371
3131376
3131399
3131409
3131419
3131443
3131510
3131531
3131563
3131584
3131597
3131647
3131653
3131708
3131709
3131720
3131729
3131742
3131753
3131779
3131832
3131835
3131857
3131860
3131883
3131892
3131928
3131947
3131994
3131995
3132001
3132096
3132123
3132132
3132145
3132191
3132194
3132206
3133288
3133309
3133324
3133325
3133340
3133346
3133402
3133464
3133470
3133529
3133534
3133616
3133657
3133706
3133760
3133860
3133913
3133919
3133926
3133931
3133936
3134026
3134079
3134093
3134136
3134250
3134254
3134263
3134285
3134294
3134373
3134392
3134400
3134443
3134446
3134458
3134483
3134498
3134530
3134558
3134575
3134644
3134703
3134729
3134733
3134777
3134835
3134842
3134861
3134896
3134902
3135938
3135945
3135959
3135989
3136125
3136157
3136160
3136164
3136174
3136206
3136269
3136270
3136292
3136306
3136334
3136416
3136429
3136460
3136500
3136518
3136824
3136829
3136858
3136891
3136937
3136956
3136994
3137030
3137036
3137040
3137063
3137065
3137074
3137102
3137154
3137164
3137185
3137233
3137278
3137347
3137356
3137374
3137379
3137488
3137507
3137530
3137553
3137571
3137682
3138823
3138825
3138841
3138940
3138952
3138954
3139021
3139046
3139049
3139069
3139081
3139264
3139267
3139297
3139316
3139323
3139330
3139345
3139381
3139435
3139462
3139468
3139490
3139546
3139552
3139556
3139562
3139563
3139567
3139616
3139643
3139659
3139668
3139672
3139769
3139868
3139892
3139903
3140007
3140031
3140058
3140233
3140237
3140285
3140303
3140355
3142152
3142221
3142229
3142310
3142359
3142403
3142458
3142481
3142561
3142590
3142788
3142801
3142812
3142859
3142898
3142908
3142941
3142965
3143069
3143172
3143218
3143235
3143262
3143410
3143472
3143623
3143653
3143695
3143784
3143794
3143807
3143870
3143885
3143899
3143972
3143975
3143977
3144167
3144177
3144185
3144252
3144258
3144260
3144325
3144504
3144782
3144867
3144986
3144988
3147159
3147179
3147322
3147372
3147679
3147727
3147752
3147759
3147807
3148103
3148112
3148192
3148206
3148255
3148318
3148320
3148415
3148417
3148632
3148652
3148779
3148809
3148930
3148968
3149022
3149083
3149102
3149108
3149256
3149277
3149279
3149339
3149368
3149527
3149544
3149729
3149737
3149882
3149919
3149986
3150005
3150022
3150227
3150229
3150250
3150348
3152376
3152419
3152502
3152521
3152628
3152634
3152665
3152765
3152799
3152811
3152812
3152830
3152866
3152908
3152989
3152996
3153124
3153334
3153344
3153359
3153468
3153589
3153690
3153730
3153792
3153826
3153870
3154089
3154097
3154145
3154154
3154241
3154264
3154266
3154289
3154329
3154345
3154369
3154435
3154437
3154477
3154517
3154563
3154585
3154595
3154726
3154913
3154969
3155018
3155023
3155038
3155132
3155165
3155171
3155223
3155232
3155263
3156350
3156411
3156423
3156439
3156461
3156493
3156508
3156513
3156514
3156518
3156534
3156544
3156620
3156637
3156658
3156679
3156686
3156736
3156744
3156816
3156827
3156832
3156879
3156955
3157009
3157021
3157052
3157168
3157214
3157267
3157296
3157371
3157401
3157503
3157509
3157581
3157588
3157599
3157607
3157626
3157638
3157674
3157679
3157739
3157748
3157809
3157821
3157822
3157831
3157861
3157944
3157970
3159273
3159306
3159308
3159317
3159328
3159339
3159349
3159360
3159365
3159367
3159381
3159422
3159521
3159568
3159656
3159672
3159715
3159724
3159764
3159767
3159808
3159823
3159871
3159880
3159881
3159885
3159894
3159907
3159914
3159930
3159947
3159963
3159972
3159999
3160034
3160074
3160102
3160148
3160180
3160195
3160210
3160241
3160251
3160289
3160337
3160354
3160356
3160365
3160479
3160490
3160518
3160523
3160549
3160573
3160581
3160599
3160640
3160682
3160701
3160805
3160828
3160829
3161865
3161870
3161943
3161986
3162123
3162141
3162179
3162209
3162309
3162317
3162337
3162351
3162356
3162380
3162406
3162426
3162456
3162473
3162498
3162538
3162546
3162649
3162676
3162693
3162697
3162702
3162709
3162748
3162750
3162758
3162818
3162964
3162967
3162997
3163016
3163021
3163029
3163033
3163043
3163108
3163144
3163152
3163222
3163230
3163243
3163296
3163310
3163343
3163347
3163362
3163370
3163394
3163416
3163421
3163456
3164588
3164708
3164768
3164799
3164810
3164817
3164874
3164876
3164901
3164910
3164939
3164940
3164971
3165013
3165023
3165027
3165096
3165125
3165139
3165168
3165189
3165196
3165203
3165232
3165239
3165255
3165264
3165308
3165330
3165345
3165357
3165369
3165383
3165436
3165439
3165495
3165496
3165498
3165503
3165527
3165583
3165598
3165616
3165654
3165800
3165812
3165828
3165877
3165884
3165887
3165897
3165901
3165927
3165995
3166108
3166113
3166147
3167352
3167407
3167490
3167495
3167516
3167529
3167533
3167606
3167618
3167633
3167644
3167646
3167669
3167696
3167722
3167851
3167855
3167890
3167896
3167914
3167920
3167930
3167944
3167960
3167966
3167973
3168022
3168114
3168120
3168123
3168128
3168132
3168191
3168214
3168235
3168275
3168292
3168304
3168306
3168329
3168368
3168381
3168401
3168409
3168433
3168440
3168490
3168530
3168598
3168607
3168694
3168699
3168729
3168730
3168762
3168806
3168830
3168832
3168857
3168899
3168905
3168929
3168932
3168937
3168950
3168955
3170076
3170137
3170146
3170172
3170182
3170204
3170262
3170315
3170337
3170345
3170349
3170361
3170376
3170389
3170421
3170475
3170500
3170516
3170534
3170559
3170583
3170597
3170659
3170662
3170666
3170704
3170755
3170769
3170857
3170875
3170924
3170947
3170992
3171097
3171116
3171150
3171181
3171182
3171190
3171209
3171217
3171224
3171254
3171273
3171282
3171382
3171390
3171407
3171433
3171458
3171462
3171530
3171555
3171566
3172910
3172914
3172927
3173014
3173113
3173129
3173148
3173174
3173204
3173216
3173252
3173281
3173283
3173315
3173346
3173392
3173402
3173423
3173448
3173453
3173470
3173544
3173564
3173569
3173579
3173614
3173632
3173745
3173749
3173752
3173873
3173882
3173895
3173899
3173912
3173945
3173977
3174008
3174109
3174132
3174157
3174161
3174192
3174210
3174211
3174219
3174223
3174308
3174313
3174321
3174346
3174355
3175596
3175638
3175681
3175687
3175729
3175753
3175778
3175796
3175820
3175873
3175895
3175929
3176007
3176027
3176035
3176043
3176062
3176063
3176108
3176116
3176118
3176125
3176192
3176208
3176242
3176271
3176274
3176303
3176329
3176335
3176450
3176460
3176496
3176504
3176509
3176510
3176521
3176528
3176575
3176589
3176597
3176685
3176693
3176699
3176767
3176805
3176858
3176864
3176905
3176952
3176970
3176976
3177035
3177036
3177070
3177163
3178297
3178341
3178345
3178419
3178438
3178440
3178494
3178516
3178522
3178529
3178532
3178577
3178620
3178623
3178631
3178659
3178683
3178710
3178735
3178788
3178811
3178877
3178879
3178903
3178944
3178952
3178959
3178964
3179007
3179014
3179023
3179030
3179058
3179120
3179132
3179155
3179185
3179192
3179199
3179206
3179217
3179283
3179416
3179485
3179506
3179510
3179531
3179566
3179609
3179612
3179628
3179665
3179685
3179691
3179727
3179754
3179792
3179797
3179806
3179819
3179926
3181114
3181135
3181176
3181238
3181352
3181356
3181401
3181408
3181480
3181482
3181484
3181504
3181555
3181566
3181575
3181608
3181616
3181638
3181666
3181697
3181754
3181763
3181818
3181822
3181828
3181845
3181867
3181906
3181916
3181979
3182005
3182011
3182030
3182031
3182037
3182082
3182136
3182164
3182174
3182214
3182235
3182257
3182312
3182349
3182375
3182395
3182433
3182438
3182456
3182468
3182474
3182496
3182527
3182539
3182547
3182551
3182577
3182606
3182676
3183850
3183851
3183857
3183868
3183905
3183995
3184033
3184049
3184099
3184101
3184131
3184132
3184162
3184166
3184169
3184194
3184199
3184200
3184204
3184224
3184235
3184236
3184246
3184255
3184303
3184325
3184391
3184410
3184419
3184428
3184442
3184451
3184459
3184467
3184492
3184507
3184572
3184589
3184615
3184641
3184678
3184771
3184779
3184782
3184808
3184834
3184847
3184898
3184922
3185010
3185043
3185047
3185095
3185119
3185130
3185174
3185201
3185223
3185319
3185322
3185323
3185333
3185382
3186576
3186581
3186618
3186636
3186661
3186675
3186691
3186701
3186765
3186820
3186832
3186954
3187007
3187030
3187058
3187074
3187089
3187122
3187134
3187194
3187243
3187248
3187316
3187372
3187378
3187409
3187450
3187460
3187488
3187500
3187532
3187538
3187557
3187617
3187656
3187664
3187688
3187695
3187698
3187709
3187715
3187744
3187747
3187768
3187806
3187859
3187869
3187895
3187967
3189230
3189251
3190246
3190266
3190413
3190424
3190458
3190511
3190713
3190745
3190816
3190861
3191954
3191970
3192020
3192400
3192515
3192551
3192559
3192574
3192575
3192580
3192740
3192746
3192769
3192811
3192820
3192918
3192931
3192944
3192945
3193206
3193291
3193509
3193533
3193625
3193627
3193630
3194699
3194712
3194796
3194840
3194843
3194909
3194936
3195107
3195170
3195295
3195341
3195387
3195445
3195461
3195473
3195476
3195483
3195486
3195499
3195507
3195534
3195554
3195558
3195565
3195623
3195630
3195638
3195676
3195684
3195698
3195770
3195777
3195785
3195817
3195846
3195872
3195874
3195941
3195971
3195980
3196026
3196073
3196088
3196091
3196114
3196148
3196173
3196191
3196194
3196209
3196307
3196308
3196316
3196319
3196320
3196331
3196396
3197644
3197661
3197792
3197828
3198264
3198287
3198293
3198394
3198457
3198461
3198574
3198744
3198948
3198951
3198980
3198985
3199022
3199252
3199259
3199352
3199577
3199652
3199659
3199738
3199776
3199814
3199854
3199906
3199969
3199973
3199981
3200110
3200328
3200342
3200437
3200458
3200472
3200581
3200598
3200609
3200628
3200656
3200671
3202923
3202991
3203024
3203059
3203083
3203101
3203129
3203169
3203250
3203261
3203279
3203296
3203427
3203440
3203872
3203876
3203889
3203947
3204021
3204039
3204046
3204105
3204237
3204310
3204316
3204332
3204364
3204443
3204462
3208374
3208580
3208619
3208621
3209293
3211013
3213586
3213608
3213623
3213789
3213877
3214019
3214077
3214137
3214204
3214239
3214256
3214260
3214311
3214330
3214361
3214431
3214525
3214528
3214552
3214751
3214835
3214881
3214916
3214927
3214935
3214947
3215134
3215250
3215342
3215377
3215416
3215426
3215459
3215461
3215465
3215490
3215538
3215598
3215606
3215607
3215774
3215925
3216048
3216113
3216167
3216196
3216323
3216332
3216334
3216376
3216495
3216519
3218729
3218773
3218842
3218890
3218907
3218935
3219136
3219157
3219239
3219264
3219280
3219287
3219343
3219395
3219448
3219548
3219669
3219727
3219863
3219922
3219932
3219938
3219953
3220075
3220089
3220097
3220146
3220233
3220235
3220324
3220402
3220412
3220494
3220569
3220601
3220663
3220699
3220720
3220722
3220739
3220789
3220800
3220837
3220864
3220883
3220898
3220934
3220959
3220979
3221003
3221015
3221044
3221047
3221057
3221136
3221341
3221343
3221520
3221537
3221572
3221649
3221671
3221764
3221778
3221780
3221789
3223803
3223992
3224023
3224067
3224073
3224127
3224175
3224357
3224572
3224720
3224728
3224734
3224763
3224841
3224891
3224914
3224918
3224921
3224927
3224952
3224968
3224984
3224997
3225122
3225175
3225249
3225297
3225402
3225474
3225490
3225496
3225555
3225681
3225829
3225844
3225862
3225938
3225986
3226073
3226098
3226119
3226133
3226142
3226154
3226231
3226241
3226258
3226326
3226368
3226406
3226410
3226426
3226510
3226691
3226705
3226857
3226865
3226982
3227026
3227076
3227116
3228960
3229128
3229132
3229273
3229347
3229363
3229403
3229524
3229585
3229609
3229883
3229885
3229920
3229947
3229949
3230090
3230151
3230209
3230266
3230401
3230420
3230558
3230600
3230619
3230689
3230763
3230769
3230832
3230857
3230934
3230998
3231049
3231144
3231158
3231365
3231404
3231429
3231462
3231497
3231510
3231610
3231614
3231676
3231709
3231738
3231806
3231808
3231827
3231877
3231982
3232097
3232148
3232199
3234338
3234369
3234377
3234412
3234454
3234466
3234507
3234591
3234661
3234682
3234727
3234761
3234798
3234806
3234816
3234818
3234836
3234870
3234876
3234892
3234923
3234955
3234975
3235043
3235078
3235137
3235172
3235283
3235295
3235358
3235364
3235370
3235427
3235431
3235496
3235506
3235518
3235523
3235545
3235684
3235723
3235776
3235779
3235795
3235816
3235818
3235906
3235912
3235918
3235971
3235973
3235976
3236007
3236015
3236134
3236150
3236307
3236315
3236332
3236349
3236463
3236466
3236507
3236543
3236553
3236646
3236649
3236780
3236869
3236884
3236928
3237096
3237148
3237164
3237338
3239373
3239402
3239525
3239626
3239674
3239744
3239785
3239799
3239850
3239868
3239888
3239972
3240061
3240070
3240145
3240146
3240158
3240253
3240588
3240598
3240662
3240748
3240770
3240815
3240832
3240889
3240901
3240918
3240953
3240982
3241020
3241094
3241250
3241306
3241649
3241706
3241708
3241731
3241768
3241819
3241858
3241886
3241896
3241911
3241942
3241944
3242009
3242019
3242029
3242066
3242082
3242094
3242178
3242200
3242261
3242269
3242533
3244451
3244474
3244478
3244501
3244521
3244537
3244594
3244671
3244696
3244702
3244722
3244727
3244771
3244774
3244801
3244929
3244974
3245010
3245011
3245021
3245087
3245193
3245225
3245324
3245385
3245406
3245413
3245441
3245462
3245490
3245497
3245499
3245532
3245541
3245593
3245610
3245623
3245656
3245668
3245707
3245727
3245731
3245787
3245902
3245905
3245927
3245995
3246026
3246032
3246079
3247308
3247322
3247333
3247419
3247455
3247463
3247475
3247505
3247545
3247557
3247577
3247579
3247597
3247628
3247649
3247652
3247662
3247723
3247727
3247769
3247775
3247780
3247783
3247786
3247791
3247820
3247850
3247876
3247885
3247894
3247942
3247949
3247955
3247961
3247963
3248057
3248078
3248104
3248166
3248180
3248207
3248233
3248256
3248283
3248297
3248511
3248520
3248557
3248592
3248643
3248673
3248700
3248707
3248709
3248740
3249027
3249917
3249957
3249986
3250062
3250115
3250148
3250157
3250186
3250212
3250261
3250396
3250426
3250450
3250542
3250561
3250575
3250610
3250644
3250656
3250681
3250697
3250709
3250772
3250779
3250785
3250831
3250862
3250874
3250896
3250919
3251036
3251062
3251112
3251131
3251185
3251207
3251226
3251282
3251320
3251328
3251431
3251561
3251610
3252729
3252862
3252978
3252991
3253034
3253054
3253351
3253353
3253387
3253388
3253414
3253442
3253443
3253460
3253520
3253558
3253560
3253636
3253659
3253689
3253718
3253812
3253844
3253885
3253900
3253908
3253909
3253947
3254006
3254044
3254063
3254071
3254114
3254164
3254223
3255391
3255452
3255509
3255543
3255585
3255609
3255615
3255627
3255634
3255653
3255693
3255743
3255745
3255747
3255752
3255835
3255857
3255867
3255928
3255937
3255940
3255955
3255974
3256040
3256072
3256220
3256285
3256299
3256308
3256309
3256337
3256340
3256377
3256434
3256453
3256467
3256478
3256493
3256505
3256559
3256570
3256603
3256620
3256627
3256644
3256753
3256762
3256871
3256877
3256946
3256970
3258065
3258121
3258136
3258142
3258237
3258247
3258276
3258300
3258327
3258350
3258400
3258420
3258424
3258425
3258495
3258516
3258525
3258546
3258568
3258607
3258624
3258685
3258709
3258824
3258830
3259104
3259130
3259177
3259183
3259210
3259214
3259242
3259310
3259361
3259386
3259537
3259566
3259576
3259628
3259642
3259647
3259662
3259683
3259785
3260881
3260926
3261010
3261089
3261093
3261095
3261553
3261570
3261579
3261614
3261617
3261648
3261669
3261683
3261691
3261712
3261714
3261720
3261736
3261817
3261919
3261922
3261986
3261987
3262017
3262029
3262118
3262119
3262163
3262209
3262212
3262285
3262336
3262344
3262504
3262749
3263663
3263697
3263787
3263816
3263839
3263846
3263882
3263895
3263928
3263948
3263957
3263985
3263999
3264019
3264047
3264102
3264131
3264143
3264148
3264157
3264159
3264173
3264174
3264273
3264295
3264310
3264347
3264396
3264437
3264449
3264458
3264554
3264556
3264597
3264628
3264707
3264716
3264785
3264890
3264900
3264947
3264970
3264982
3264988
3265003
3265011
3265013
3265114
3265203
3265283
3265301
3265455
3265470
3265473
3265485
3265671
3265724
3265769
3265784
3265811
3265903
3265920
3265930
3265934
3265940
3265942
3265964
3268130
3268205
3268213
3268244
3268310
3268312
3268367
3268485
3268522
3268579
3268666
3268807
3268809
3268855
3269025
3269027
3269152
3269332
3269337
3269355
3269384
3269386
3269425
3269450
3269471
3269475
3269508
3269514
3269617
3269619
3269748
3269822
3269824
3269826
3269910
3269912
3269929
3269936
3269959
3270001
3270019
3270027
3270032
3270044
3270048
3270063
3270083
3270225
3270317
3270332
3270353
3270529
3270544
3270584
3270654
3270702
3270824
3270849
3270851
3270989
3271193
3271216
3273366
3273503
3273517
3273521
3273598
3273606
3273699
3273711
3273740
3273826
3273868
3273893
3273905
3273961
3274007
3274009
3274019
3274046
3274067
3274120
3274149
3274233
3274310
3274454
3274495
3274623
3274632
3274677
3274754
3274800
3274827
3274831
3274833
3274837
3274857
3274946
3274989
3275050
3275108
3275132
3275155
3275165
3275205
3275217
3275250
3275256
3275350
3275366
3275391
3275603
3275691
3275825
3275921
3276031
3276107
3276203
3278717
3322243
3323060
3323377
3323988
3324037
3324050
3330479
3330706
3331279
3331549
3331582
3332416
3332447
3334719
3334782
3334842
3334870
3335444
3335647
3335651
3336074
3336105
3336140
3336318
3341683
3341689
3341692
3341694
3341711
3341760
3341798
3341837
3341948
3341968
3341972
3342060
3342061
3342078
3342101
3342104
3342118
3342146
3342166
3342203
3342215
3342305
3342361
3342401
3342402
3342423
3342491
3342499
3342538
3342566
3342570
3342573
3342575
3342686
3342692
3342698
3342744
3342765
3342766
3342769
3342825
3342841
3342883
3343057
3343080
3343082
3343105
3343124
3343130
3343178
3343199
3343273
3343274
3343279
3343287
3343308
3343330
3343351
3343450
3343603
3343647
3343664
3343695
3343744
3343835
3343897
3343931
3343935
3343948
3343992
3344017
3344056
3344087
3344112
3344150
3344154
3344193
3344234
3344244
3344259
3344272
3344325
3344456
3344462
3344473
3344515
3344521
3344590
3344602
3344631
3344637
3344638
3344656
3344701
3344725
3344739
3344795
3344807
3344824
3344862
3344864
3344891
3344956
3345072
3345091
3345111
3345160
3345217
3345234
3345239
3345248
3345263
3345268
3345286
3345413
3345466
3345529
3345586
3345599
3345638
3345654
3345667
3345765
3345786
3345797
3345798
3345859
3345876
3345913
3346035
3346125
3346198
3346221
3346222
3346239
3346258
3346271
3346318
3346330
3346364
3346375
3346456
3346513
3346569
3346653
3346710
3346716
3346731
3346766
3346798
3346853
3346892
3346904
3346908
3347003
3347193
3347219
3347265
3347305
3347337
3347348
3347356
3347357
3347393
3347396
3347403
3347473
3347500
3347514
3347566
3347633
3347635
3347669
3347673
3347808
3347886
3347893
3347894
3347909
3348095
3348150
3348154
3348185
3348232
3349004
3350858
3351802
3351812
3351828
3351885
3351953
3351977
3351998
3352022
3352034
3352044
3352087
3352106
3352137
3352150
3352167
3352207
3352355
3352376
3352507
3352571
3352598
3352601
3352604
3352652
3352673
3352725
3352742
3352743
3352767
3352770
3352801
3352809
3352856
3352895
3352955
3353059
3353061
3353068
3353098
3353105
3353121
3353165
3353378
3353402
3353404
3353412
3353428
3353474
3353503
3353550
3353558
3353561
3353562
3353571
3353578
3353604
3353633
3353638
3353727
3353755
3353778
3353834
3353866
3353870
3353894
3353903
3353905
3353912
3353926
3353935
3353954
3353991
3354013
3354020
3354058
3354103
3354126
3354199
3354248
3354490
3354524
3354529
3354554
3354572
3354599
3354610
3354618
3354648
3354663
3354696
3354717
3354764
3354765
3354771
3354802
3354856
3354882
3354890
3354901
3354902
3354983
3355010
3355074
3355114
3355142
3355392
3356330
3356509
3356845
3356943
3357065
3357197
3357548
3357591
3357603
3357650
3357662
3357669
3357713
3357760
3358254
3358477
3358569
3358621
3358676
3358696
3358751
3358837
3358857
3358924
3358950
3358984
3359005
3359013
3359034
3359060
3359114
3359140
3359141
3359155
3359166
3359179
3359221
3359234
3359287
3359302
3359354
3359446
3359462
3359495
3359521
3359590
3359654
3359760
3359763
3359846
3359848
3359890
3359908
3359985
3360042
3360056
3360062
3360172
3360173
3360203
3360235
3360241
3360244
3360247
3360256
3360266
3360323
3360329
3360334
3360341
3360350
3360455
3360569
3360621
3360644
3360656
3360659
3360755
3360763
3360766
3360802
3360849
3360863
3360873
3360881
3360882
3360962
3361117
3361131
3361220
3361265
3361269
3361303
3361305
3361412
3361426
3361492
3361507
3361518
3361536
3361572
3361588
3361590
3361771
3361804
3361819
3361840
3361905
3361924
3361964
3361998
3362383
3362548
3362790
3362882
3362989
3363019
3363121
3363132
3363182
3363185
3363210
3363251
3363444
3363484
3363508
3363555
3363558
3363666
3363891
3363929
3363962
3363971
3364024
3364034
3364046
3364168
3364178
3364182
3364264
3364301
3364341
3364397
3364421
3364428
3364507
3364545
3364549
3364575
3364581
3364591
3364594
3364848
3364865
3364894
3364913
3364931
3365010
3365089
3365124
3365174
3365204
3365215
3365229
3365237
3365275
3365297
3365328
3365332
3365384
3365392
3365427
3365445
3365522
3365588
3365613
3365648
3365654
3365657
3365773
3365796
3365886
3365910
3365931
3365939
3365951
3365966
3365980
3365990
3366014
3366088
3366125
3366131
3366136
3366155
3366185
3366245
3366281
3366295
3366307
3366327
3366439
3366461
3366483
3366511
3366540
3366635
3366659
3366664
3366695
3366696
3366717
3366766
3366776
3366793
3366802
3366823
3366902
3366929
3367103
3367151
3367170
3367191
3367197
3367204
3367285
3367292
3367293
3367375
3367393
3367442
3367520
3367532
3367556
3367583
3367586
3367652
3367663
3367691
3367711
3367745
3367776
3368019
3368064
3368082
3368155
3368186
3368216
3368272
3368289
3368321
3368360
3368379
3368388
3368413
3368436
3368451
3368489
3368597
3368795
3368836
3368894
3373604
3373653
3373663
3373750
3373753
3373817
3373849
3373909
3373922
3373947
3373949
3374043
3374117
3374141
3374173
3374183
3374221
3374227
3374272
3374341
3374350
3374405
3374461
3374480
3374550
3374574
3374598
3374643
3374805
3374826
3374842
3374882
3374934
3374970
3374971
3374976
3374986
3375051
3375065
3375080
3375082
3375098
3375101
3375193
3375195
3375257
3375268
3375284
3375304
3375362
3375383
3375385
3375489
3375552
3375584
3375591
3375606
3375613
3375644
3375678
3375682
3375688
3375702
3375742
3375746
3375765
3375801
3375817
3375833
3375870
3375890
3375908
3375949
3376042
3376168
3376178
3376239
3376308
3376376
3376398
3376410
3376419
3376435
3376463
3376474
3376479
3376494
3376572
3376574
3376608
3376626
3376632
3376686
3376784
3376793
3376813
3376824
3376870
3376872
3376918
3376965
3377082
3377088
3377090
3377233
3377376
3377391
3377473
3377477
3377508
3377523
3377605
3377648
3377658
3377710
3377714
3377753
3378123
3378128
3378136
3378193
3378253
3378265
3378304
3378313
3378364
3378380
3378419
3378425
3378494
3378545
3378576
3378594
3378596
3378600
3378810
3378840
3378883
3378884
3378892
3378934
3378962
3379094
3379107
3379143
3379188
3379244
3379248
3379328
3379366
3379405
3379445
3379465
3379675
3379719
3379747
3379844
3380103
3380325
3380374
3380428
3380432
3380453
3380520
3380533
3380549
3380583
3380720
3380762
3380766
3380907
3381121
3381178
3381186
3381280
3381284
3381336
3381427
3381553
3381637
3381680
3381721
3381732
3381759
3381952
3382009
3382284
3382321
3382408
3382448
3382570
3382598
3382880
3382884
3382924
3382993
3383032
3383036
3383072
3383096
3383112
3383379
3383383
3383399
3383403
3383619
3383851
3383926
3383971
3384048
3384110
3384155
3384264
3384269
3384459
3384576
3384692
3384696
3384810
3384847
3385000
3385091
3385114
3385138
3385149
3385160
3385262
3385263
3385279
3385291
3385427
3385600
3385608
3385640
3385676
3385683
3385834
3385836
3385847
3385892
3385921
3385949
3385993
3386019
3386022
3386062
3386115
3386160
3386211
3386213
3386249
3386260
3386263
3386275
3386327
3386418
3386426
3386430
3386439
3386447
3386482
3386483
3386529
3386569
3386588
3386591
3386641
3386645
3386650
3386668
3386686
3386749
3386802
3386820
3386833
3387000
3387076
3387086
3387092
3387225
3387249
3387267
3387407
3387426
3387427
3387517
3387554
3387629
3387675
3387746
3387794
3387802
3387820
3387843
3387869
3387880
3387896
3387900
3387931
3387942
3387958
3388017
3388054
3388169
3388178
3388183
3388185
3388192
3388362
3388373
3388447
3388534
3388537
3388547
3388624
3388628
3388634
3388652
3388800
3388852
3388853
3388869
3388876
3388881
3388975
3389016
3389017
3389028
3389044
3389047
3389048
3389057
3389088
3389091
3389111
3389201
3389205
3389245
3389265
3389285
3389330
3389352
3389457
3389498
3389514
3389568
3389576
3389619
3389660
3389693
3389702
3389769
3389789
3389804
3389808
3389941
3389978
3389982
3390014
3390057
3390137
3390186
3390211
3390273
3390283
3390317
3390412
3390578
3390665
3390814
3390818
3390957
3390962
3391073
3391312
3395232
3395269
3395300
3395345
3395356
3395371
3395462
3395473
3395478
3395506
3395538
3395540
3395615
3395632
3395702
3395722
3395804
3395928
3395946
3396073
3396128
3396155
3396201
3396202
3396225
3396226
3396230
3396306
3396314
3396384
3396385
3396428
3396447
3396455
3396461
3396463
3396483
3396517
3396547
3396583
3396618
3396635
3396677
3396684
3396697
3396730
3396784
3396816
3396821
3396863
3396909
3396921
3396932
3396967
3396968
3397005
3397007
3397053
3397082
3397100
3397104
3397112
3397122
3397178
3397206
3397211
3397244
3397283
3397296
3397337
3397392
3397397
3397450
3397458
3397470
3397563
3397743
3397783
3397838
3397858
3397932
3397962
3397986
3397989
3398016
3398134
3398171
3398206
3398212
3398252
3398281
3398324
3398386
3398402
3398457
3398542
3398557
3398590
3398621
3398930
3398952
3399109
3399131
3399170
3399212
3399375
3399456
3399619
3399667
3399670
3399710
3399981
3400013
3400044
3400060
3400142
3400194
3400272
3400292
3400299
3400373
3400422
3400477
3400566
3400583
3400608
3400668
3400747
3400758
3400950
3400979
3401010
3401062
3401101
3401105
3401146
3401154
3401238
3401260
3401279
3401334
3401383
3401569
3401649
3401657
3401699
3401853
