2979180
2979289
2979307
2979679
3034971
3035001
3035041
3035067
3035121
3035199
3035695
3035758
3035821
3035913
3035944
3036053
3036165
3036184
3036222
3036368
3036519
3036526
3038150
3038180
3038299
3038305
3038326
3038349
3038453
3038521
3038694
3038863
3038977
3038979
3039048
3039120
3039153
3040365
3040424
3040441
3040484
3040486
3040504
3040604
3040711
3040717
3040725
3040766
3041092
3041232
3041303
3041596
3041634
3041758
3041971
3043214
3043484
3043580
3043604
3043699
3043704
3043783
3043789
3043799
3043864
3043891
3044026
3044043
3044058
3044105
3044243
3044504
3044532
3044599
3044631
3045710
3045825
3045951
3045986
3046003
3046020
3046022
3046094
3046139
3046191
3046395
3046478
3046512
3046519
3046625
3046632
3046698
3046717
3046773
3046802
3046829
3046861
3047055
3047143
3047144
3047157
3047191
3047393
3048578
3048607
3048630
3048651
3048653
3048915
3049104
3049183
3049301
3049323
3049424
3049625
3049667
3049678
3049691
3049741
3049877
3049949
3051152
3051163
3051288
3051375
3051506
3051733
3051786
3051809
3051821
3051907
3051914
3051925
3051983
3052026
3052076
3052227
3052322
3052360
3052364
3052463
3052474
3052581
3052668
3052774
3052828
3052887
3052915
3052989
3053006
3053050
3053051
3053132
3053190
3053296
3053311
3053330
3053366
3053369
3054501
3054668
3054705
3054764
3054769
3054866
3054876
3054924
3055015
3055120
3055385
3055753
3055781
3055951
3055964
3056131
3056585
3056674
3056680
3056715
3056801
3056871
3056942
3056950
3056968
3057055
3057071
3057094
3057134
3057334
3057360
3057473
3059272
3059320
3059323
3059430
3059456
3059513
3059779
3059801
3059852
3059878
3060026
3060035
3060123
3060231
3061503
3061557
3061620
3061668
3061684
3061722
3061766
3061851
3061858
3061886
3062210
3062222
3062234
3062235
3062237
3062240
3062309
3062389
3062494
3062649
3062716
3062844
3062904
3062951
3062956
3062993
3063001
3063069
3063100
3063217
3063219
3064087
3064239
3064242
3064264
3064338
3064399
3064478
3064565
3064566
3064588
3064723
3064787
3064797
3064869
3064913
3064993
3065025
3065053
3065095
3065322
3065405
3065491
3065595
3065718
3066860
3066923
3066977
3066985
3066994
3067033
3067093
3067272
3067285
3067363
3067667
3067678
3067897
3067965
3068053
3068089
3068297
3068464
3068476
3069514
3069515
3069516
3069648
3069891
3069927
3069940
3069942
3069949
3069986
3070050
3070238
3070351
3070359
3070633
3072603
3072639
3072727
3072820
3073072
3073090
3073131
3073168
3073348
3073352
3073400
3073413
3073455
3073508
3073546
3073573
3073778
3073854
3074944
3074991
3074992
3075088
3075279
3075400
3075420
3075533
3075580
3075746
3075983
3076087
3076187
3076204
3076443
3076456
3076484
3077715
3077779
3077847
3077881
3077890
3078039
3078111
3078193
3078314
3078448
3078506
3078515
3078615
3078726
3078748
3078860
3078901
3078941
3078977
3079043
3079086
3079127
3079168
3079255
3079284
3079289
3079296
3080412
3080422
3080480
3080909
3080941
3080943
3080990
3081170
3081234
3081274
3081320
3081430
3081594
3081630
3081666
3081684
3081708
3081721
3081777
3081863
3081869
3081913
3081966
3081987
3082016
3082035
3082036
3083205
3083206
3083208
3083296
3083512
3083649
3083670
3083680
3083788
3083817
3083832
3083868
3083942
3084154
3084156
3084201
3084306
3084374
3084418
3084423
3084507
3084515
3084643
3084799
3085795
3086074
3086135
3086307
3086477
3086493
3086513
3086558
3086585
3086588
3086593
3086698
3086712
3086761
3086817
3086891
3086920
3086987
3087207
3087313
3087320
3087323
3088482
3088488
3088679
3088752
3088801
3088820
3088973
3088991
3089025
3089079
3089244
3089260
3089432
3089462
3089466
3089521
3089779
3089997
3090008
3090031
3090054
3090117
3091259
3091374
3091613
3091700
3091793
3091805
3091885
3091897
3091992
3092030
3092112
3092181
3092243
3092288
3092329
3092386
3092474
3092696
3092723
3092737
3092765
3093912
3093924
3094237
3094255
3094285
3094299
3094373
3094430
3094497
3094532
3094761
3094873
3095027
3095386
3095403
3095431
3095459
3095507
3096689
3096699
3096818
3096842
3096891
3096900
3096911
3096939
3097112
3097162
3097225
3097267
3097450
3097536
3097714
3097875
3097928
3097949
3097982
3097999
3098021
3098031
3098058
3098105
3098184
3098244
3099479
3099492
3099525
3099594
3099738
3099760
3099930
3099974
3099988
3100134
3100258
3100334
3100431
3100552
3100687
3100800
3100811
3100847
3100892
3101031
3102089
3102142
3102146
3102321
3102328
3102333
3102390
3102533
3102569
3102574
3102689
3102773
3102835
3103002
3103007
3103046
3103164
3103167
3103209
3103437
3103461
3103467
3103480
3103635
3103690
3104838
3105159
3105343
3105348
3105374
3105439
3105472
3105510
3105551
3105671
3105698
3105709
3105724
3105816
3105855
3105980
3106057
3106125
3106132
3106156
3106292
3106393
3107208
3107239
3107289
3107354
3107401
3107483
3107497
3107576
3107756
3107793
3107857
3108508
3108575
3108710
3108999
3109019
3109281
3110578
3110736
3110990
3111019
3111132
3111198
3111201
3111204
3111206
3111216
3111312
3111448
3111494
3111509
3111634
3111698
3111883
3112037
3112142
3113322
3113369
3113397
3113426
3113472
3113551
3113734
3113822
3113831
3113880
3114215
3114278
3114355
3114356
3114388
3114543
3115776
3115800
3117197
3117198
3117216
3117399
3117470
3117487
3117701
3117743
3118114
3118134
3118208
3118224
3118260
3118602
3119775
3119797
3119820
3119903
3119938
3120137
3120244
3120416
3120419
3120439
3120440
3120876
3120919
3121027
3121172
3121181
3122410
3122475
3122489
3122602
3122676
3122929
3123029
3123124
3123142
3123161
3123430
3123439
3123468
3123548
3123569
3123578
3123632
3123716
3123835
3123905
3123926
3123938
3124052
3124062
3124086
3125068
3125076
3125140
3125278
3125357
3125383
3125410
3125493
3125499
3125538
3125549
3125600
3125605
3125650
3125670
3125766
3126017
3126041
3126069
3126076
3126100
3126111
3126166
3126176
3126324
3126497
3126512
3126521
3126528
3126562
3126584
3126596
3126630
3126709
3127865
3128210
3128401
3128505
3128791
3128820
3128822
3128867
3128891
3129068
3129093
3129225
3129232
3129255
3129405
3129417
3130598
3130778
3130873
3130976
3131116
3131132
3131149
3131189
3131218
3131331
3131494
3131496
3131504
3131639
3131651
3131932
3131950
3132014
3132214
3133221
3133264
3133274
3133294
3133355
3133356
3133367
3133375
3133530
3133556
3133584
3134052
3134067
3134293
3134311
3134454
3134488
3134607
3134698
3134738
3134834
3134852
3134882
3135485
3136001
3136004
3136074
3136119
3136827
3137055
3137171
3137231
3137323
3137478
3137569
3137585
3139012
3139297
3139435
3139610
3139837
3139859
3139864
3139883
3139894
3139901
3139903
3140039
3140209
3140322
3140325
3142476
3142695
3142709
3142766
3142823
3143178
3143357
3143593
3143887
3144287
3144594
3144805
3144834
3144845
3147293
3147706
3147944
3147973
3148095
3148393
3148395
3148559
3148662
3148704
3148758
3148910
3149169
3149333
3149339
3150073
3150294
3152538
3152726
3152812
3152937
3153222
3153361
3153474
3153732
3154028
3154058
3154062
3154097
3154118
3154191
3154210
3154245
3154260
3154387
3154697
3154732
3154744
3154767
3155187
3156354
3156405
3156438
3156484
3156625
3156825
3157008
3157273
3157341
3157357
3157359
3157406
3157510
3157603
3157659
3157678
3157802
3157844
3157847
3159251
3159336
3159441
3159450
3159479
3159549
3159572
3159578
3159584
3159711
3159744
3159781
3159838
3160019
3160073
3160095
3160109
3160116
3160164
3160182
3160428
3160498
3160502
3160511
3160602
3160793
3160813
3161889
3161930
3162006
3162009
3162113
3162164
3162407
3162425
3162446
3162510
3162543
3162564
3162630
3162679
3162693
3162761
3163122
3163130
3163147
3163281
3163283
3163423
3164667
3164687
3164836
3164846
3164954
3164989
3165051
3165096
3165217
3165303
3165351
3165554
3165765
3166140
3166260
3167382
3167456
3167547
3167621
3167625
3167653
3167655
3167689
3167707
3167733
3168020
3168042
3168079
3168085
3168221
3168248
3168311
3168444
3168449
3168508
3168512
3168544
3168552
3168587
3168659
3168663
3168688
3168717
3168816
3168858
3168909
3169012
3170219
3170271
3170281
3170416
3170441
3170471
3170633
3170658
3170690
3170705
3170718
3170839
3170908
3171109
3171226
3171254
3171285
3171428
3171517
3171524
3171616
3172961
3172972
3173047
3173063
3173082
3173173
3173260
3173307
3173486
3173518
3173527
3173549
3173574
3173596
3173613
3173641
3173778
3173853
3173904
3173981
3174003
3174224
3174226
3174287
3174323
3174379
3174385
3175926
3176033
3176099
3176165
3176173
3176206
3176371
3176556
3176586
3176677
3176699
3176738
3176831
3176840
3177007
3177112
3178351
3178438
3178494
3178495
3178506
3178566
3178642
3178653
3178824
3178867
3178876
3179036
3179091
3179094
3179169
3179231
3179305
3179309
3179413
3179422
3179830
3179929
3181195
3181198
3181254
3181585
3181631
3181648
3181663
3181700
3181702
3182034
3182104
3182110
3182200
3182201
3182207
3182221
3182237
3182251
3182259
3182260
3182266
3182278
3182316
3182377
3182475
3182481
3182546
3182709
3183920
3183999
3184076
3184099
3184161
3184389
3184473
3184723
3184736
3184820
3184908
3185009
3185032
3185239
3185422
3186673
3186854
3186873
3187218
3187272
3187312
3187343
3187408
3187427
3187530
3187591
3187707
3187848
3187913
3187995
3188115
3190247
3190509
3190690
3190693
3190712
3191961
3192057
3192781
3192889
3193085
3193120
3193172
3193363
3194697
3194842
3195295
3195349
3195361
3195387
3195438
3195458
3195463
3195568
3195647
3195686
3195827
3195843
3195948
3196004
3196076
3196138
3196253
3196275
3196280
3196300
3197732
3197736
3198216
3198576
3198679
3198999
3199335
3199356
3200273
3200478
3200609
3202968
3203046
3203256
3203399
3203436
3203977
3204101
3204109
3204203
3204292
3204304
3204321
3204390
3204404
3208164
3208171
3208310
3208376
3208380
3208480
3208600
3208791
3209224
3209636
3210639
3211022
3213604
3213738
3213947
3214015
3214077
3214171
3214268
3214402
3214472
3214544
3214571
3214616
3214685
3215056
3215095
3215134
3215218
3215323
3215414
3215606
3215615
3215866
3216048
3216078
3216439
3216472
3216588
3218913
3218918
3219076
3219096
3219113
3219172
3219203
3219314
3219393
3219481
3219575
3219746
3219853
3219882
3220066
3220185
3220248
3220252
3220254
3220490
3220549
3220802
3220860
3220906
3220936
3220961
3221086
3221090
3221128
3221225
3221248
3221795
3223874
3224010
3224079
3224165
3224357
3224954
3225208
3225213
3225264
3225268
3225274
3225383
3225406
3225609
3225695
3225699
3225706
3225819
3226096
3226129
3226215
3226329
3226378
3226580
3226654
3226794
3227210
3228431
3229349
3229568
3229712
3229803
3229805
3229854
3230088
3230219
3230245
3230470
3230607
3231142
3231433
3231637
3231663
3231785
3231860
3231953
3231968
3232075
3232171
3234307
3234562
3234791
3234861
3234979
3234986
3235097
3235181
3235556
3235682
3235686
3235700
3236091
3236198
3236340
3236380
3236459
3236482
3236493
3236510
3236543
3236584
3236699
3236711
3236847
3236911
3236957
3237068
3237123
3237176
3237324
3239350
3239358
3239486
3239490
3239510
3239668
3239711
3239783
3239904
3240097
3240245
3240352
3240453
3240508
3240569
3240619
3240756
3240781
3240865
3241143
3241821
3241903
3242233
3242391
3244582
3244633
3244648
3244666
3244719
3244956
3245095
3245383
3245413
3245429
3245549
3245673
3245728
3245741
3245898
3246003
3247320
3247330
3247459
3247476
3247477
3247554
3247677
3247681
3247714
3247724
3247734
3247821
3247948
3248062
3248075
3248204
3248301
3248315
3248346
3248545
3248588
3248597
3248767
3249030
3249915
3250057
3250306
3250405
3250538
3250659
3250688
3250741
3250776
3250836
3250907
3250916
3250967
3251016
3251211
3251236
3251260
3251289
3251298
3251422
3252686
3252834
3253319
3253381
3253594
3253697
3253737
3253803
3253918
3253931
3253968
3253982
3253992
3254078
3255467
3255511
3255681
3255709
3255802
3255897
3255938
3255964
3256061
3256088
3256105
3256148
3256168
3256255
3256291
3256307
3256323
3256357
3256497
3256502
3256668
3256731
3256829
3256841
3256843
3256882
3256918
3258282
3258498
3258515
3258636
3259111
3259168
3259376
3259410
3259439
3259506
3259508
3259532
3259671
3261538
3261544
3261570
3261645
3261672
3261734
3261772
3261781
3261927
3262012
3262038
3262067
3262077
3262276
3262294
3262314
3262334
3262359
3262382
3262477
3263663
3263704
3263873
3263875
3263922
3264043
3264077
3264104
3264106
3264130
3264327
3264365
3264401
3264456
3264679
3265009
3265349
3265536
3265537
3265611
3265660
3265903
3267971
3268055
3268067
3268074
3268314
3268454
3268541
3268556
3268664
3269009
3269173
3269382
3269386
3269483
3269514
3269808
3269906
3270029
3270144
3270260
3270727
3270824
3271272
3273362
3273480
3273482
3273748
3273944
3274172
3274200
3274310
3274445
3274590
3275225
3275375
3275410
3275428
3275446
3275525
3275935
3276058
3276060
3278739
3322353
3322988
3323377
3323892
3324167
3330499
3330504
3331769
3332322
3332431
3334619
3334627
3334775
3335744
3336188
3341478
3341673
3341972
3341981
3342266
3342396
3342502
3342570
3343086
3343195
3343210
3343245
3343250
3343758
3343931
3343951
3343971
3344073
3344079
3344107
3344115
3344434
3344524
3344528
3344546
3344599
3344624
3344633
3344642
3344752
3345102
3345152
3345179
3345241
3345431
3345455
3345537
3345538
3345569
3345749
3345876
3345974
3345987
3346121
3346161
3346236
3346293
3346354
3346358
3346653
3346809
3346826
3347033
3347181
3347195
3347245
3347290
3347561
3347574
3347608
3347686
3347850
3347866
3347869
3347916
3348226
3350855
3351761
3351779
3351833
3352044
3352064
3352098
3352116
3352219
3352243
3352299
3352596
3352704
3352751
3352777
3352793
3352801
3352858
3352881
3352927
3353035
3353173
3353191
3353260
3353273
3353297
3353417
3353426
3353498
3353533
3353551
3353610
3353821
3353952
3354117
3354190
3354198
3354217
3354295
3354351
3354445
3354507
3354641
3354737
3354789
3354847
3354867
3354924
3355048
3356468
3356600
3357107
3357669
3357975
3358429
3358461
3358698
3358706
3358785
3358805
3358936
3358938
3358976
3359037
3359181
3359282
3359305
3359391
3359435
3359508
3359530
3359605
3359645
3359692
3359712
3359812
3360144
3360182
3360284
3360310
3360334
3360403
3360410
3360421
3360482
3360624
3360656
3360704
3360716
3360918
3361258
3361371
3361386
3361554
3361792
3362016
3362025
3362506
3362539
3362637
3362873
3362985
3363513
3363600
3363615
3363929
3364027
3364362
3364408
3364458
3364538
3364577
3364639
3364653
3364671
3364782
3364844
3364876
3364971
3365008
3365063
3365070
3365108
3365218
3365240
3365358
3365385
3365537
3365653
3365717
3365798
3365800
3365857
3365897
3365905
3366057
3366195
3366470
3366761
3366843
3366932
3367166
3367526
3367527
3367529
3367694
3367700
3367827
3368281
3368365
3368546
3368597
3373747
3373776
3373782
3373818
3374051
3374070
3374221
3374441
3374457
3374505
3374579
3374710
3374802
3374892
3375011
3375093
3375211
3375304
3375472
3375740
3375748
3375749
3376058
3376147
3376175
3376236
3376314
3376514
3376604
3376644
3376837
3376998
3377033
3377041
3377255
3377280
3377362
3377550
3377657
3377702
3377766
3377903
3378037
3378116
3378172
3378491
3378675
3378706
3378714
3378856
3379003
3379146
3379154
3379155
3379190
3379226
3379290
3379326
3379485
3379553
3379631
3379654
3379679
3380279
3381099
3381371
3381498
3381510
3382007
3382125
3382610
3382773
3382976
3383092
3383485
3383656
3383800
3383812
3383834
3384343
3384568
3384595
3384639
3384801
3384898
3385072
3385305
3385324
3385395
3385441
3385517
3385604
3385956
3386316
3386527
3386542
3386645
3386800
3386860
3386959
3386995
3387076
3387359
3387486
3387568
3387626
3387630
3387703
3387755
3387784
3387885
3388040
3388085
3388089
3388096
3388162
3388181
3388210
3388269
3388307
3388410
3388521
3388573
3388666
3388723
3388770
3388947
3389102
3389128
3389172
3389252
3389256
3389428
3389436
3389633
3389721
3390086
3390272
3390364
3390873
3391006
3395215
3395236
3395307
3395315
3395380
3395411
3395464
3395561
3395864
3396125
3396281
3396357
3396360
3396497
3396566
3396624
3396685
3396693
3396702
3396729
3396736
3396751
3396757
3396846
3396886
3396932
3397015
3397321
3397351
3397358
3397451
3397462
3397474
3397554
3397644
3397689
3397822
3397836
3397905
3397927
3398026
3398149
3398247
3398280
3398345
3398354
3398450
3398579
3398662
3398682
3398970
3399037
3399062
3399099
3399201
3399537
3400058
3400184
3400221
3400353
3400628
3400800
3400865
3400905
3401186
3402016
