2979743
3035166
3035816
3036232
3036363
3037897
3038720
3038754
3038756
3038758
3040844
3041005
3041091
3041725
3041815
3043445
3043802
3044019
3044248
3045734
3045921
3048982
3049143
3051540
3052229
3052528
3052729
3053125
3054465
3055324
3056014
3056704
3056853
3057087
3057561
3058710
3058918
3058977
3059272
3059870
3061446
3061559
3061635
3062107
3062365
3064186
3064534
3064755
3064872
3065424
3066961
3067206
3067278
3067333
3067725
3068151
3068404
3069515
3069778
3069872
3070589
3070635
3072761
3072814
3072857
3072930
3073310
3073842
3075054
3075160
3075293
3075387
3076308
3076371
3078124
3078243
3078628
3080781
3080785
3080841
3081016
3081105
3081111
3081208
3081573
3081928
3083592
3083602
3083765
3083928
3086187
3086214
3086352
3086363
3086499
3086504
3086633
3088486
3088659
3088673
3088905
3088948
3089049
3091407
3091428
3091745
3092190
3092210
3094327
3094447
3094569
3094773
3095096
3095100
3097016
3097126
3097481
3098105
3099557
3100065
3100182
3100750
3100801
3102279
3102448
3102537
3106323
3107626
3107980
3108517
3109001
3110735
3110851
3111208
3111278
3111607
3112006
3113390
3113491
3113541
3113810
3113820
3113901
3114472
3115879
3116124
3117284
3117449
3117558
3117923
3117947
3118025
3118596
3118648
3119794
3120085
3120460
3123208
3123392
3123479
3123545
3123601
3123672
3124387
3125129
3125323
3125946
3126122
3126167
3126185
3126190
3126240
3126326
3126383
3126644
3127844
3127972
3128439
3128592
3128615
3129131
3130944
3131377
3131400
3132114
3132147
3132156
3133224
3133516
3133679
3133818
3134082
3134224
3134535
3134537
3134859
3136197
3136219
3136272
3136582
3137542
3139384
3143876
3144502
3144610
3144986
3147314
3147773
3148337
3148893
3149104
3149788
3149956
3150003
3152328
3153531
3153537
3153859
3154064
3154254
3154298
3154651
3154894
3155188
3156370
3156453
3156585
3157069
3157492
3157822
3157936
3159788
3160457
3162581
3162923
3163014
3163088
3163300
3164810
3165505
3165855
3166117
3167469
3167936
3168038
3168041
3168058
3168228
3168304
3168418
3170440
3170485
3170773
3171208
3171278
3171610
3173100
3173410
3173538
3173701
3174083
3175774
3175976
3176061
3176110
3176296
3176381
3176426
3176720
3177042
3177073
3177123
3178775
3178911
3179098
3179205
3179440
3181512
3181916
3181943
3182047
3182070
3182269
3184019
3184061
3184090
3184362
3184448
3184726
3184907
3187353
3187470
3187775
3188033
3190741
3192727
3192728
3192850
3192940
3195011
3195567
3195830
3195902
3196083
3197730
3198293
3198925
3198942
3199362
3200071
3200102
3200521
3204092
3213935
3213959
3216559
3219334
3219836
3220435
3220812
3220841
3221615
3221679
3225377
3225881
3226175
3226420
3229446
3229484
3229634
3230086
3230488
3230511
3231400
3231522
3231597
3234750
3235141
3235245
3235769
3236124
3236466
3236534
3236780
3239844
3240375
3244982
3245339
3245369
3245712
3246059
3247408
3247475
3248043
3248060
3248288
3248731
3249977
3250458
3250486
3250964
3251351
3251506
3253875
3253947
3254005
3255477
3255675
3255875
3258126
3258241
3259427
3261050
3262017
3262303
3263889
3263967
3264267
3264904
3265223
3265297
3267961
3268250
3268641
3269563
3270003
3270847
3273602
3274404
3274653
3275229
3275681
3275817
3323554
3334555
3335440
3342168
3342187
3342297
3342413
3342883
3342962
3342994
3343865
3344189
3344219
3344242
3344345
3344706
3345163
3345199
3345210
3345906
3346102
3347850
3348007
3348119
3352240
3352333
3352788
3353146
3353676
3353722
3353929
3353973
3354099
3354178
3354478
3354926
3356841
3357509
3357752
3358096
3358397
3359173
3359335
3359352
3359423
3359481
3359685
3359762
3359808
3359858
3360232
3360245
3360547
3360834
3360866
3361205
3361303
3361886
3364048
3364504
3365303
3365337
3365526
3366152
3366512
3366674
3367801
3368590
3374005
3374221
3375058
3375325
3376737
3377278
3377591
3378227
3378365
3378423
3378960
3379837
3381273
3382628
3384269
3384503
3385478
3385962
3386159
3386316
3386487
3387192
3387246
3387272
3387887
3388335
3388629
3388773
3388964
3395312
3395769
3396139
3396608
3396780
3397510
3397619
3398465
3400563
3401318
