2979279
2979645
3035719
3036118
3036214
3036340
3036497
3037905
3038406
3038952
3039056
3039140
3040500
3040759
3040989
3041711
3043686
3043935
3044110
3044471
3044503
3045794
3045929
3046413
3046772
3046813
3046855
3046992
3047107
3047133
3047243
3047311
3048563
3049681
3049747
3051607
3052147
3052348
3052478
3052488
3052590
3052606
3052658
3052712
3052941
3052977
3054451
3054568
3054623
3055179
3055631
3056654
3056954
3056972
3057481
3059755
3060153
3060396
3060402
3061635
3062112
3062500
3062681
3064191
3064537
3064571
3064760
3065092
3065355
3065386
3065480
3067460
3067506
3067719
3067843
3067976
3068226
3070365
3071089
3072720
3072855
3072879
3073843
3075492
3075564
3075977
3076075
3076089
3076220
3076226
3076371
3076500
3078161
3078946
3079044
3080758
3081070
3081112
3081183
3081566
3081613
3081619
3082069
3083204
3083278
3083720
3083724
3083801
3083961
3084303
3084417
3084797
3085892
3086099
3086230
3086751
3086835
3086927
3088545
3088720
3089139
3089465
3091250
3091253
3091263
3091412
3091432
3091609
3091871
3092405
3093956
3094489
3094727
3094748
3094800
3095058
3095120
3095231
3096738
3097369
3099484
3100244
3100840
3102232
3102252
3102372
3102506
3102533
3102987
3103149
3103162
3104874
3105147
3106249
3107567
3109033
3110548
3111115
3111126
3111506
3111657
3111843
3114166
3114318
3117045
3117067
3117255
3117595
3117713
3118390
3119888
3120377
3120460
3120846
3121053
3122559
3122588
3123160
3123286
3123408
3123472
3123815
3125274
3125566
3126223
3126320
3126629
3128049
3128686
3128760
3128780
3131160
3131243
3131368
3131658
3131966
3133526
3133645
3133947
3134286
3134425
3134451
3134777
3136425
3136995
3137343
3138775
3139490
3139612
3140018
3140297
3143536
3144594
3145155
3147179
3147961
3147984
3148190
3148783
3149716
3152649
3153978
3154200
3154450
3154531
3154542
3154791
3155072
3156452
3156700
3156796
3157603
3157711
3159186
3160130
3160360
3160470
3160798
3162140
3162141
3162665
3162806
3164685
3164776
3164834
3164895
3165201
3165571
3165684
3165783
3166004
3167724
3168082
3168260
3168475
3168603
3168929
3170222
3170241
3170262
3170642
3170707
3170777
3171127
3172896
3173543
3173545
3174271
3175796
3176074
3176290
3176315
3176729
3176890
3176929
3178964
3181661
3181960
3182003
3184777
3185104
3185336
3187255
3187460
3187841
3188037
3190266
3192140
3192171
3192944
3193308
3195055
3195431
3195866
3195902
3197880
3200652
3200788
3203207
3203243
3204073
3204235
3204254
3208631
3213918
3214161
3214511
3214854
3215826
3215849
3216295
3218918
3219247
3219529
3219627
3220162
3220195
3220486
3220645
3220871
3224432
3225371
3226708
3229082
3229217
3230135
3230572
3232144
3235085
3236030
3236083
3236280
3236286
3236487
3237315
3239834
3244731
3244917
3245002
3245432
3247241
3247565
3248439
3250394
3250807
3251170
3253418
3253802
3254080
3255385
3255755
3255823
3255934
3256788
3258111
3258555
3259089
3261049
3261815
3261884
3261949
3261992
3262109
3262143
3262188
3263997
3265472
3265710
3268107
3269295
3269856
3270057
3270063
3270264
3270294
3270338
3270340
3270349
3271037
3274449
3274533
3275258
3275282
3275438
3275538
3275540
3276051
3276150
3323526
3331593
3336615
3342749
3342973
3343088
3343463
3343637
3344393
3345065
3345672
3346445
3347041
3347533
3347667
3347944
3350870
3350882
3351858
3351938
3352246
3352440
3352807
3352815
3352837
3353122
3353154
3353256
3353353
3353560
3353871
3353987
3354244
3357193
3358785
3358881
3358944
3359336
3359664
3359946
3360935
3361095
3361128
3361837
3362142
3362768
3363430
3364042
3365275
3365342
3365349
3365623
3365844
3365974
3366119
3366815
3366849
3366944
3367021
3368036
3368369
3373796
3373809
3373820
3374417
3374597
3374610
3375464
3375663
3376070
3376110
3376847
3376852
3377174
3378347
3378412
3378564
3379140
3383244
3383607
3384306
3384439
3384791
3385238
3385918
3386102
3386274
3386796
3386891
3387633
3387798
3387856
3388183
3388402
3389342
3389422
3390168
3390916
3395465
3396384
3396405
3396776
3396992
3397479
3397734
3397985
3398885
3399092
3399197
3399306
3400289
3401164
