3035069
3035122
3035151
3035178
3035208
3035237
3035269
3035353
3035692
3035720
3035750
3035777
3035805
3035833
3035862
3035889
3035917
3035944
3035970
3035998
3036059
3036088
3036114
3036146
3036174
3036200
3036229
3036271
3036303
3036332
3036358
3036387
3036438
3036467
3036502
3037689
3037870
3037903
3037940
3038040
3038135
3038163
3038193
3038225
3038253
3038280
3038310
3038345
3038373
3038401
3038431
3038462
3038490
3038517
3038547
3038575
3038601
3038628
3038654
3038683
3038710
3038739
3038770
3038798
3038824
3038852
3038878
3038905
3038931
3038957
3038984
3039013
3039043
3039070
3039097
3039125
3039152
3039178
3039207
3039257
3040376
3040403
3040429
3040463
3040491
3040520
3040551
3040577
3040606
3040633
3040661
3040691
3040718
3040745
3040775
3040817
3040846
3040873
3040899
3040929
3040955
3040983
3041009
3041037
3041064
3041091
3041117
3041144
3041170
3041197
3041226
3041253
3041282
3041319
3041346
3041378
3041419
3041448
3041474
3041505
3041548
3041574
3041603
3041638
3041668
3041698
3041725
3041754
3041780
3041815
3041931
3041972
3041998
3043110
3043185
3043214
3043243
3043298
3043331
3043358
3043385
3043413
3043442
3043469
3043495
3043525
3043554
3043582
3043611
3043638
3043665
3043692
3043718
3043748
3043774
3043800
3043826
3043853
3043887
3043913
3043940
3043968
3043998
3044026
3044059
3044086
3044112
3044139
3044167
3044194
3044223
3044249
3044391
3044418
3044447
3044474
3044508
3044601
3044632
3044673
3045695
3045724
3045751
3045778
3045804
3045832
3045864
3045891
3045918
3045944
3045974
3046003
3046032
3046059
3046086
3046115
3046143
3046170
3046197
3046224
3046251
3046279
3046305
3046334
3046360
3046386
3046412
3046438
3046464
3046492
3046536
3046566
3046594
3046620
3046648
3046675
3046702
3046729
3046755
3046783
3046809
3046838
3046864
3046895
3046923
3046952
3046981
3047008
3047035
3047064
3047091
3047120
3047147
3047173
3047203
3047229
3047255
3047296
3047329
3047387
3048419
3048463
3048492
3048519
3048548
3048587
3048616
3048652
3048680
3048712
3048742
3048772
3048830
3048856
3048884
3048913
3048942
3048969
3049002
3049030
3049057
3049085
3049111
3049140
3049166
3049192
3049219
3049245
3049272
3049299
3049328
3049354
3049397
3049425
3049457
3049485
3049515
3049542
3049569
3049598
3049639
3049666
3049695
3049723
3049750
3049776
3049843
3049872
3049944
3049974
3050000
3051152
3051221
3051259
3051290
3051321
3051349
3051376
3051407
3051448
3051479
3051508
3051541
3051568
3051596
3051625
3051651
3051700
3051728
3051754
3051782
3051809
3051835
3051864
3051908
3051939
3051965
3051992
3052020
3052051
3052079
3052121
3052148
3052176
3052209
3052235
3052264
3052290
3052319
3052347
3052375
3052403
3052431
3052457
3052486
3052514
3052548
3052580
3052606
3052635
3052661
3052690
3052717
3052744
3052773
3052800
3052829
3052857
3052884
3052910
3052942
3052969
3052997
3053023
3053049
3053076
3053103
3053130
3053157
3053187
3053226
3053252
3053279
3053306
3053343
3053373
3054440
3054469
3054500
3054538
3054565
3054593
3054623
3054653
3054679
3054710
3054738
3054767
3054795
3054836
3054872
3054907
3055015
3055041
3055067
3055106
3055246
3055330
3055358
3055520
3055623
3055747
3055800
3055848
3055908
3055955
3055990
3056019
3056104
3056599
3056625
3056651
3056679
3056706
3056733
3056761
3056797
3056825
3056854
3056881
3056909
3056939
3056965
3056992
3057019
3057048
3057075
3057102
3057131
3057158
3057193
3057221
3057252
3057285
3057311
3057338
3057367
3057393
3057419
3057447
3057473
3057505
3057531
3057560
3057589
3057624
3057657
3057692
3058704
3058733
3058777
3058807
3058847
3058874
3058917
3059006
3059114
3059265
3059325
3059431
3059465
3059491
3059519
3059552
3059579
3059607
3059637
3059666
3059692
3059719
3059747
3059773
3059801
3059832
3059858
3059885
3059972
3059998
3060032
3060060
3060095
3060124
3060152
3060178
3060204
3060231
3060257
3060286
3060313
3060340
3060366
3060394
3061410
3061460
3061486
3061538
3061610
3061638
3061664
3061691
3061718
3061744
3061770
3061797
3061841
3061867
3061896
3061923
3061951
3061978
3062005
3062031
3062057
3062086
3062113
3062142
3062169
3062197
3062224
3062251
3062277
3062304
3062332
3062359
3062386
3062414
3062441
3062468
3062497
3062533
3062560
3062588
3062617
3062645
3062673
3062703
3062734
3062776
3062809
3062842
3062877
3062913
3062945
3062972
3063000
3063026
3063069
3063100
3063138
3064086
3064194
3064231
3064260
3064289
3064319
3064347
3064377
3064404
3064459
3064488
3064516
3064545
3064572
3064599
3064629
3064656
3064682
3064709
3064736
3064767
3064794
3064821
3064851
3064877
3064903
3064932
3064959
3064985
3065011
3065037
3065064
3065090
3065311
3065357
3065386
3065412
3065438
3065464
3065490
3065516
3065547
3065575
3065606
3065672
3065722
3066811
3066868
3066897
3066933
3066960
3066988
3067015
3067042
3067069
3067100
3067131
3067157
3067195
3067224
3067254
3067285
3067314
3067343
3067374
3067402
3067429
3067456
3067487
3067514
3067548
3067575
3067604
3067631
3067658
3067687
3067714
3067754
3067811
3067841
3067870
3067896
3067922
3067954
3067981
3068009
3068036
3068063
3068104
3068132
3068177
3068210
3068237
3068263
3068298
3068324
3068363
3068389
3068416
3068443
3068470
3068559
3069529
3069585
3069646
3069674
3069765
3069841
3069867
3069893
3069920
3069947
3070050
3070168
3070240
3070322
3070358
3070402
3070433
3070477
3070519
3070558
3070595
3070643
3070792
3070858
3070928
3071063
3071119
3071204
3072247
3072402
3072465
3072493
3072524
3072552
3072630
3072659
3072694
3072721
3072750
3072779
3072805
3072833
3072861
3072891
3072917
3072945
3072971
3073009
3073038
3073064
3073096
3073126
3073154
3073181
3073259
3073289
3073325
3073358
3073386
3073414
3073442
3073471
3073500
3073527
3073554
3073583
3073613
3073640
3073669
3073745
3073781
3073810
3073837
3073864
3073891
3073919
3073953
3074940
3074972
3075000
3075040
3075067
3075094
3075120
3075146
3075174
3075203
3075235
3075262
3075290
3075348
3075378
3075407
3075436
3075468
3075503
3075530
3075558
3075605
3075632
3075682
3075708
3075735
3075765
3075792
3075819
3075855
3075882
3075908
3075935
3075963
3075991
3076019
3076046
3076073
3076108
3076136
3076166
3076192
3076219
3076274
3076302
3076333
3076364
3076393
3076445
3076473
3076501
3077651
3077688
3077718
3077759
3077787
3077814
3077841
3077867
3077898
3077924
3077952
3077979
3078026
3078058
3078112
3078140
3078174
3078210
3078237
3078266
3078292
3078319
3078348
3078376
3078403
3078430
3078457
3078483
3078511
3078539
3078567
3078596
3078623
3078652
3078688
3078714
3078742
3078768
3078795
3078822
3078851
3078880
3078914
3078942
3078969
3078997
3079026
3079054
3079080
3079108
3079134
3079161
3079191
3079225
3079259
3079286
3079312
3079372
3080395
3080424
3080464
3080533
3080560
3080588
3080614
3080647
3080676
3080754
3080795
3080825
3080853
3080886
3080916
3080944
3080975
3081002
3081028
3081070
3081096
3081128
3081162
3081192
3081221
3081248
3081284
3081317
3081353
3081390
3081432
3081500
3081533
3081560
3081586
3081613
3081641
3081668
3081709
3081739
3081767
3081793
3081821
3081847
3081875
3081903
3081931
3081960
3082002
3082030
3082088
3082133
3082476
3083133
3083191
3083217
3083245
3083273
3083310
3083336
3083364
3083394
3083420
3083452
3083491
3083518
3083546
3083573
3083603
3083629
3083657
3083686
3083714
3083741
3083767
3083794
3083820
3083863
3083890
3083918
3083946
3083993
3084021
3084068
3084094
3084122
3084149
3084177
3084212
3084241
3084267
3084295
3084324
3084361
3084394
3084420
3084448
3084476
3084515
3084542
3084576
3084607
3084637
3084697
3084753
3085752
3085805
3085861
3085906
3085951
3085984
3086014
3086041
3086070
3086096
3086124
3086151
3086177
3086205
3086231
3086260
3086287
3086317
3086343
3086369
3086395
3086422
3086449
3086479
3086508
3086534
3086565
3086592
3086620
3086647
3086676
3086706
3086738
3086764
3086813
3086839
3086867
3086895
3086926
3086955
3086982
3087010
3087038
3087074
3087109
3087169
3087241
3087280
3087322
3087392
3088494
3088532
3088571
3088598
3088632
3088660
3088688
3088715
3088741
3088769
3088797
3088824
3088852
3088880
3088907
3088937
3088968
3088995
3089024
3089051
3089080
3089107
3089134
3089162
3089189
3089220
3089247
3089275
3089301
3089327
3089371
3089438
3089464
3089499
3089528
3089558
3089586
3089631
3089660
3089689
3089715
3089741
3089771
3089798
3089826
3089854
3089891
3089935
3089967
3090003
3090031
3090073
3090140
3090167
3091239
3091266
3091298
3091329
3091376
3091409
3091437
3091482
3091512
3091559
3091586
3091616
3091644
3091679
3091707
3091736
3091765
3091793
3091821
3091849
3091876
3091902
3091929
3091960
3092004
3092032
3092059
3092088
3092130
3092157
3092186
3092216
3092243
3092269
3092295
3092321
3092348
3092374
3092403
3092429
3092457
3092485
3092512
3092538
3092564
3092594
3092622
3092650
3092676
3092704
3092734
3092762
3092791
3092819
3092850
3092877
3093124
3093919
3093947
3094088
3094167
3094227
3094253
3094281
3094308
3094334
3094361
3094388
3094415
3094443
3094470
3094497
3094530
3094557
3094586
3094642
3094669
3094696
3094724
3094750
3094781
3094815
3094846
3094872
3094904
3094932
3094958
3095060
3095091
3095117
3095157
3095191
3095226
3095256
3095284
3095310
3095337
3095365
3095393
3095423
3095451
3095482
3095510
3096677
3096703
3096731
3096760
3096791
3096820
3096846
3096882
3096912
3096939
3096972
3097000
3097032
3097058
3097085
3097113
3097139
3097167
3097194
3097221
3097249
3097276
3097306
3097332
3097358
3097385
3097412
3097439
3097466
3097492
3097519
3097546
3097573
3097603
3097630
3097667
3097696
3097724
3097757
3097809
3097842
3097870
3097898
3097926
3097952
3097984
3098012
3098040
3098067
3098093
3098123
3098177
3098206
3098242
3098269
3098299
3098416
3099346
3099380
3099409
3099438
3099466
3099494
3099522
3099550
3099578
3099609
3099641
3099671
3099699
3099736
3099765
3099806
3099852
3099888
3099926
3099954
3099990
3100021
3100050
3100118
3100155
3100185
3100213
3100244
3100272
3100305
3100333
3100363
3100389
3100421
3100448
3100477
3100503
3100530
3100559
3100587
3100614
3100645
3100673
3100702
3100729
3100756
3100783
3100810
3100839
3100867
3100894
3101030
3101057
3102080
3102107
3102133
3102162
3102188
3102217
3102245
3102272
3102299
3102326
3102353
3102382
3102408
3102441
3102474
3102501
3102529
3102559
3102586
3102616
3102645
3102671
3102700
3102727
3102754
3102794
3102832
3102860
3102889
3102917
3102952
3102982
3103009
3103036
3103150
3103194
3103231
3103257
3103288
3103316
3103347
3103373
3103400
3103426
3103452
3103481
3103508
3103535
3103574
3103614
3103674
3103700
3104752
3104791
3104862
3104896
3104924
3104952
3104980
3105007
3105034
3105064
3105094
3105123
3105150
3105179
3105207
3105233
3105261
3105288
3105315
3105344
3105375
3105401
3105428
3105456
3105487
3105514
3105543
3105571
3105598
3105626
3105658
3105684
3105714
3105743
3105772
3105826
3105854
3105881
3105907
3105934
3105964
3105992
3106021
3106047
3106086
3106129
3106155
3106207
3106236
3106263
3106297
3106324
3106355
3107186
3107214
3107242
3107270
3107298
3107328
3107359
3107387
3107414
3107440
3107468
3107496
3107526
3107555
3107581
3107620
3107655
3107686
3107713
3107740
3107772
3107799
3107837
3107863
3107892
3107982
3108017
3108486
3108513
3108544
3108570
3108598
3108624
3108651
3108678
3108708
3108745
3108946
3108978
3109006
3109034
3109061
3109089
3109116
3109267
3109298
3109464
3110509
3110535
3110563
3110604
3110658
3110750
3110832
3110858
3110885
3110913
3110940
3110968
3110998
3111028
3111059
3111099
3111128
3111154
3111182
3111208
3111235
3111268
3111298
3111325
3111369
3111395
3111422
3111450
3111476
3111503
3111532
3111560
3111587
3111613
3111643
3111674
3111702
3111734
3111764
3111801
3111828
3111858
3111887
3111914
3111943
3111972
3111999
3112027
3112056
3112156
3113306
3113332
3113361
3113387
3113413
3113440
3113468
3113495
3113522
3113548
3113575
3113601
3113629
3113658
3113685
3113718
3113745
3113771
3113798
3113831
3113883
3113910
3113936
3113965
3114006
3114034
3114060
3114151
3114184
3114241
3114283
3114313
3114353
3114404
3114453
3114484
3114547
3114680
3115777
3115816
3115851
3115887
3115943
3116109
3116667
3117037
3117065
3117095
3117193
3117223
3117251
3117278
3117305
3117337
3117369
3117397
3117424
3117450
3117477
3117542
3117569
3117643
3117669
3117696
3117723
3117759
3117791
3117846
3117874
3117906
3117936
3117964
3117994
3118023
3118050
3118077
3118106
3118133
3118167
3118202
3118231
3118267
3118304
3118334
3118362
3118388
3118417
3118447
3118474
3118540
3118567
3118597
3118640
3119690
3119734
3119760
3119786
3119812
3119841
3119868
3119898
3119927
3119954
3119981
3120012
3120045
3120073
3120099
3120131
3120176
3120204
3120230
3120257
3120285
3120319
3120353
3120379
3120409
3120435
3120463
3120489
3120515
3120542
3120698
3120816
3120869
3120895
3120922
3120950
3120977
3121003
3121032
3121063
3121106
3121132
3121158
3121188
3121214
3121242
3121271
3121339
3121805
3122375
3122416
3122444
3122470
3122499
3122526
3122553
3122582
3122608
3122638
3122665
3122692
3122721
3122750
3122780
3122807
3122833
3122861
3122889
3122917
3122943
3122975
3123008
3123036
3123064
3123094
3123121
3123147
3123175
3123202
3123249
3123276
3123305
3123333
3123364
3123393
3123420
3123454
3123481
3123508
3123535
3123563
3123590
3123617
3123645
3123683
3123710
3123739
3123767
3123795
3123826
3123856
3123883
3123910
3123940
3123968
3124016
3124042
3124069
3124096
3125070
3125098
3125130
3125159
3125197
3125236
3125264
3125292
3125320
3125347
3125376
3125415
3125452
3125479
3125506
3125535
3125562
3125590
3125616
3125642
3125668
3125694
3125722
3125749
3125777
3125805
3125833
3125859
3125887
3125915
3125942
3125968
3126000
3126028
3126055
3126083
3126110
3126138
3126166
3126196
3126225
3126253
3126281
3126308
3126336
3126363
3126391
3126424
3126451
3126480
3126509
3126535
3126563
3126591
3126618
3126647
3126673
3126699
3126729
3126775
3126816
3127819
3127857
3127889
3127919
3127945
3127972
3127998
3128026
3128053
3128080
3128111
3128137
3128165
3128192
3128221
3128251
3128281
3128308
3128335
3128363
3128391
3128428
3128461
3128491
3128521
3128561
3128599
3128625
3128652
3128679
3128706
3128734
3128760
3128788
3128817
3128845
3128873
3128900
3128927
3128954
3128980
3129008
3129034
3129060
3129089
3129117
3129147
3129174
3129200
3129227
3129254
3129312
3129365
3129404
3130602
3130630
3130657
3130686
3130715
3130742
3130771
3130813
3130840
3130869
3130899
3130926
3130955
3130983
3131010
3131039
3131075
3131117
3131145
3131174
3131205
3131232
3131261
3131305
3131332
3131359
3131389
3131419
3131446
3131479
3131507
3131534
3131560
3131586
3131614
3131640
3131669
3131695
3131721
3131752
3131782
3131809
3131838
3131866
3131895
3131922
3131948
3131975
3132002
3132028
3132067
3132095
3132123
3132151
3132181
3132207
3132234
3133229
3133282
3133316
3133343
3133371
3133413
3133475
3133501
3133527
3133555
3133582
3133612
3133639
3133666
3133694
3133721
3133762
3133789
3133818
3133847
3133874
3133903
3133932
3133958
3133988
3134014
3134041
3134068
3134096
3134124
3134151
3134178
3134206
3134239
3134266
3134295
3134335
3134394
3134421
3134450
3134477
3134507
3134541
3134577
3134608
3134635
3134662
3134689
3134718
3134746
3134774
3134805
3134833
3134861
3134887
3134913
3135938
3135974
3136011
3136044
3136074
3136101
3136128
3136158
3136184
3136215
3136241
3136268
3136294
3136322
3136349
3136376
3136403
3136429
3136456
3136483
3136510
3136539
3136566
3136595
3136826
3136852
3136878
3136904
3136932
3136961
3136989
3137019
3137045
3137074
3137101
3137130
3137159
3137192
3137227
3137257
3137285
3137313
3137345
3137377
3137403
3137437
3137463
3137491
3137517
3137544
3137572
3137604
3137703
3138823
3138868
3138926
3138956
3138995
3139023
3139050
3139077
3139104
3139242
3139290
3139321
3139351
3139384
3139434
3139465
3139491
3139528
3139559
3139588
3139615
3139646
3139673
3139717
3139837
3139869
3139904
3139939
3139971
3140003
3140030
3140064
3140093
3140210
3140246
3140279
3140307
3140334
3140370
3142152
3142205
3142262
3142339
3142389
3142447
3142518
3142571
3142621
3142674
3142730
3142782
3142828
3142870
3142920
3142969
3143025
3143075
3143183
3143237
3143290
3143350
3143408
3143462
3143518
3143567
3143622
3143674
3143724
3143773
3143822
3143876
3143928
3143973
3144051
3144197
3144260
3144306
3144356
3144409
3144469
3144530
3144583
3144635
3144687
3144741
3144793
3144845
3144896
3145000
3145052
3145105
3145161
3147152
3147203
3147259
3147311
3147363
3147417
3147583
3147685
3147740
3147803
3147857
3147967
3148083
3148135
3148190
3148240
3148290
3148343
3148395
3148454
3148507
3148559
3148609
3148664
3148718
3148774
3148826
3148877
3148928
3148978
3149028
3149081
3149135
3149187
3149237
3149291
3149360
3149427
3149490
3149541
3149607
3149696
3149748
3149923
3150045
3150212
3150308
3152358
3152446
3152515
3152605
3152657
3152713
3152765
3152814
3152872
3152925
3152983
3153037
3153087
3153143
3153193
3153246
3153296
3153349
3153401
3153456
3153543
3153594
3153686
3153788
3153864
3153987
3154043
3154105
3154168
3154221
3154277
3154337
3154390
3154440
3154490
3154542
3154595
3154647
3154701
3154756
3154806
3154859
3154909
3154959
3155016
3155043
3155069
3155101
3155129
3155157
3155184
3155211
3155293
3156360
3156423
3156452
3156479
3156506
3156533
3156584
3156616
3156645
3156672
3156701
3156728
3156756
3156800
3156826
3156870
3156920
3156955
3157009
3157049
3157081
3157117
3157144
3157171
3157199
3157225
3157256
3157282
3157309
3157337
3157363
3157390
3157416
3157450
3157476
3157504
3157536
3157563
3157589
3157617
3157644
3157673
3157699
3157727
3157755
3157783
3157810
3157837
3157863
3157893
3157921
3157950
3159181
3159248
3159275
3159301
3159328
3159358
3159385
3159411
3159438
3159468
3159497
3159526
3159553
3159582
3159610
3159636
3159665
3159698
3159727
3159754
3159780
3159810
3159840
3159868
3159895
3159923
3159951
3159978
3160006
3160032
3160060
3160088
3160115
3160142
3160170
3160197
3160227
3160254
3160281
3160309
3160336
3160364
3160392
3160421
3160448
3160474
3160502
3160532
3160559
3160585
3160615
3160644
3160678
3160708
3160802
3161860
3161890
3161920
3161950
3161977
3162003
3162031
3162075
3162101
3162129
3162159
3162187
3162213
3162240
3162271
3162297
3162327
3162355
3162391
3162417
3162446
3162474
3162501
3162530
3162556
3162583
3162612
3162639
3162667
3162693
3162719
3162762
3162789
3162817
3162846
3162877
3162904
3162933
3162983
3163010
3163036
3163063
3163089
3163118
3163144
3163173
3163203
3163230
3163261
3163293
3163321
3163350
3163376
3163412
3163441
3164588
3164674
3164708
3164764
3164793
3164821
3164849
3164878
3164904
3164933
3164959
3164987
3165021
3165051
3165081
3165113
3165147
3165175
3165202
3165230
3165257
3165286
3165317
3165345
3165371
3165398
3165425
3165452
3165479
3165505
3165533
3165559
3165587
3165616
3165643
3165671
3165712
3165752
3165788
3165817
3165844
3165873
3165901
3165933
3165964
3165997
3166024
3166062
3166091
3166121
3166149
3166184
3166265
3167369
3167397
3167431
3167459
3167486
3167516
3167543
3167571
3167600
3167627
3167654
3167681
3167710
3167742
3167770
3167798
3167827
3167855
3167884
3167914
3167941
3167969
3167996
3168022
3168048
3168075
3168103
3168131
3168187
3168217
3168244
3168270
3168297
3168324
3168351
3168377
3168405
3168435
3168461
3168491
3168519
3168545
3168571
3168597
3168625
3168653
3168680
3168708
3168735
3168761
3168788
3168817
3168845
3168873
3168909
3168935
3168964
3168991
3169017
3170132
3170164
3170214
3170242
3170271
3170300
3170333
3170361
3170388
3170417
3170443
3170472
3170503
3170530
3170558
3170584
3170614
3170654
3170680
3170707
3170734
3170760
3170786
3170812
3170846
3170874
3170902
3170930
3170957
3170984
3171013
3171064
3171122
3171151
3171178
3171204
3171230
3171259
3171286
3171313
3171339
3171366
3171398
3171426
3171454
3171483
3171516
3171557
3171594
3171620
3171654
3172876
3172904
3172932
3172960
3172987
3173013
3173042
3173068
3173095
3173124
3173150
3173177
3173207
3173234
3173262
3173288
3173315
3173343
3173370
3173397
3173445
3173472
3173498
3173531
3173557
3173583
3173612
3173640
3173666
3173696
3173724
3173751
3173777
3173804
3173835
3173863
3173889
3173915
3173941
3173968
3173994
3174023
3174051
3174083
3174110
3174138
3174175
3174208
3174234
3174262
3174300
3174328
3174356
3174383
3174462
3175488
3175624
3175687
3175737
3175771
3175820
3175849
3175877
3175919
3175949
3175977
3176003
3176033
3176059
3176085
3176111
3176138
3176164
3176192
3176219
3176257
3176285
3176312
3176338
3176369
3176396
3176423
3176450
3176480
3176507
3176538
3176570
3176598
3176628
3176655
3176681
3176709
3176736
3176762
3176802
3176828
3176855
3176882
3176909
3176935
3176976
3177004
3177031
3177064
3177092
3177119
3177147
3178302
3178340
3178429
3178457
3178483
3178511
3178546
3178573
3178600
3178626
3178653
3178682
3178714
3178741
3178772
3178798
3178825
3178860
3178888
3178915
3178942
3178971
3178997
3179024
3179052
3179078
3179106
3179133
3179159
3179188
3179214
3179244
3179271
3179298
3179330
3179357
3179389
3179418
3179445
3179471
3179497
3179526
3179552
3179578
3179605
3179634
3179665
3179691
3179717
3179751
3179778
3179816
3179856
3179932
3179959
3179986
3181116
3181154
3181196
3181237
3181267
3181303
3181348
3181381
3181407
3181435
3181469
3181500
3181532
3181560
3181587
3181613
3181647
3181673
3181701
3181729
3181760
3181814
3181842
3181876
3181906
3181941
3181974
3182011
3182047
3182074
3182104
3182132
3182161
3182188
3182215
3182247
3182276
3182304
3182331
3182359
3182385
3182415
3182441
3182472
3182499
3182550
3182581
3182616
3182660
3183818
3183867
3183896
3183924
3183951
3183981
3184008
3184039
3184067
3184094
3184123
3184150
3184177
3184204
3184232
3184258
3184284
3184312
3184340
3184367
3184393
3184421
3184451
3184482
3184511
3184537
3184563
3184591
3184617
3184644
3184672
3184698
3184726
3184752
3184779
3184808
3184835
3184863
3184890
3184920
3184951
3184977
3185004
3185031
3185058
3185087
3185114
3185141
3185169
3185197
3185227
3185253
3185282
3185336
3185453
3186568
3186601
3186629
3186658
3186685
3186714
3186748
3186831
3186876
3186999
3187026
3187052
3187079
3187111
3187154
3187182
3187208
3187235
3187263
3187291
3187318
3187364
3187391
3187417
3187447
3187475
3187502
3187529
3187555
3187584
3187611
3187638
3187664
3187690
3187718
3187744
3187772
3187812
3187848
3187879
3187906
3187936
3187981
3188009
3188036
3188063
3188093
3189252
3190249
3190288
3190410
3190436
3190472
3190505
3190686
3190740
3190766
3190820
3191957
3192061
3192161
3192331
3192432
3192499
3192556
3192629
3192719
3192750
3192777
3192803
3192831
3192858
3192886
3192913
3192941
3192972
3193075
3193101
3193130
3193157
3193201
3193274
3193364
3193463
3193543
3193641
3194725
3194793
3194840
3194870
3194911
3194948
3195012
3195081
3195121
3195158
3195188
3195226
3195293
3195320
3195349
3195376
3195403
3195431
3195458
3195485
3195511
3195538
3195565
3195598
3195626
3195654
3195681
3195707
3195742
3195773
3195800
3195828
3195855
3195896
3195931
3195960
3195988
3196018
3196045
3196074
3196104
3196132
3196159
3196193
3196220
3196267
3196298
3196331
3197644
3197703
3197790
3197872
3197967
3198042
3198117
3198212
3198295
3198363
3198440
3198492
3198588
3198731
3198881
3198978
3199043
3199148
3199264
3199324
3199562
3199688
3199795
3199868
3199979
3200050
3200181
3200275
3200388
3200451
3200498
3200545
3200583
3200640
3200694
3200790
3202946
3203016
3203048
3203088
3203139
3203188
3203233
3203285
3203430
3203891
3203947
3203996
3204048
3204096
3204145
3204200
3204248
3204296
3204348
3204399
3204462
3208197
3208324
3208374
3208424
3208503
3208555
3208608
3208726
3208785
3209118
3209172
3209293
3209499
3209747
3209831
3210640
3211013
3213344
3213642
3213698
3213766
3213821
3213877
3213932
3213984
3214035
3214087
3214143
3214196
3214254
3214305
3214361
3214421
3214472
3214528
3214579
3214630
3214683
3214737
3214800
3214854
3214906
3214961
3215011
3215062
3215113
3215180
3215236
3215292
3215348
3215402
3215453
3215503
3215563
3215613
3215668
3215718
3215777
3215832
3215882
3215937
3216016
3216065
3216119
3216162
3216210
3216259
3216306
3216358
3216408
3216468
3216535
3216586
3218729
3218882
3218960
3219019
3219080
3219132
3219188
3219239
3219291
3219345
3219441
3219496
3219548
3219600
3219650
3219704
3219753
3219811
3219863
3219917
3219971
3220025
3220079
3220135
3220189
3220241
3220316
3220396
3220452
3220505
3220555
3220609
3220659
3220711
3220766
3220816
3220869
3220921
3220971
3221024
3221080
3221130
3221186
3221240
3221294
3221351
3221403
3221454
3221506
3221580
3221642
3221698
3221754
3221814
3223887
3224014
3224067
3224121
3224287
3224428
3224522
3224680
3224747
3224802
3224854
3224906
3224962
3225015
3225116
3225169
3225227
3225287
3225346
3225402
3225461
3225516
3225568
3225619
3225681
3225742
3225802
3225856
3225917
3225977
3226031
3226085
3226137
3226187
3226239
3226289
3226339
3226399
3226453
3226507
3226565
3226615
3226684
3226736
3226782
3226869
3226988
3227034
3227089
3228964
3229101
3229155
3229226
3229276
3229357
3229407
3229457
3229509
3229556
3229606
3229658
3229705
3229750
3229801
3229858
3229912
3230051
3230100
3230157
3230211
3230272
3230422
3230488
3230556
3230609
3230660
3230713
3230763
3230818
3230872
3230973
3231025
3231078
3231144
3231200
3231263
3231317
3231369
3231425
3231477
3231545
3231604
3231657
3231713
3231773
3231823
3231875
3231926
3231976
3232069
3232121
3232173
3234295
3234346
3234398
3234456
3234505
3234554
3234601
3234648
3234687
3234736
3234789
3234836
3234890
3234946
3234998
3235047
3235103
3235154
3235208
3235260
3235318
3235372
3235429
3235487
3235537
3235589
3235644
3235692
3235732
3235772
3235807
3235839
3235885
3235935
3235992
3236042
3236092
3236126
3236159
3236211
3236263
3236315
3236368
3236453
3236507
3236561
3236617
3236669
3236732
3236782
3236834
3236884
3236934
3236988
3237043
3237106
3237164
3237226
3237346
3239348
3239408
3239469
3239521
3239618
3239674
3239729
3239779
3239845
3239900
3239960
3240012
3240065
3240115
3240167
3240219
3240269
3240322
3240375
3240432
3240482
3240533
3240584
3240639
3240692
3240744
3240801
3240875
3240926
3240980
3241031
3241086
3241141
3241194
3241248
3241302
3241376
3241491
3241542
3241629
3241687
3241741
3241796
3241847
3241897
3241954
3242011
3242064
3242117
3242172
3242225
3242373
3242426
3244438
3244482
3244511
3244538
3244566
3244594
3244631
3244667
3244693
3244724
3244751
3244779
3244808
3244836
3244864
3244891
3244919
3244956
3244986
3245026
3245052
3245080
3245107
3245160
3245222
3245324
3245351
3245381
3245420
3245457
3245492
3245520
3245556
3245586
3245615
3245643
3245672
3245699
3245727
3245755
3245784
3245810
3245838
3245865
3245894
3245923
3245949
3245976
3246003
3246032
3246084
3247211
3247309
3247341
3247402
3247433
3247470
3247514
3247553
3247580
3247608
3247635
3247661
3247689
3247715
3247742
3247771
3247797
3247824
3247850
3247877
3247903
3247951
3247977
3248004
3248036
3248062
3248088
3248115
3248144
3248171
3248197
3248223
3248252
3248279
3248308
3248338
3248367
3248411
3248440
3248472
3248499
3248528
3248555
3248583
3248633
3248667
3248696
3248722
3248754
3249143
3249933
3249961
3249989
3250031
3250057
3250084
3250110
3250138
3250165
3250191
3250219
3250246
3250274
3250301
3250327
3250353
3250388
3250416
3250465
3250491
3250520
3250555
3250582
3250608
3250636
3250665
3250691
3250720
3250755
3250782
3250811
3250839
3250866
3250895
3250924
3250961
3250989
3251017
3251045
3251074
3251102
3251129
3251159
3251188
3251216
3251243
3251272
3251299
3251325
3251352
3251382
3251409
3251463
3251492
3251520
3251570
3252686
3252812
3252864
3252967
3253037
3253121
3253170
3253319
3253385
3253426
3253453
3253533
3253560
3253588
3253624
3253661
3253689
3253716
3253742
3253769
3253797
3253823
3253850
3253878
3253907
3253933
3253960
3253988
3254015
3254042
3254071
3254106
3254133
3254159
3254194
3254222
3254273
3255387
3255424
3255461
3255494
3255524
3255555
3255589
3255615
3255642
3255669
3255698
3255727
3255757
3255812
3255840
3255873
3255902
3255932
3255958
3255984
3256017
3256044
3256071
3256097
3256126
3256152
3256205
3256231
3256268
3256298
3256326
3256355
3256382
3256408
3256436
3256464
3256492
3256518
3256545
3256574
3256600
3256628
3256655
3256682
3256709
3256735
3256764
3256791
3256820
3256851
3256881
3256924
3256950
3257077
3258070
3258113
3258156
3258233
3258260
3258286
3258315
3258342
3258369
3258398
3258425
3258454
3258497
3258524
3258551
3258577
3258605
3258632
3258663
3258707
3258794
3258820
3259095
3259139
3259166
3259195
3259224
3259252
3259311
3259341
3259369
3259399
3259426
3259453
3259481
3259508
3259537
3259581
3259607
3259638
3259670
3259726
3259804
3260882
3260919
3261003
3261037
3261065
3261091
3261533
3261561
3261588
3261615
3261646
3261673
3261702
3261730
3261758
3261784
3261812
3261839
3261867
3261895
3261922
3261953
3261984
3262010
3262038
3262065
3262091
3262119
3262146
3262173
3262202
3262228
3262257
3262289
3262320
3262365
3262394
3262483
3263613
3263693
3263722
3263770
3263806
3263834
3263860
3263888
3263914
3263941
3263970
3264000
3264027
3264056
3264090
3264119
3264146
3264177
3264207
3264234
3264265
3264291
3264318
3264344
3264370
3264396
3264425
3264451
3264482
3264535
3264585
3264636
3264699
3264754
3264806
3264859
3264914
3264966
3265017
3265073
3265124
3265182
3265234
3265303
3265359
3265414
3265470
3265518
3265562
3265623
3265677
3265742
3265807
3265935
3267963
3268051
3268103
3268157
3268207
3268258
3268308
3268361
3268412
3268462
3268539
3268616
3268729
3268857
3268987
3269069
3269219
3269314
3269380
3269432
3269485
3269538
3269585
3269638
3269691
3269743
3269800
3269854
3269906
3269963
3270017
3270067
3270123
3270208
3270271
3270349
3270428
3270487
3270562
3270704
3270835
3271006
3271071
3271245
3273360
3273527
3273577
3273635
3273689
3273744
3273801
3273859
3273909
3273980
3274033
3274089
3274147
3274200
3274258
3274313
3274391
3274443
3274493
3274547
3274600
3274657
3274708
3274762
3274817
3274877
3274928
3274985
3275048
3275102
3275159
3275213
3275266
3275321
3275379
3275438
3275495
3275548
3275605
3275661
3275712
3275765
3275819
3275877
3275929
3276010
3276062
3276129
3276191
3276511
3278708
3322353
3322490
3323047
3323500
3323819
3323970
3324099
3330431
3330663
3331446
3331603
3331809
3332373
3334497
3334623
3334717
3334794
3335440
3335679
3336050
3336164
3336354
3340370
3341616
3341703
3341798
3341875
3341931
3341984
3342062
3342102
3342149
3342199
3342249
3342289
3342324
3342369
3342405
3342443
3342479
3342522
3342557
3342584
3342619
3342653
3342690
3342720
3342750
3342792
3342828
3342865
3342900
3342936
3342997
3343046
3343085
3343122
3343150
3343180
3343209
3343236
3343266
3343294
3343323
3343352
3343388
3343416
3343450
3343493
3343528
3343562
3343596
3343626
3343657
3343689
3343722
3343758
3343785
3343811
3343839
3343865
3343894
3343925
3343952
3343980
3344012
3344038
3344067
3344097
3344125
3344154
3344180
3344207
3344237
3344263
3344289
3344334
3344380
3344410
3344442
3344469
3344495
3344521
3344551
3344579
3344608
3344636
3344670
3344704
3344740
3344771
3344801
3344831
3344858
3344888
3344917
3344950
3344982
3345032
3345067
3345095
3345128
3345156
3345187
3345218
3345247
3345277
3345311
3345341
3345373
3345408
3345444
3345475
3345513
3345545
3345574
3345604
3345635
3345661
3345697
3345736
3345766
3345792
3345822
3345850
3345877
3345904
3345933
3345966
3345992
3346020
3346049
3346075
3346102
3346128
3346155
3346182
3346211
3346240
3346268
3346296
3346323
3346351
3346386
3346420
3346462
3346504
3346542
3346569
3346597
3346625
3346658
3346691
3346717
3346750
3346783
3346819
3346858
3346895
3346927
3346955
3346989
3347016
3347048
3347084
3347122
3347153
3347179
3347208
3347234
3347275
3347308
3347346
3347384
3347414
3347449
3347482
3347510
3347541
3347574
3347605
3347637
3347674
3347703
3347741
3347775
3347806
3347835
3347882
3347914
3347950
3347994
3348092
3348138
3348182
3348223
3348266
3348558
3348659
3348958
3350864
3351795
3351834
3351878
3351911
3351941
3351971
3352010
3352042
3352068
3352096
3352124
3352157
3352207
3352264
3352308
3352350
3352397
3352452
3352508
3352551
3352590
3352616
3352643
3352672
3352698
3352726
3352753
3352779
3352809
3352836
3352863
3352890
3352917
3352945
3352972
3353000
3353027
3353055
3353082
3353109
3353137
3353165
3353194
3353222
3353252
3353283
3353310
3353339
3353367
3353397
3353426
3353454
3353481
3353509
3353536
3353567
3353596
3353623
3353651
3353679
3353707
3353735
3353761
3353787
3353816
3353843
3353869
3353899
3353926
3353956
3353984
3354010
3354038
3354064
3354090
3354119
3354152
3354184
3354220
3354248
3354278
3354313
3354346
3354374
3354408
3354441
3354471
3354501
3354530
3354590
3354622
3354648
3354677
3354703
3354730
3354759
3354785
3354812
3354842
3354869
3354896
3354927
3354954
3354998
3355040
3355094
3355152
3355265
3355328
3356393
3356500
3356596
3356702
3356825
3356926
3357050
3357169
3357282
3357568
3357685
3357791
3357919
3358027
3358136
3358356
3358465
3358533
3358584
3358631
3358682
3358731
3358781
3358828
3358863
3358914
3358964
3359013
3359053
3359084
3359111
3359141
3359169
3359196
3359222
3359251
3359283
3359311
3359338
3359382
3359410
3359438
3359467
3359494
3359535
3359572
3359598
3359636
3359665
3359693
3359725
3359753
3359790
3359823
3359863
3359902
3359943
3359985
3360030
3360080
3360125
3360164
3360205
3360250
3360290
3360338
3360383
3360424
3360464
3360505
3360545
3360584
3360623
3360663
3360707
3360746
3360788
3360828
3360867
3360906
3360946
3360993
3361038
3361081
3361131
3361175
3361218
3361258
3361300
3361347
3361389
3361432
3361499
3361543
3361584
3361651
3361709
3361789
3361865
3361951
3362044
3362127
3362190
3362230
3362278
3362320
3362410
3362488
3362570
3362655
3362738
3362818
3362896
3362940
3362994
3363049
3363120
3363152
3363186
3363217
3363263
3363305
3363350
3363390
3363424
3363461
3363520
3363564
3363604
3363648
3363696
3363734
3363773
3363817
3363857
3363902
3363947
3364003
3364046
3364093
3364133
3364173
3364211
3364249
3364294
3364337
3364379
3364414
3364452
3364485
3364524
3364567
3364604
3364638
3364672
3364706
3364741
3364773
3364814
3364851
3364889
3364923
3364955
3364990
3365025
3365059
3365094
3365128
3365160
3365194
3365227
3365265
3365307
3365348
3365395
3365441
3365487
3365526
3365564
3365598
3365633
3365666
3365702
3365747
3365790
3365831
3365871
3365908
3365941
3365974
3366009
3366046
3366081
3366115
3366149
3366190
3366241
3366286
3366326
3366366
3366401
3366436
3366470
3366505
3366542
3366576
3366615
3366649
3366681
3366716
3366754
3366790
3366823
3366855
3366890
3366925
3366961
3366994
3367026
3367059
3367101
3367138
3367171
3367205
3367242
3367279
3367319
3367364
3367408
3367443
3367480
3367514
3367551
3367597
3367653
3367687
3367749
3367793
3367842
3367894
3367955
3368004
3368048
3368105
3368179
3368255
3368308
3368352
3368390
3368433
3368470
3368534
3368585
3368648
3368699
3368753
3368824
3368909
3373640
3373691
3373727
3373769
3373809
3373844
3373881
3373917
3373952
3373995
3374036
3374090
3374135
3374181
3374253
3374301
3374345
3374393
3374430
3374473
3374510
3374550
3374586
3374622
3374657
3374695
3374731
3374767
3374810
3374851
3374883
3374920
3374951
3374985
3375018
3375055
3375086
3375123
3375157
3375183
3375213
3375248
3375277
3375316
3375350
3375384
3375418
3375450
3375479
3375508
3375540
3375576
3375608
3375648
3375682
3375721
3375760
3375802
3375852
3375901
3375952
3375996
3376039
3376094
3376141
3376182
3376231
3376270
3376313
3376349
3376384
3376422
3376458
3376492
3376533
3376572
3376608
3376644
3376685
3376723
3376769
3376805
3376848
3376894
3376937
3376989
3377037
3377105
3377150
3377189
3377250
3377295
3377334
3377376
3377419
3377469
3377507
3377546
3377582
3377617
3377652
3377687
3377723
3377760
3377795
3377832
3377870
3377906
3377943
3377979
3378014
3378057
3378095
3378135
3378176
3378210
3378247
3378281
3378317
3378360
3378399
3378434
3378471
3378507
3378543
3378580
3378616
3378653
3378694
3378730
3378770
3378810
3378844
3378885
3378931
3378976
3379040
3379075
3379112
3379147
3379196
3379232
3379268
3379305
3379342
3379378
3379414
3379461
3379504
3379545
3379599
3379650
3379699
3379751
3379809
3379876
3379932
3380016
3380127
3380300
3380424
3380537
3380650
3380762
3380882
3381003
3381073
3381125
3381179
3381244
3381299
3381379
3381450
3381534
3381637
3381717
3381800
3381912
3381972
3382029
3382133
3382260
3382377
3382486
3382598
3382709
3382821
3382921
3382993
3383112
3383244
3383356
3383442
3383519
3383593
3383697
3383784
3383846
3383902
3383959
3384020
3384087
3384142
3384195
3384254
3384310
3384369
3384427
3384486
3384563
3384600
3384663
3384728
3384811
3384859
3384903
3384956
3385000
3385044
3385085
3385133
3385178
3385220
3385267
3385319
3385360
3385408
3385461
3385521
3385570
3385610
3385647
3385683
3385719
3385756
3385794
3385840
3385883
3385915
3385945
3385977
3386017
3386045
3386093
3386132
3386170
3386211
3386243
3386271
3386300
3386331
3386367
3386406
3386449
3386484
3386517
3386553
3386588
3386623
3386653
3386679
3386706
3386735
3386764
3386798
3386833
3386877
3386920
3386964
3387018
3387057
3387093
3387133
3387175
3387220
3387254
3387301
3387347
3387390
3387442
3387481
3387518
3387554
3387594
3387638
3387673
3387710
3387747
3387782
3387818
3387855
3387893
3387930
3387964
3387999
3388038
3388073
3388118
3388156
3388193
3388229
3388268
3388313
3388370
3388405
3388443
3388478
3388513
3388547
3388584
3388620
3388665
3388719
3388773
3388813
3388850
3388889
3388928
3388968
3389010
3389047
3389083
3389118
3389162
3389200
3389241
3389280
3389316
3389356
3389391
3389426
3389465
3389503
3389548
3389599
3389639
3389677
3389712
3389747
3389783
3389821
3389856
3389893
3389931
3389974
3390020
3390069
3390129
3390196
3390255
3390309
3390382
3390475
3390581
3390670
3390779
3390881
3390977
3391049
3391218
3391328
3391429
3395228
3395279
3395320
3395360
3395395
3395431
3395472
3395508
3395551
3395588
3395624
3395662
3395703
3395756
3395792
3395827
3395864
3395899
3395939
3395977
3396013
3396052
3396092
3396131
3396168
3396218
3396263
3396298
3396338
3396375
3396415
3396455
3396491
3396521
3396548
3396575
3396603
3396630
3396657
3396686
3396713
3396739
3396765
3396795
3396823
3396850
3396879
3396906
3396932
3396961
3396991
3397025
3397062
3397099
3397155
3397207
3397245
3397279
3397314
3397350
3397381
3397423
3397469
3397520
3397570
3397615
3397660
3397704
3397753
3397804
3397852
3397905
3397967
3398036
3398104
3398149
3398199
3398242
3398287
3398340
3398386
3398435
3398481
3398529
3398598
3398668
3398739
3398874
3398970
3399054
3399116
3399177
3399237
3399306
3399357
3399412
3399466
3399537
3399614
3399687
3399760
3399837
3399919
3399993
3400052
3400129
3400201
3400254
3400303
3400348
3400401
3400457
3400515
3400578
3400654
3400727
3400792
3400858
3400925
3400979
3401024
3401067
3401121
3401169
3401221
3401272
3401319
3401388
3401473
3401555
3401633
3401709
3401848
3401991
2979115
2979148
2979174
2979202
2979228
2979257
2979288
2979315
2979658
2979692
2979727
2979754
2979780
2979807
2979851
2979956
3034963
3034992
3035018
3035046
3035073
3035126
3035155
3035185
3035212
3035242
3035273
3035357
3035696
3035728
3035754
3035781
3035810
3035838
3035866
3035894
3035921
3035948
3035974
3036002
3036064
3036092
3036118
3036151
3036178
3036205
3036233
3036276
3036307
3036336
3036363
3036415
3036443
3036471
3036506
3037697
3037877
3037907
3037944
3038049
3038139
3038167
3038198
3038229
3038258
3038284
3038318
3038349
3038377
3038406
3038435
3038466
3038494
3038522
3038551
3038579
3038606
3038632
3038658
3038687
3038714
3038743
3038775
3038802
3038828
3038856
3038882
3038909
3038935
3038962
3038988
3039017
3039047
3039074
3039102
3039129
3039156
3039182
3039211
3040354
3040381
3040407
3040433
3040467
3040496
3040524
3040555
3040581
3040611
3040637
3040665
3040696
3040722
3040750
3040789
3040821
3040850
3040877
3040905
3040933
3040959
3040987
3041013
3041041
3041068
3041095
3041121
3041148
3041174
3041202
3041230
3041257
3041286
3041323
3041350
3041383
3041423
3041452
3041480
3041509
3041552
3041578
3041607
3041642
3041672
3041703
3041729
3041758
3041784
3041819
3041936
3041976
3043082
3043148
3043189
3043218
3043275
3043302
3043335
3043363
3043389
3043418
3043446
3043473
3043503
3043529
3043558
3043587
3043615
3043642
3043669
3043696
3043723
3043752
3043778
3043804
3043830
3043857
3043891
3043917
3043944
3043972
3044002
3044035
3044063
3044090
3044116
3044144
