2979122
2979138
2979160
2979169
2979199
2979215
2979228
2979231
2979242
2979685
2979703
2979704
2979716
2979755
2979762
2979801
3034937
3034969
3035025
3035041
3035045
3035070
3035141
3035151
3035358
3035829
3035833
3035887
3035900
3035940
3035953
3035974
3035976
3036001
3036002
3036075
3036117
3036124
3036170
3036197
3036205
3036211
3036224
3036235
3036301
3036358
3036363
3036376
3036451
3036467
3036489
3036494
3037909
3037950
3037954
3038159
3038164
3038223
3038230
3038263
3038289
3038290
3038316
3038403
3038405
3038449
3038485
3038498
3038502
3038555
3038571
3038574
3038625
3038633
3038636
3038644
3038652
3038657
3038675
3038700
3038701
3038711
3038758
3038773
3038811
3038844
3038868
3038905
3038917
3038932
3038939
3038963
3038990
3039089
3039093
3039118
3039120
3039164
3039190
3039206
3039212
3039245
3039251
3040367
3040382
3040447
3040471
3040486
3040503
3040513
3040595
3040646
3040688
3040692
3040739
3040748
3040810
3040818
3040836
3040867
3040900
3040903
3040923
3040961
3040982
3040983
3041018
3041048
3041092
3041116
3041141
3041143
3041149
3041151
3041153
3041179
3041188
3041195
3041198
3041217
3041236
3041245
3041247
3041295
3041395
3041436
3041448
3041480
3041519
3041565
3041569
3041599
3041654
3041709
3041745
3041758
3041796
3041833
3041948
3041949
3041951
3041976
3043081
3043086
3043102
3043106
3043165
3043332
3043353
3043365
3043377
3043406
3043408
3043421
3043475
3043568
3043576
3043581
3043593
3043604
3043606
3043647
3043655
3043660
3043700
3043798
3043802
3043815
3043818
3043892
3043925
3043940
3043942
3043954
3043970
3043975
3044039
3044059
3044065
3044069
3044075
3044078
3044103
3044108
3044114
3044142
3044145
3044160
3044171
3044184
3044188
3044191
3044199
3044237
3044241
3044383
3044400
3044411
3044413
3044434
3044489
3044610
3044612
3044623
3044888
3045677
3045688
3045697
3045720
3045739
3045756
3045757
3045760
3045777
3045778
3045793
3045798
3045832
3045845
3045876
3045881
3045916
3045922
3045925
3045956
3045981
3046005
3046190
3046204
3046207
3046238
3046268
3046270
3046304
3046335
3046336
3046339
3046391
3046454
3046513
3046519
3046522
3046536
3046546
3046564
3046619
3046631
3046664
3046692
3046693
3046704
3046709
3046712
3046748
3046751
3046755
3046760
3046767
3046781
3046810
3046850
3046864
3046908
3046953
3046969
3047043
3047092
3047097
3047143
3047152
3047168
3047208
3047224
3047298
3047336
3047354
3048437
3048445
3048526
3048528
3048554
3048593
3048614
3048692
3048697
3048699
3048848
3048902
3048946
3048977
3048997
3049036
3049037
3049111
3049128
3049141
3049148
3049155
3049170
3049185
3049245
3049334
3049357
3049359
3049415
3049432
3049479
3049504
3049524
3049527
3049539
3049565
3049657
3049659
3049717
3049824
3049861
3049943
3049973
3049976
3049981
3049993
3049995
3049999
3051148
3051202
3051212
3051247
3051273
3051298
3051325
3051336
3051340
3051342
3051344
3051372
3051375
3051383
3051436
3051450
3051478
3051516
3051524
3051617
3051638
3051751
3051754
3051804
3051814
3051821
3051822
3051842
3051862
3051868
3051906
3051935
3051939
3051993
3052008
3052018
3052076
3052116
3052122
3052217
3052229
3052237
3052264
3052286
3052339
3052408
3052434
3052441
3052459
3052463
3052476
3052484
3052515
3052526
3052537
3052554
3052556
3052578
3052643
3052653
3052663
3052669
3052693
3052702
3052709
3052770
3052771
3052776
3052926
3052950
3052957
3052965
3053011
3053068
3053090
3053117
3053123
3053159
3053212
3053226
3053375
3054383
3054436
3054446
3054548
3054566
3054669
3054699
3054719
3054752
3054797
3054812
3054836
3054843
3054865
3054895
3054907
3055037
3055046
3055053
3055323
3055413
3055521
3055524
3055602
3055821
3055822
3055881
3055899
3055941
3055977
3055988
3056595
3056598
3056604
3056644
3056656
3056671
3056703
3056780
3056791
3056820
3056829
3056869
3056897
3056915
3056924
3056971
3057054
3057063
3057065
3057070
3057072
3057079
3057084
3057113
3057140
3057144
3057157
3057218
3057254
3057263
3057321
3057337
3057378
3057382
3057453
3057454
3057461
3057479
3057521
3057537
3057590
3057621
3057623
3057637
3057643
3058705
3058709
3058718
3058756
3058785
3058788
3058815
3058818
3058830
3058875
3058885
3059067
3059195
3059207
3059212
3059325
3059329
3059449
3059458
3059462
3059481
3059527
3059580
3059592
3059614
3059616
3059627
3059664
3059748
3059784
3059824
3059867
3059980
3060068
3060107
3060123
3060132
3060141
3060225
3060232
3060248
3060289
3060342
3060349
3060364
3060384
3061108
3061413
3061430
3061469
3061631
3061634
3061658
3061701
3061725
3061733
3061739
3061752
3061774
3061861
3061894
3061923
3061931
3061937
3061938
3061947
3061949
3061988
3061996
3061999
3062060
3062062
3062154
3062312
3062342
3062351
3062354
3062393
3062417
3062450
3062470
3062500
3062523
3062605
3062637
3062680
3062689
3062822
3062897
3062934
3062943
3062969
3062997
3063010
3063011
3063067
3063083
3063112
3063117
3063138
3063170
3064086
3064165
3064216
3064219
3064230
3064240
3064267
3064280
3064293
3064302
3064405
3064412
3064457
3064489
3064563
3064630
3064635
3064683
3064747
3064805
3064888
3064890
3064977
3065018
3065025
3065050
3065051
3065080
3065097
3065103
3065306
3065347
3065354
3065389
3065403
3065410
3065441
3065454
3065501
3065573
3065616
3065676
3065685
3066821
3066966
3067049
3067052
3067074
3067135
3067151
3067152
3067184
3067205
3067278
3067322
3067341
3067342
3067357
3067364
3067569
3067608
3067612
3067636
3067640
3067652
3067674
3067720
3067721
3067723
3067850
3067893
3067900
3067938
3067997
3067999
3068003
3068042
3068043
3068117
3068160
3068244
3068251
3068261
3068262
3068294
3068301
3068355
3068386
3068395
3068428
3068442
3068453
3068505
3069576
3069586
3069633
3069671
3069690
3069786
3069788
3069834
3069840
3069841
3069846
3069852
3069853
3069889
3069921
3069933
3069950
3070212
3070404
3070432
3070536
3070551
3070629
3070635
3070757
3070792
3070822
3070862
3070863
3070878
3070879
3070964
3071063
3071064
3071077
3072445
3072453
3072520
3072548
3072553
3072608
3072656
3072821
3072829
3072838
3072855
3072927
3072928
3073014
3073052
3073056
3073127
3073167
3073170
3073175
3073181
3073323
3073390
3073402
3073438
3073477
3073526
3073547
3073554
3073668
3073749
3073801
3073823
3073833
3073843
3073867
3073886
3073905
3073913
3073933
3073939
3073953
3074935
3074948
3074972
3074974
3074979
3074981
3074995
3075000
3075029
3075036
3075058
3075059
3075119
3075146
3075160
3075187
3075227
3075270
3075282
3075319
3075354
3075370
3075400
3075451
3075498
3075720
3075751
3075801
3075858
3075879
3075893
3075900
3075929
3075977
3075994
3076007
3076008
3076033
3076064
3076066
3076074
3076129
3076188
3076189
3076234
3076282
3076284
3076390
3076432
3076447
3076497
3077653
3077679
3077685
3077734
3077750
3077758
3077774
3077782
3077785
3077786
3077820
3077821
3077827
3077833
3077922
3077936
3077951
3077967
3078025
3078037
3078156
3078229
3078291
3078297
3078299
3078367
3078375
3078425
3078476
3078515
3078523
3078529
3078537
3078619
3078666
3078676
3078749
3078771
3078774
3078780
3078804
3078810
3078834
3078921
3078944
3078976
3078994
3079023
3079041
3079119
3079139
3079148
3079153
3079211
3079222
3079269
3079271
3079279
3079294
3079336
3079346
3079371
3079376
3079916
3080416
3080420
3080421
3080453
3080638
3080648
3080654
3080658
3080663
3080779
3080786
3080813
3080826
3080850
3080887
3080939
3080950
3080968
3080977
3081015
3081018
3081022
3081084
3081125
3081139
3081163
3081224
3081294
3081298
3081319
3081328
3081526
3081546
3081566
3081572
3081577
3081602
3081604
3081606
3081610
3081656
3081663
3081719
3081741
3081743
3081760
3081784
3081798
3081816
3081820
3081827
3081842
3081848
3081895
3082030
3082068
3082083
3082474
3082476
3083200
3083219
3083259
3083268
3083419
3083437
3083450
3083495
3083532
3083553
3083567
3083577
3083582
3083587
3083596
3083607
3083617
3083677
3083703
3083712
3083721
3083733
3083741
3083762
3083775
3083782
3083788
3083804
3083824
3083986
3083987
3084021
3084072
3084092
3084099
3084111
3084143
3084261
3084286
3084297
3084320
3084328
3084356
3084362
3084373
3084375
3084388
3084409
3084414
3084506
3084533
3084545
3084596
3084617
3084640
3084773
3085769
3085827
3085887
3085900
3085921
3085932
3085996
3086015
3086037
3086043
3086096
3086150
3086213
3086262
3086266
3086318
3086326
3086333
3086354
3086380
3086470
3086474
3086495
3086497
3086516
3086547
3086556
3086648
3086659
3086697
3086708
3086711
3086733
3086799
3086807
3086844
3086920
3086936
3086958
3087000
3087001
3087005
3087016
3087054
3087076
3087105
3087207
3087247
3087272
3087300
3087334
3087391
3088486
3088493
3088544
3088547
3088580
3088626
3088651
3088706
3088719
3088731
3088737
3088810
3088832
3088850
3088862
3088918
3088919
3088953
3088954
3088964
3089000
3089007
3089069
3089097
3089116
3089164
3089174
3089179
3089193
3089242
3089329
3089371
3089447
3089468
3089471
3089482
3089502
3089510
3089528
3089581
3089628
3089649
3089656
3089670
3089703
3089735
3089771
3089802
3089817
3089894
3089926
3089939
3089943
3089944
3089978
3089988
3090033
3090070
3090195
3091236
3091243
3091301
3091324
3091374
3091429
3091495
3091516
3091544
3091558
3091589
3091616
3091640
3091657
3091718
3091727
3091742
3091755
3091777
3091806
3091812
3091857
3091871
3091872
3091882
3091901
3091940
3091943
3091990
3092012
3092019
3092038
3092059
3092062
3092063
3092126
3092161
3092167
3092179
3092190
3092234
3092241
3092254
3092263
3092353
3092374
3092391
3092412
3092414
3092416
3092434
3092440
3092467
3092479
3092523
3092561
3092642
3092662
3092663
3092670
3092697
3092732
3092781
3092788
3092803
3092848
3092850
3092868
3093900
3093912
3093934
3094088
3094113
3094228
3094232
3094240
3094257
3094266
3094307
3094321
3094330
3094381
3094382
3094403
3094508
3094512
3094548
3094638
3094647
3094666
3094735
3094926
3094932
3094952
3095039
3095064
3095083
3095091
3095223
3095243
3095281
3095286
3095323
3095328
3095329
3095342
3095368
3095373
3095420
3095458
3095465
3095492
3095493
3095532
3096694
3096713
3096741
3096750
3096755
3096762
3096802
3096835
3096842
3096852
3096928
3096974
3096977
3097029
3097030
3097033
3097045
3097052
3097062
3097184
3097189
3097206
3097224
3097240
3097266
3097286
3097295
3097314
3097320
3097358
3097367
3097479
3097482
3097488
3097490
3097534
3097542
3097592
3097599
3097686
3097720
3097743
3097751
3097802
3097826
3097860
3097892
3097896
3097912
3097956
3097991
3098005
3098011
3098031
3098048
3098084
3098110
3098163
3098178
3098263
3098293
3099353
3099361
3099385
3099397
3099402
3099423
3099426
3099428
3099442
3099507
3099607
3099614
3099615
3099629
3099735
3099747
3099756
3099847
3099854
3099895
3099896
3099937
3099969
3099992
3100044
3100047
3100081
3100095
3100164
3100211
3100220
3100287
3100308
3100349
3100353
3100369
3100398
3100401
3100442
3100444
3100446
3100519
3100559
3100616
3100658
3100661
3100706
3100719
3100726
3100759
3100803
3100823
3100837
3100851
3100866
3100869
3101013
3101028
3101047
3102081
3102172
3102195
3102206
3102216
3102260
3102265
3102268
3102297
3102299
3102303
3102315
3102330
3102368
3102461
3102576
3102578
3102633
3102722
3102837
3102857
3102895
3102897
3102915
3102976
3103018
3103197
3103237
3103275
3103281
3103291
3103310
3103326
3103418
3103515
3103535
3103575
3103734
3104840
3104898
3104908
3104919
3104932
3105056
3105079
3105109
3105144
3105147
3105198
3105209
3105211
3105212
3105225
3105228
3105231
3105234
3105235
3105266
3105270
3105272
3105306
3105349
3105350
3105381
3105398
3105478
3105481
3105482
3105503
3105528
3105583
3105624
3105712
3105759
3105788
3105828
3105840
3105872
3105966
3105973
3106003
3106014
3106035
3106090
3106157
3106229
3106262
3106265
3106276
3106315
3106328
3106335
3106354
3107184
3107213
3107218
3107248
3107257
3107285
3107313
3107326
3107331
3107388
3107452
3107508
3107523
3107536
3107566
3107570
3107572
3107591
3107592
3107676
3107686
3107695
3107747
3107765
3107793
3107868
3107872
3107874
3107876
3107984
3108029
3108077
3108503
3108532
3108599
3108614
3108647
3108663
3108664
3108683
3108700
3108740
3108932
3108960
3108971
3108982
3108994
3109089
3109105
3109117
3109131
3109298
3110537
3110551
3110557
3110560
3110712
3110769
3110797
3110843
3110845
3110915
3110954
3111006
3111100
3111113
3111146
3111194
3111206
3111213
3111222
3111359
3111375
3111392
3111400
3111421
3111483
3111519
3111529
3111576
3111623
3111634
3111655
3111687
3111714
3111718
3111823
3111859
3111866
3111882
3111921
3111948
3111994
3112012
3112017
3112043
3112055
3112149
3113306
3113375
3113381
3113413
3113435
3113440
3113474
3113488
3113499
3113523
3113533
3113556
3113576
3113605
3113638
3113662
3113679
3113702
3113741
3113753
3113792
3113794
3113919
3113933
3113946
3113968
3113971
3114002
3114019
3114026
3114048
3114057
3114123
3114216
3114284
3114290
3114362
3114472
3114473
3114474
3114502
3114666
3115984
3116122
3116124
3117022
3117248
3117271
3117281
3117282
3117292
3117383
3117401
3117420
3117460
3117655
3117663
3117671
3117735
3117747
3117766
3117813
3117850
3117866
3117872
3117905
3117964
3118006
3118016
3118061
3118146
3118178
3118200
3118227
3118236
3118303
3118308
3118329
3118386
3118399
3118436
3118466
3118467
3118517
3118521
3118529
3118558
3118589
3118605
3118644
3119781
3119852
3119904
3119914
3119921
3119941
3119959
3120003
3120020
3120058
3120068
3120112
3120131
3120215
3120244
3120268
3120290
3120350
3120364
3120367
3120378
3120470
3120476
3120495
3120500
3120520
3120525
3120550
3120695
3120939
3120949
3120994
3121008
3121010
3121015
3121089
3121092
3121145
3121179
3121181
3121205
3121242
3121261
3121263
3121283
3122450
3122476
3122478
3122487
3122509
3122536
3122554
3122567
3122599
3122640
3122661
3122677
3122715
3122798
3122828
3122839
3122854
3122873
3122907
3122933
3122935
3123015
3123064
3123086
3123095
3123206
3123333
3123343
3123344
3123359
3123371
3123436
3123449
3123499
3123549
3123557
3123577
3123580
3123606
3123616
3123633
3123676
3123741
3123828
3123864
3123982
3124011
3124018
3124033
3124040
3125076
3125156
3125256
3125283
3125309
3125310
3125343
3125357
3125363
3125373
3125451
3125453
3125469
3125483
3125522
3125578
3125625
3125639
3125660
3125664
3125673
3125676
3125702
3125710
3125713
3125741
3125752
3125766
3125828
3125897
3125923
3125949
3125956
3125980
3126015
3126042
3126121
3126129
3126191
3126205
3126216
3126220
3126224
3126240
3126267
3126278
3126297
3126307
3126314
3126336
3126355
3126364
3126429
3126442
3126479
3126529
3126561
3126590
3126650
3126693
3126713
3126822
3127840
3127923
3127930
3127971
3127979
3127987
3128104
3128116
3128191
3128214
3128219
3128228
3128237
3128318
3128385
3128401
3128485
3128502
3128525
3128553
3128554
3128665
3128719
3128749
3128769
3128790
3128843
3128900
3128953
3128973
3128989
3128999
3129009
3129058
3129105
3129113
3129139
3129151
3129184
3129188
3129235
3129382
3130616
3130643
3130647
3130650
3130715
3130774
3130834
3130859
3130899
3130905
3130913
3130961
3131016
3131039
3131051
3131087
3131168
3131184
3131208
3131252
3131337
3131398
3131414
3131434
3131437
3131462
3131466
3131480
3131520
3131531
3131536
3131586
3131809
3131837
3131838
3131847
3131913
3131942
3131943
3131986
3131992
3132000
3132001
3132045
3132065
3132067
3132105
3132119
3132125
3132130
3132167
3132199
3133273
3133274
3133294
3133317
3133367
3133399
3133411
3133481
3133581
3133583
3133629
3133658
3133701
3133710
3133761
3133782
3133824
3133830
3133835
3133869
3133888
3133917
3133940
3133942
3133964
3134103
3134111
3134131
3134150
3134159
3134170
3134182
3134250
3134261
3134265
3134291
3134332
3134378
3134427
3134442
3134448
3134470
3134471
3134506
3134529
3134600
3134631
3134711
3134732
3134824
3134825
3134870
3134872
3134875
3134884
3134910
3134920
3135485
3135977
3136001
3136039
3136057
3136118
3136137
3136224
3136271
3136279
3136344
3136395
3136425
3136461
3136468
3136487
3136821
3136902
3136909
3136918
3136981
3137040
3137088
3137093
3137094
3137097
3137103
3137120
3137170
3137174
3137183
3137214
3137287
3137294
3137298
3137313
3137314
3137437
3137449
3137546
3137559
3137571
3137691
3138776
3138800
3138839
3138873
3138918
3138933
3138944
3138968
3138977
3138994
3139015
3139033
3139057
3139061
3139083
3139100
3139256
3139345
3139381
3139484
3139558
3139575
3139590
3139662
3139672
3139769
3139844
3139862
3139924
3139941
3139952
3140002
3140060
3140068
3140209
3140320
3140355
3142120
3142165
3142211
3142401
3142449
3142488
3142574
3142597
3142726
3142804
3142862
3142984
3143151
3143191
3143218
3143220
3143275
3143280
3143338
3143361
3143392
3143435
3143453
3143547
3143606
3143684
3143700
3143758
3143790
3143830
3143898
3143909
3143919
3143969
3144185
3144329
3144358
3144403
3144504
3144528
3144538
3144662
3144855
3144984
3144992
3145220
3147159
3147169
3147207
3147222
3147253
3147265
3147295
3147318
3147344
3147564
3147618
3147727
3147877
3147953
3148087
3148095
3148246
3148259
3148261
3148278
3148292
3148318
3148320
3148364
3148484
3148507
3148517
3148567
3148679
3148704
3148729
3148781
3148846
3148875
3149085
3149090
3149208
3149222
3149437
3149517
3149562
3149723
3149988
3149997
3152408
3152446
3152481
3152509
3152617
3152671
3152753
3152805
3152812
3152830
3152847
3152935
3152948
3152956
3153048
3153083
3153137
3153188
3153203
3153228
3153267
3153418
3153420
3153477
3153522
3153533
3153640
3153832
3153955
3153964
3154139
3154350
3154490
3154559
3154633
3154662
3154726
3154820
3154830
3154880
3154888
3154921
3154967
3155023
3155042
3155060
3155074
3155095
3155130
3155182
3155190
3155203
3155206
3155207
3155228
3155229
3155263
3156347
3156359
3156406
3156474
3156488
3156529
3156600
3156613
3156719
3156797
3156814
3156899
3156984
3156992
3156993
3157021
3157057
3157085
3157124
3157136
3157142
3157148
3157161
3157220
3157294
3157317
3157388
3157397
3157402
3157427
3157460
3157464
3157497
3157499
3157548
3157553
3157557
3157595
3157616
3157663
3157666
3157699
3157701
3157770
3157795
3157800
3157817
3157830
3157838
3157848
3157867
3157868
3157880
3157892
3157903
3159285
3159374
3159388
3159399
3159465
3159509
3159529
3159570
3159598
3159603
3159610
3159618
3159623
3159625
3159628
3159666
3159692
3159731
3159748
3159793
3159862
3159874
3159883
3159884
3159901
3159943
3159950
3159965
3159974
3159983
3160014
3160085
3160195
3160210
3160224
3160300
3160304
3160386
3160389
3160434
3160456
3160459
3160461
3160485
3160489
3160541
3160555
3160612
3160623
3160654
3160678
3160679
3160798
3161975
3161986
3162014
3162034
3162041
3162073
3162092
3162100
3162102
3162115
3162192
3162292
3162299
3162315
3162376
3162397
3162405
3162440
3162463
3162470
3162476
3162487
3162532
3162600
3162623
3162656
3162665
3162705
3162715
3162718
3162837
3162873
3162900
3162918
3162965
3162979
3163003
3163005
3163032
3163084
3163094
3163099
3163105
3163119
3163166
3163222
3163229
3163233
3163246
3163251
3163284
3163290
3163311
3163320
3163370
3163401
3163417
3163433
3163458
3164627
3164631
3164675
3164695
3164735
3164793
3164821
3164843
3164867
3164888
3165001
3165016
3165028
3165039
3165090
3165103
3165106
3165116
3165152
3165182
3165224
3165232
3165241
3165271
3165298
3165302
3165379
3165413
3165418
3165443
3165449
3165494
3165504
3165538
3165544
3165549
3165606
3165619
3165623
3165635
3165637
3165646
3165649
3165658
3165660
3165681
3165691
3165712
3165817
3165866
3165886
3165889
3165928
3165977
3165992
3165997
3166007
3166017
3166022
3166025
3166027
3166102
3166159
3166258
3166302
3167353
3167367
3167415
3167513
3167568
3167596
3167622
3167674
3167692
3167705
3167723
3167781
3167783
3167800
3167806
3167835
3167871
3167875
3167892
3167896
3167925
3167970
3167975
3167988
3167994
3168075
3168133
3168268
3168273
3168281
3168321
3168360
3168370
3168403
3168420
3168444
3168452
3168473
3168475
3168504
3168521
3168539
3168577
3168600
3168610
3168612
3168618
3168628
3168655
3168667
3168682
3168702
3168742
3168755
3168792
3168828
3168837
3168842
3168856
3168872
3168928
3168997
3169007
3170266
3170273
3170312
3170391
3170412
3170461
3170492
3170499
3170500
3170580
3170598
3170604
3170655
3170672
3170698
3170733
3170748
3170754
3170805
3170816
3170818
3170827
3170923
3170926
3170935
3170960
3171002
3171005
3171015
3171032
3171099
3171108
3171164
3171191
3171210
3171261
3171289
3171305
3171336
3171399
3171440
3171476
3171527
3171555
3171557
3171579
3171607
3172836
3172924
3172971
3173007
3173009
3173042
3173094
3173104
3173253
3173266
3173287
3173292
3173320
3173359
3173449
3173454
3173471
3173479
3173495
3173515
3173518
3173523
3173564
3173639
3173658
3173732
3173749
3173837
3173841
3173853
3173866
3173879
3173901
3173957
3174003
3174021
3174024
3174104
3174116
3174177
3174210
3174226
3174259
3174288
3174332
3174364
3174387
3174488
3175579
3175601
3175630
3175681
3175696
3175735
3175757
3175790
3175791
3175856
3175905
3175929
3175941
3175988
3175989
3176050
3176053
3176066
3176126
3176161
3176245
3176266
3176331
3176336
3176367
3176396
3176401
3176409
3176441
3176535
3176549
3176550
3176572
3176573
3176574
3176615
3176632
3176646
3176664
3176671
3176677
3176713
3176725
3176728
3176744
3176757
3176759
3176848
3176917
3176939
3176947
3176998
3177042
3177091
3177117
3177138
3177142
3177152
3178434
3178500
3178502
3178541
3178580
3178612
3178616
3178632
3178634
3178650
3178671
3178676
3178717
3178751
3178805
3178835
3178902
3178907
3178930
3178937
3178944
3178969
3178973
3178996
3179007
3179029
3179045
3179056
3179059
3179081
3179082
3179116
3179117
3179149
3179178
3179199
3179205
3179236
3179252
3179261
3179284
3179285
3179347
3179350
3179352
3179361
3179377
3179412
3179424
3179466
3179480
3179564
3179579
3179588
3179598
3179610
3179620
3179675
3179690
3179697
3179803
3179832
3179924
3179937
3180986
3181146
3181187
3181195
3181281
3181340
3181368
3181374
3181447
3181457
3181458
3181472
3181500
3181527
3181540
3181570
3181585
3181598
3181607
3181656
3181720
3181753
3181819
3181840
3181845
3181865
3181895
3181900
3181919
3181959
3182028
3182039
3182052
3182120
3182121
3182131
3182132
3182138
3182140
3182175
3182235
3182253
3182283
3182328
3182350
3182354
3182366
3182376
3182443
3182483
3182488
3182491
3182493
3182499
3182550
3182578
3182582
3182586
3182595
3182624
3182673
3182674
3183889
3183899
3183931
3183968
3183969
3183984
3184011
3184015
3184050
3184055
3184074
3184125
3184144
3184155
3184188
3184213
3184214
3184217
3184251
3184280
3184300
3184318
3184319
3184375
3184401
3184474
3184516
3184522
3184537
3184544
3184547
3184556
3184584
3184593
3184641
3184653
3184739
3184764
3184769
3184797
3184799
3184825
3184829
3184842
3184849
3184905
3184916
3184941
3184942
3184992
3184995
3185003
3185033
3185037
3185039
3185059
3185065
3185162
3185200
3185211
3185248
3186515
3186562
3186577
3186582
3186588
3186595
3186618
3186620
3186659
3186679
3186686
3186687
3186738
3186768
3186808
3186822
3186877
3187023
3187037
3187049
3187148
3187164
3187182
3187188
3187194
3187251
3187283
3187307
3187395
3187421
3187444
3187475
3187477
3187483
3187498
3187506
3187583
3187602
3187616
3187652
3187666
3187674
3187677
3187698
3187701
3187717
3187765
3187796
3187803
3187809
3187840
3187845
3187904
3187908
3187917
3187938
3187986
3188002
3188011
3188041
3188051
3188063
3188081
3190256
3190303
3190429
3190473
3190505
3190705
3190741
3190758
3190793
3190854
3190861
3192021
3192139
3192453
3192510
3192549
3192569
3192573
3192612
3192629
3192739
3192759
3192770
3192790
3192793
3192796
3192810
3192816
3192820
3192822
3192839
3192842
3192855
3192877
3192918
3192927
3192933
3192952
3192984
3192985
3193059
3193065
3193094
3193129
3193131
3193155
3193320
3193538
3193580
3193670
3194716
3194725
3194817
3194862
3194903
3194904
3194936
3194941
3194968
3195086
3195100
3195141
3195142
3195150
3195183
3195185
3195220
3195257
3195347
3195365
3195394
3195452
3195454
3195458
3195475
3195498
3195514
3195542
3195560
3195585
3195594
3195627
3195661
3195693
3195702
3195703
3195732
3195734
3195784
3195911
3195920
3195941
3195946
3195972
3195979
3196018
3196141
3196155
3196178
3196187
3196278
3196280
3196283
3196289
3196305
3196311
3196318
3197811
3197870
3198044
3198055
3198130
3198134
3198136
3198212
3198297
3198339
3198347
3198457
3198530
3198698
3198997
3199022
3199023
3199079
3199098
3199216
3199301
3199631
3199682
3199684
3199690
3199805
3199818
3200061
3200104
3200110
3200137
3200231
3200313
3200357
3200471
3200507
3200510
3200580
3200595
3200636
3200649
3200838
3202968
3203027
3203053
3203063
3203088
3203135
3203136
3203204
3203250
3203399
3203924
3203960
3203994
3204042
3204059
3204063
3204139
3204169
3204181
3204191
3204194
3204214
3204252
3204277
3204318
3204377
3204406
3204458
3204463
3208131
3208386
3208505
3208532
3208548
3208550
3208577
3208646
3208726
3208915
3209120
3209131
3209159
3209187
3209224
3209355
3209462
3209783
3210501
3213351
3213600
3213659
3213690
3213698
3213827
3213932
3214042
3214177
3214225
3214270
3214470
3214501
3214511
3214517
3214548
3214597
3214630
3214636
3214669
3214686
3214700
3214706
3214725
3214731
3214766
3214800
3214802
3214844
3214873
3214939
3214953
3215042
3215070
3215121
3215123
3215172
3215643
3215768
3215774
3215789
3215863
3215990
3216005
3216159
3216191
3216258
3216263
3216272
3216416
3216443
3216497
3216567
3218914
3218968
3218972
3219038
3219063
3219174
3219209
3219418
3219483
3219573
3219577
3219610
3219859
3219905
3219907
3220008
3220142
3220148
3220219
3220274
3220322
3220402
3220448
3220460
3220496
3220513
3220519
3220592
3220594
3220649
3220655
3220659
3220718
3220770
3220772
3220896
3220904
3220910
3220969
3221061
3221080
3221123
3221157
3221194
3221254
3221343
3221364
3221368
3221386
3221460
3221477
3221584
3221622
3221735
3221785
3224038
3224048
3224113
3224121
3224302
3224436
3224522
3224670
3224814
3224829
3224852
3224866
3224912
3225050
3225167
3225186
3225208
3225227
3225270
3225363
3225464
3225472
3225474
3225537
3225593
3225661
3225708
3225802
3226009
3226023
3226048
3226058
3226091
3226156
3226173
3226339
3226383
3226485
3226613
3226645
3226705
3226722
3226750
3226756
3226834
3226873
3226888
3227059
3227083
3229094
3229103
3229130
3229140
3229149
3229221
3229303
3229324
3229530
3229537
3229548
3229560
3229636
3229669
3229826
3229866
3229874
3229914
3229922
3230076
3230086
3230184
3230205
3230251
3230432
3230502
3230509
3230551
3230554
3230558
3230560
3230566
3230578
3230601
3230615
3230689
3230705
3230732
3230760
3230803
3230808
3230934
3231006
3231134
3231294
3231331
3231361
3231406
3231423
3231462
3231529
3231589
3231608
3231624
3231653
3231655
3231787
3231852
3231877
3231886
3231999
3232020
3232169
3232177
3234295
3234385
3234400
3234445
3234468
3234479
3234527
3234588
3234773
3234837
3234874
3234914
3234950
3234977
3235007
3235023
3235047
3235108
3235116
3235128
3235168
3235206
3235264
3235281
3235326
3235370
3235437
3235471
3235514
3235658
3235778
3235890
3236110
3236143
3236176
3236303
3236363
3236478
3236503
3236600
3236605
3236694
3236726
3236744
3236945
3236963
3237116
3237122
3237127
3237137
3237212
3237299
3237361
3237375
3239375
3239404
3239408
3239439
3239455
3239465
3239616
3239672
3239762
3239781
3239890
3239894
3239900
3240037
3240055
3240107
3240208
3240270
3240314
3240346
3240387
3240442
3240458
3240480
3240625
3240660
3240680
3240690
3240791
3240826
3240867
3240916
3240937
3240980
3240986
3241002
3241010
3241014
3241098
3241186
3241202
3241237
3241258
3241295
3241505
3241515
3241618
3241623
3241745
3241845
3241857
3241878
3241919
3241968
3241984
3241992
3242017
3242049
3242094
3242106
3242161
3242180
3242186
3242253
3242383
3244436
3244441
3244446
3244464
3244497
3244518
3244541
3244557
3244582
3244590
3244610
3244631
3244637
3244661
3244666
3244711
3244739
3244746
3244752
3244777
3244791
3244819
3244852
3244873
3245019
3245044
3245070
3245104
3245152
3245158
3245224
3245229
3245232
3245330
3245335
3245454
3245478
3245492
3245501
3245520
3245523
3245577
3245613
3245642
3245665
3245672
3245678
3245782
3245806
3245822
3245839
3245850
3245854
3245916
3245935
3245950
3245954
3245957
3246029
3247230
3247326
3247347
3247423
3247453
3247461
3247540
3247565
3247606
3247618
3247622
3247630
3247646
3247653
3247654
3247676
3247681
3247700
3247724
3247726
3247739
3247746
3247791
3247813
3247838
3247842
3247871
3247876
3247903
3247976
3248001
3248006
3248015
3248035
3248036
3248037
3248039
3248051
3248061
3248147
3248175
3248186
3248205
3248259
3248302
3248311
3248313
3248350
3248368
3248381
3248391
3248424
3248492
3248507
3248513
3248545
3248633
3248639
3248727
3248738
3248746
3248828
3249030
3249944
3250043
3250044
3250053
3250086
3250102
3250122
3250128
3250131
3250136
3250154
3250178
3250196
3250215
3250247
3250289
3250294
3250297
3250330
3250332
3250349
3250353
3250379
3250399
3250455
3250490
3250492
3250569
3250616
3250650
3250705
3250706
3250758
3250775
3250792
3250805
3250817
3250896
3250921
3250967
3251013
3251047
3251051
3251075
3251079
3251083
3251084
3251097
3251111
3251169
3251183
3251245
3251255
3251256
3251312
3251316
3251321
3251329
3251376
3251385
3251398
3251399
3251401
3251458
3251464
3251500
3251511
3251541
3251565
3252654
3252673
3252680
3252685
3252821
3252861
3253080
3253217
3253280
3253389
3253391
3253488
3253543
3253651
3253665
3253683
3253689
3253697
3253726
3253733
3253743
3253744
3253802
3253930
3253937
3253940
3254004
3254011
3254069
3254072
3254079
3254135
3254153
3254178
3254218
3254242
3254270
3254275
3255386
3255423
3255480
3255502
3255510
3255512
3255568
3255642
3255661
3255707
3255713
3255853
3255881
3255882
3255893
3255895
3255906
3255965
3255977
3255990
3256014
3256028
3256031
3256041
3256047
3256106
3256150
3256212
3256217
3256235
3256274
3256302
3256350
3256365
3256413
3256422
3256440
3256475
3256518
3256574
3256659
3256660
3256672
3256684
3256706
3256710
3256765
3256771
3256809
3256858
3256945
3258137
3258255
3258260
3258264
3258269
3258309
3258316
3258352
3258359
3258370
3258383
3258403
3258414
3258415
3258439
3258558
3258559
3258575
3258611
3258640
3258642
3258838
3259096
3259158
3259173
3259183
3259195
3259250
3259302
3259335
3259337
3259348
3259349
3259353
3259410
3259577
3259579
3259591
3259594
3259608
3259635
3259644
3259669
3259715
3259719
3259812
3260886
3260895
3260900
3261016
3261081
3261562
3261575
3261587
3261599
3261610
3261613
3261686
3261687
3261712
3261732
3261763
3261766
3261782
3261787
3261815
3261817
3261824
3261833
3261865
3261875
3261885
3261907
3261935
3262002
3262003
3262008
3262025
3262035
3262048
3262068
3262073
3262082
3262133
3262165
3262216
3262235
3262248
3262312
3262344
3262365
3262384
3262390
3262486
3262490
3262499
3263663
3263720
3263727
3263823
3263839
3263924
3263949
3263972
3264000
3264021
3264033
3264056
3264077
3264089
3264113
3264138
3264181
3264247
3264273
3264277
3264299
3264342
3264374
3264405
3264428
3264446
3264447
3264462
3264466
3264467
3264478
3264489
3264492
3264497
3264533
3264535
3264861
3264873
3264908
3264937
3265019
3265026
3265106
3265163
3265196
3265248
3265320
3265341
3265345
3265384
3265390
3265447
3265457
3265465
3265472
3265621
3265656
3265738
3267953
3268017
3268055
3268111
3268165
3268167
3268273
3268294
3268302
3268323
3268360
3268408
3268468
3268476
3268510
3268621
3268960
3268993
3269011
3269205
3269245
3269345
3269428
3269526
3269605
3269611
3269667
3269689
3269739
3269790
3269876
3269878
3269978
3269994
3270063
3270067
3270118
3270200
3270218
3270225
3270273
3270281
3270516
3270675
3270710
3270856
3273275
3273348
3273482
3273610
3273621
3273878
3274025
3274042
3274130
3274196
3274296
3274307
3274393
3274497
3274550
3274604
3274752
3274837
3274845
3274857
3274869
3274887
3274903
3274948
3275044
3275057
3275120
3275122
3275202
3275254
3275274
3275325
3275371
3275479
3275534
3275624
3275677
3275698
3275861
3275923
3276180
3276205
3276524
3322402
3322437
3322621
3323402
3331422
3331587
3331593
3331829
3334535
3334709
3334713
3334806
3334894
3335667
3335711
3335748
3336054
3336354
3341642
3341681
3341700
3341837
3341909
3341915
3341960
3342090
3342099
3342116
3342120
3342132
3342159
3342188
3342203
3342231
3342258
3342339
3342365
3342377
3342424
3342439
3342476
3342558
3342565
3342579
3342587
3342592
3342599
3342624
3342674
3342729
3342773
3342790
3342794
3342822
3342832
3342906
3342930
3343006
3343033
3343182
3343204
3343240
3343254
3343281
3343285
3343298
3343369
3343440
3343450
3343528
3343593
3343597
3343609
3343610
3343628
3343695
3343715
3343791
3343834
3343900
3343903
3343931
3343932
3344048
3344085
3344087
3344107
3344109
3344161
3344163
3344172
3344187
3344229
3344338
3344361
3344362
3344408
3344461
3344537
3344573
3344607
3344611
3344642
3344690
3344744
3344943
3345054
3345056
3345062
3345080
3345084
3345139
3345149
3345279
3345285
3345319
3345325
3345344
3345362
3345416
3345437
3345455
3345466
3345502
3345513
3345515
3345538
3345607
3345654
3345695
3345739
3345752
3345779
3345825
3345871
3345877
3345898
3345900
3345928
3345954
3346004
3346049
3346067
3346165
3346252
3346261
3346265
3346286
3346300
3346318
3346332
3346402
3346409
3346415
3346462
3346492
3346514
3346559
3346592
3346601
3346617
3346633
3346658
3346663
3346708
3346772
3346773
3346849
3346860
3346879
3346926
3346960
3346991
3347029
3347068
3347093
3347120
3347132
3347225
3347310
3347311
3347313
3347356
3347362
3347365
3347436
3347464
3347485
3347533
3347617
3347619
3347632
3347659
3347696
3347873
3347882
3347966
3347991
3348015
3348112
3348120
3348231
3350852
3351825
3351840
3351867
3351899
3351914
3351927
3352024
3352033
3352034
3352072
3352124
3352131
3352225
3352312
3352320
3352359
3352368
3352478
3352623
3352647
3352648
3352655
3352701
3352733
3352758
3352811
3352855
3352879
3352954
3352973
3352976
3352978
3352991
3353005
3353036
3353131
3353134
3353147
3353155
3353172
3353197
3353240
3353247
3353249
3353286
3353321
3353347
3353349
3353413
3353415
3353475
3353487
3353512
3353515
3353528
3353555
3353563
3353584
3353602
3353619
3353621
3353631
3353634
3353663
3353682
3353704
3353713
3353726
3353732
3353750
3353791
3353793
3353823
3353869
3353905
3353953
3353974
3353994
3354017
3354051
3354110
3354155
3354222
3354227
3354235
3354262
3354269
3354289
3354357
3354363
3354380
3354413
3354460
3354465
3354533
3354572
3354630
3354685
3354711
3354730
3354735
3354745
3354749
3354751
3354814
3354832
3354840
3354887
3354910
3354943
3354998
3355090
3355094
3355106
3355112
3355177
3355336
3356452
3356500
3356568
3356579
3356729
3356776
3356881
3356967
3356978
3357080
3357114
3357173
3357223
3357728
3357767
3357787
3358060
3358214
3358379
3358469
3358537
3358605
3358625
3358644
3358700
3358773
3358843
3358899
3358913
3358992
3359020
3359057
3359064
3359076
3359130
3359162
3359166
3359222
3359259
3359265
3359275
3359286
3359391
3359403
3359425
3359520
3359535
3359573
3359585
3359591
3359647
3359658
3359701
3359718
3359825
3359884
3359888
3359966
3359982
3360039
3360160
3360199
3360245
3360296
3360311
3360314
3360347
3360382
3360385
3360406
3360419
3360421
3360458
3360508
3360544
3360545
3360550
3360571
3360576
3360606
3360666
3360704
3360706
3360725
3360752
3360755
3360761
3360857
3360881
3361084
3361117
3361206
3361222
3361240
3361320
3361445
3361506
3361582
3361712
3361713
3361743
3361828
3361898
3362041
3362190
3362277
3362386
3362407
3362458
3362530
3362554
3362580
3362658
3362710
3362729
3362815
3362821
3362897
3362914
3362958
3362983
3362998
3363098
3363147
3363161
3363335
3363347
3363408
3363417
3363484
3363618
3363636
3363724
3363752
3363784
3363863
3363965
3364073
3364152
3364161
3364162
3364170
3364213
3364215
3364239
3364284
3364294
3364367
3364378
3364388
3364411
3364460
3364461
3364482
3364490
3364503
3364513
3364544
3364579
3364681
3364735
3364736
3364771
3364849
3365000
3365013
3365051
3365102
3365108
3365112
3365194
3365247
3365313
3365395
3365402
3365459
3365485
3365731
3365793
3365843
3365896
3365926
3365929
3365986
3366017
3366021
3366022
3366050
3366118
3366192
3366304
3366354
3366432
3366457
3366740
3366853
3366865
3366889
3366903
3366906
3366984
3367048
3367097
3367154
3367199
3367211
3367280
3367344
3367364
3367412
3367457
3367607
3367611
3367659
3367864
3368170
3368201
3368221
3368251
3368293
3368311
3368335
3368350
3368393
3368638
3368675
3368698
3368796
3368899
3373698
3373706
3373727
3373739
3373866
3373870
3373901
3373927
3373935
3374153
3374163
3374174
3374227
3374296
3374317
3374330
3374410
3374476
3374481
3374520
3374614
3374615
3374698
3374751
3374833
3374877
3374918
3374966
3374982
3374987
3375023
3375095
3375106
3375143
3375151
3375166
3375169
3375182
3375200
3375235
3375245
3375290
3375293
3375294
3375343
3375353
3375364
3375386
3375399
3375402
3375418
3375463
3375472
3375483
3375523
3375530
3375562
3375587
3375614
3375622
3375709
3375736
3375804
3375864
3375872
3375894
3375898
3375911
3376082
3376108
3376128
3376141
3376195
3376269
3376415
3376416
3376451
3376517
3376559
3376578
3376613
3376622
3376706
3376727
3376751
3376762
3376784
3376798
3376808
3376822
3376843
3376850
3376870
3376890
3377110
3377160
3377201
3377243
3377279
3377306
3377412
3377489
3377498
3377508
3377528
3377563
3377565
3377574
3377583
3377658
3377685
3377711
3377715
3377727
3377731
3377835
3377854
3377915
3377989
3378056
3378093
3378107
3378113
3378136
3378194
3378200
3378212
3378218
3378256
3378288
3378335
3378393
3378420
3378490
3378571
3378575
3378630
3378673
3378681
3378697
3378750
3378810
3378826
3378900
3378962
3379027
3379035
3379050
3379144
3379222
3379232
3379277
3379281
3379289
3379326
3379333
3379372
3379414
3379465
3379484
3379521
3379524
3379547
3379610
3379637
3379676
3379696
3379733
3379769
3379785
3379837
3379878
3379897
3379940
3380350
3380387
3380440
3380703
3380758
3380837
3381179
3381186
3381237
3381304
3381316
3381423
3381438
3381466
3381502
3381705
3381736
3381744
3381769
3381904
3381946
3382003
3382224
3382705
3382737
3382773
3382785
3382789
3382904
3382944
3382963
3383060
3383276
3383411
3383415
3383448
3383470
3383485
3383555
3383774
3383830
3384151
3384178
3384195
3384238
3384261
3384264
3384265
3384427
3384467
3384490
3384514
3384559
3384566
3384695
3384806
3384821
3384889
3384964
3384990
3385036
3385073
3385081
3385111
3385190
3385196
3385247
3385253
3385351
3385502
3385505
3385513
3385584
3385594
3385626
3385666
3385713
3385749
3385773
3385792
3385810
3385896
3385916
3385942
3385943
3385956
3386019
3386026
3386048
3386122
3386159
3386210
3386218
3386233
3386236
3386243
3386254
3386287
3386330
3386332
3386345
3386381
3386519
3386521
3386596
3386678
3386723
3386754
3386771
3386834
3386847
3386896
3386900
3386933
3386975
3386996
3387062
3387082
3387138
3387210
3387244
3387265
3387271
3387417
3387449
3387473
3387502
3387509
3387511
3387557
3387558
3387616
3387649
3387676
3387687
3387695
3387766
3387816
3387849
3387868
3387917
3387919
3387920
3387951
3387972
3387980
3387982
3388002
3388015
3388027
3388085
3388132
3388165
3388201
3388203
3388238
3388311
3388338
3388377
3388389
3388447
3388495
3388537
3388550
3388554
3388555
3388590
3388632
3388658
3388673
3388826
3388837
3388846
3388858
3388878
3388888
3388922
3388928
3388944
3388955
3388979
3389008
3389138
3389153
3389169
3389192
3389196
3389249
3389367
3389399
3389452
3389460
3389477
3389485
3389486
3389568
3389583
3389619
3389621
3389666
3389669
3389769
3389868
3389897
3389915
3389926
3390037
3390057
3390200
3390208
3390215
3390260
3390365
3390424
3390475
3390585
3390615
3390849
3390920
3395216
3395219
3395291
3395329
3395419
3395428
3395446
3395513
3395561
3395568
3395584
3395587
3395589
3395630
3395746
3395770
3395805
3395810
3395831
3395906
3395928
3395984
3396017
3396041
3396078
3396116
3396171
3396182
3396246
3396282
3396340
3396383
3396387
3396405
3396413
3396429
3396437
3396473
3396508
3396529
3396531
3396559
3396674
3396713
3396716
3396744
3396854
3396881
3396884
3396903
3396904
3396913
3396924
3397005
3397058
3397091
3397122
3397190
3397224
3397256
3397315
3397353
3397358
3397367
3397380
3397384
3397475
3397491
3397505
3397539
3397553
3397563
3397565
3397571
3397667
3397721
3397728
3397748
3397820
3397836
3397892
3397945
3397965
3398083
3398264
3398281
3398282
3398419
3398476
3398485
3398529
3398557
3398600
3398809
3398997
3399175
3399177
3399190
3399270
3399291
3399412
3399420
3399427
3399687
3399730
3399791
3399898
3399930
3400001
3400028
3400110
3400156
3400174
3400353
3400371
3400397
3400639
3400737
3400748
3400785
3400826
3400835
3400994
3401000
3401020
3401032
3401041
3401050
3401124
3401141
3401205
3401262
3401483
3401499
3401662
3401703
3401945
