2979119
2979164
2979167
2979224
2979226
2979227
2979231
2979251
2979261
2979273
2979276
2979297
2979669
2979706
2979725
2979729
2979738
2979743
2979752
2979774
2979779
2979794
2979815
2979823
2979824
2979837
2979858
2979862
2979872
3034952
3034955
3034967
3034988
3034990
3034993
3034998
3035007
3035023
3035042
3035049
3035054
3035067
3035070
3035123
3035126
3035137
3035152
3035166
3035168
3035173
3035223
3035242
3035270
3035354
3035374
3035688
3035696
3035707
3035734
3035738
3035762
3035786
3035796
3035804
3035806
3035853
3035854
3035858
3035862
3035922
3035926
3035930
3035940
3035967
3035977
3035979
3035986
3035994
3036006
3036015
3036063
3036071
3036076
3036105
3036119
3036157
3036170
3036175
3036177
3036181
3036192
3036199
3036203
3036214
3036238
3036242
3036306
3036335
3036346
3036350
3036351
3036367
3036381
3036419
3036425
3036455
3036494
3036499
3036530
3037554
3037886
3037888
3037899
3037927
3037930
3037931
3037955
3038125
3038134
3038139
3038148
3038157
3038162
3038174
3038224
3038237
3038241
3038244
3038255
3038269
3038285
3038287
3038316
3038334
3038357
3038368
3038392
3038403
3038495
3038498
3038499
3038508
3038510
3038511
3038514
3038526
3038529
3038554
3038608
3038617
3038620
3038626
3038641
3038654
3038660
3038677
3038724
3038763
3038783
3038784
3038796
3038814
3038815
3038838
3038844
3038863
3038868
3038873
3038909
3038937
3038943
3038947
3038977
3038987
3039002
3039003
3039026
3039036
3039064
3039074
3039081
3039094
3039098
3039111
3039116
3039119
3039141
3039165
3039175
3039180
3039200
3039210
3039214
3039216
3039249
3039257
3040355
3040368
3040376
3040408
3040412
3040414
3040416
3040467
3040491
3040510
3040523
3040526
3040530
3040535
3040538
3040546
3040568
3040574
3040578
3040585
3040605
3040617
3040632
3040633
3040634
3040649
3040655
3040657
3040677
3040679
3040700
3040717
3040724
3040789
3040796
3040804
3040850
3040864
3040868
3040875
3040876
3040879
3040882
3040892
3040910
3040920
3040938
3040957
3041004
3041014
3041016
3041025
3041026
3041039
3041079
3041084
3041086
3041087
3041108
3041188
3041194
3041195
3041210
3041211
3041219
3041240
3041243
3041248
3041295
3041316
3041337
3041346
3041348
3041355
3041357
3041471
3041474
3041481
3041494
3041516
3041521
3041541
3041563
3041565
3041598
3041600
3041604
3041609
3041614
3041639
3041642
3041668
3041669
3041672
3041686
3041687
3041709
3041738
3041740
3041755
3041763
3041828
3041837
3041970
3041978
3041994
3043087
3043098
3043101
3043102
3043150
3043155
3043235
3043241
3043242
3043273
3043286
3043291
3043295
3043332
3043333
3043341
3043356
3043367
3043387
3043400
3043446
3043457
3043466
3043473
3043489
3043536
3043539
3043545
3043551
3043558
3043572
3043575
3043588
3043614
3043618
3043637
3043669
3043676
3043687
3043693
3043704
3043718
3043733
3043741
3043750
3043786
3043790
3043819
3043839
3043857
3043925
3043933
3043942
3043947
3043962
3044011
3044053
3044056
3044057
3044063
3044070
3044076
3044087
3044115
3044144
3044191
3044195
3044210
3044222
3044224
3044234
3044239
3044246
3044248
3044380
3044383
3044396
3044400
3044405
3044406
3044414
3044417
3044430
3044440
3044490
3044500
3044532
3044594
3044605
3044608
3044613
3044854
3045706
3045726
3045739
3045750
3045809
3045820
3045830
3045836
3045837
3045850
3045857
3045866
3045876
3045879
3045893
3045908
3045922
3045926
3045927
3045940
3045956
3045994
3046005
3046014
3046055
3046061
3046090
3046093
3046100
3046135
3046139
3046146
3046191
3046221
3046224
3046244
3046269
3046292
3046306
3046314
3046328
3046329
3046330
3046333
3046344
3046363
3046364
3046365
3046393
3046407
3046433
3046442
3046443
3046463
3046471
3046475
3046478
3046514
3046525
3046540
3046581
3046588
3046604
3046624
3046626
3046628
3046684
3046691
3046698
3046704
3046714
3046743
3046775
3046785
3046797
3046807
3046818
3046823
3046824
3046866
3046874
3046888
3046892
3046897
3046942
3046971
3046977
3046996
3047017
3047025
3047036
3047050
3047051
3047059
3047081
3047084
3047152
3047170
3047209
3047249
3047251
3047266
3047282
3047296
3047321
3047332
3047354
3047375
3047379
3047426
3047431
3048454
3048459
3048481
3048499
3048529
3048546
3048556
3048559
3048592
3048625
3048647
3048665
3048666
3048689
3048694
3048704
3048724
3048729
3048730
3048740
3048828
3048832
3048837
3048843
3048852
3048856
3048893
3048911
3048912
3048920
3048951
3048962
3049024
3049026
3049049
3049072
3049080
3049091
3049122
3049128
3049145
3049146
3049178
3049182
3049192
3049195
3049205
3049209
3049210
3049219
3049220
3049223
3049245
3049253
3049265
3049276
3049288
3049290
3049293
3049316
3049411
3049421
3049424
3049428
3049447
3049458
3049475
3049521
3049526
3049549
3049550
3049551
3049556
3049567
3049574
3049578
3049590
3049629
3049634
3049641
3049651
3049664
3049700
3049709
3049715
3049716
3049733
3049774
3049775
3049781
3049835
3049859
3049872
3049873
3049882
3049954
3049960
3049975
3049987
3049994
3050004
3051141
3051245
3051269
3051275
3051283
3051309
3051312
3051328
3051342
3051356
3051362
3051368
3051409
3051455
3051460
3051466
3051470
3051476
3051478
3051486
3051493
3051497
3051498
3051502
3051516
3051545
3051566
3051570
3051593
3051611
3051614
3051633
3051641
3051642
3051692
3051711
3051733
3051739
3051763
3051783
3051800
3051812
3051821
3051838
3051856
3051877
3051885
3051926
3051932
3051944
3051964
3051975
3051994
3051999
3052003
3052054
3052057
3052065
3052066
3052081
3052111
3052126
3052153
3052154
3052157
3052163
3052221
3052232
3052265
3052343
3052360
3052361
3052379
3052391
3052395
3052414
3052416
3052424
3052456
3052457
3052469
3052474
3052490
3052514
3052538
3052543
3052545
3052571
3052611
3052625
3052649
3052655
3052665
3052700
3052743
3052750
3052754
3052760
3052784
3052814
3052815
3052817
3052825
3052826
3052831
3052851
3052861
3052867
3052868
3052889
3052890
3052891
3052915
3052945
3052973
3052978
3052993
3053010
3053026
3053032
3053038
3053052
3053073
3053082
3053109
3053122
3053152
3053160
3053218
3053232
3053237
3053245
3053255
3053268
3053270
3053274
3053280
3053305
3053311
3053343
3053348
3053350
3053352
3053364
3053365
3053375
3054451
3054494
3054495
3054497
3054505
3054520
3054557
3054562
3054567
3054575
3054584
3054600
3054616
3054634
3054678
3054683
3054686
3054687
3054709
3054721
3054722
3054730
3054767
3054786
3054787
3054795
3054797
3054798
3054817
3054841
3054852
3054859
3054889
3054903
3054935
3054993
3055011
3055021
3055022
3055027
3055047
3055053
3055058
3055064
3055065
3055115
3055162
3055166
3055289
3055316
3055323
3055336
3055546
3055613
3055626
3055659
3055713
3055792
3055821
3055835
3055844
3055848
3055873
3055929
3055942
3055943
3055977
3055980
3055998
3056008
3056034
3056098
3056102
3056119
3056125
3056590
3056592
3056596
3056623
3056630
3056633
3056662
3056675
3056726
3056753
3056760
3056762
3056763
3056781
3056788
3056797
3056860
3056869
3056875
3056877
3056883
3056885
3056895
3056899
3056955
3056965
3056988
3057004
3057007
3057013
3057018
3057061
3057082
3057085
3057091
3057102
3057103
3057110
3057113
3057140
3057144
3057152
3057169
3057194
3057200
3057203
3057216
3057241
3057267
3057271
3057277
3057280
3057283
3057284
3057299
3057323
3057393
3057409
3057418
3057426
3057430
3057437
3057461
3057463
3057502
3057509
3057513
3057527
3057532
3057543
3057547
3057589
3057595
3057619
3057640
3057652
3057691
3057756
3057820
3058715
3058754
3058789
3058795
3058799
3058814
3058825
3058829
3058864
3058884
3058888
3058925
3058954
3058976
3058977
3059085
3059088
3059116
3059263
3059265
3059299
3059307
3059308
3059445
3059454
3059457
3059463
3059464
3059494
3059513
3059540
3059572
3059580
3059586
3059588
3059594
3059595
3059599
3059616
3059671
3059685
3059699
3059729
3059737
3059772
3059798
3059834
3059836
3059843
3059851
3059865
3059889
3059955
3059976
3060005
3060006
3060026
3060029
3060035
3060052
3060063
3060068
3060080
3060097
3060101
3060139
3060143
3060156
3060172
3060180
3060189
3060209
3060218
3060225
3060239
3060242
3060258
3060271
3060279
3060299
3060333
3060338
3060349
3060357
3060359
3060380
3060393
3061106
3061418
3061459
3061470
3061484
3061486
3061487
3061559
3061612
3061615
3061622
3061629
3061640
3061642
3061647
3061682
3061687
3061731
3061737
3061756
3061770
3061780
3061793
3061835
3061845
3061853
3061866
3061869
3061871
3061886
3061900
3061901
3061930
3061942
3061943
3061948
3061959
3061964
3062000
3062002
3062030
3062034
3062042
3062054
3062057
3062059
3062088
3062127
3062134
3062136
3062140
3062143
3062225
3062226
3062232
3062248
3062261
3062272
3062310
3062324
3062333
3062348
3062358
3062373
3062393
3062412
3062426
3062437
3062489
3062493
3062497
3062501
3062529
3062541
3062565
3062588
3062592
3062594
3062599
3062613
3062659
3062665
3062666
3062677
3062680
3062685
3062688
3062710
3062730
3062739
3062748
3062765
3062776
3062795
3062806
3062819
3062824
3062825
3062839
3062848
3062856
3062868
3062874
3062897
3062911
3062916
3062922
3062923
3062933
3062950
3062958
3063024
3063025
3063058
3063066
3063068
3063078
3063083
3063096
3063100
3063126
3063133
3063136
3063173
3063179
3064086
3064186
3064191
3064204
3064230
3064242
3064270
3064295
3064305
3064310
3064335
3064339
3064349
3064371
3064384
3064385
3064386
3064387
3064388
3064390
3064411
3064447
3064459
3064479
3064480
3064500
3064519
3064529
3064561
3064563
3064564
3064588
3064614
3064645
3064661
3064662
3064686
3064693
3064724
3064762
3064764
3064765
3064767
3064784
3064788
3064793
3064834
3064855
3064872
3064876
3064896
3064951
3064956
3064959
3064968
3064978
3064983
3065001
3065024
3065025
3065027
3065030
3065039
3065044
3065056
3065079
3065097
3065100
3065349
3065370
3065373
3065376
3065405
3065407
3065418
3065421
3065429
3065462
3065482
3065490
3065492
3065510
3065537
3065559
3065569
3065588
3065590
3065598
3065622
3065681
3065685
3065714
3065716
3065722
3065794
3066800
3066820
3066824
3066880
3066922
3066926
3066938
3066960
3066990
3066996
3067011
3067020
3067055
3067056
3067073
3067110
3067148
3067153
3067166
3067218
3067254
3067255
3067275
3067278
3067287
3067293
3067326
3067328
3067340
3067369
3067372
3067380
3067383
3067426
3067451
3067469
3067488
3067496
3067559
3067584
3067603
3067611
3067619
3067635
3067648
3067650
3067662
3067685
3067711
3067745
3067750
3067768
3067820
3067824
3067833
3067856
3067868
3067881
3067889
3067896
3067911
3067912
3067914
3067926
3067927
3067929
3067954
3067974
3067977
3067996
3068017
3068022
3068028
3068031
3068037
3068045
3068064
3068089
3068113
3068156
3068157
3068158
3068161
3068190
3068208
3068216
3068226
3068240
3068251
3068260
3068262
3068271
3068274
3068288
3068291
3068327
3068358
3068367
3068399
3068408
3068434
3068438
3068455
3068464
3068465
3068494
3068505
3069502
3069508
3069532
3069538
3069552
3069577
3069592
3069610
3069615
3069616
3069649
3069653
3069667
3069694
3069709
3069836
3069877
3069879
3069882
3069892
3069901
3069903
3069906
3069933
3069935
3069938
3069949
3069954
3069967
3069969
3069991
3070053
3070144
3070154
3070159
3070169
3070172
3070200
3070212
3070236
3070288
3070325
3070330
3070369
3070387
3070395
3070401
3070407
3070428
3070430
3070433
3070465
3070485
3070486
3070493
3070495
3070512
3070538
3070559
3070563
3070599
3070606
3070756
3070758
3070825
3070872
3070920
3070964
3071022
3071059
3071100
3071116
3071204
3071209
3071221
3071259
3072231
3072235
3072318
3072319
3072320
3072321
3072323
3072466
3072468
3072476
3072482
3072498
3072501
3072520
3072542
3072592
3072629
3072642
3072645
3072684
3072687
3072688
3072691
3072781
3072791
3072805
3072824
3072832
3072853
3072860
3072862
3072883
3072888
3072894
3072912
3072918
3072965
3072974
3073010
3073015
3073038
3073064
3073088
3073110
3073113
3073157
3073174
3073182
3073236
3073252
3073286
3073295
3073316
3073332
3073367
3073466
3073467
3073471
3073475
3073481
3073495
3073505
3073518
3073533
3073562
3073571
3073580
3073598
3073602
3073603
3073616
3073642
3073648
3073667
3073753
3073758
3073768
3073776
3073785
3073804
3073828
3073837
3073854
3073868
3073876
3073883
3073884
3073897
3074960
3074966
3074975
3074976
3074989
3074997
3075035
3075037
3075049
3075055
3075056
3075070
3075088
3075092
3075102
3075104
3075113
3075117
3075120
3075128
3075184
3075220
3075221
3075232
3075252
3075261
3075264
3075267
3075284
3075288
3075289
3075319
3075351
3075354
3075355
3075364
3075428
3075444
3075458
3075468
3075489
3075491
3075522
3075526
3075538
3075541
3075549
3075567
3075609
3075641
3075647
3075649
3075694
3075747
3075751
3075764
3075767
3075787
3075793
3075794
3075803
3075812
3075821
3075876
3075879
3075886
3075906
3075938
3075941
3075983
3076010
3076017
3076026
3076031
3076044
3076089
3076091
3076110
3076132
3076133
3076136
3076137
3076145
3076162
3076170
3076172
3076181
3076189
3076199
3076212
3076214
3076219
3076227
3076275
3076278
3076279
3076325
3076335
3076337
3076351
3076354
3076360
3076365
3076381
3076394
3076447
3076448
3076473
3076497
3076522
3076528
3076704
3077665
3077681
3077689
3077694
3077698
3077702
3077782
3077795
3077796
3077809
3077813
3077815
3077832
3077845
3077849
3077851
3077856
3077859
3077876
3077889
3077899
3077905
3077922
3077927
3077930
3077933
3077935
3077949
3077951
3077961
3077987
3078025
3078106
3078132
3078147
3078192
3078213
3078221
3078225
3078248
3078251
3078262
3078269
3078272
3078284
3078289
3078320
3078338
3078357
3078360
3078368
3078403
3078423
3078425
3078453
3078461
3078481
3078483
3078540
3078567
3078571
3078579
3078598
3078599
3078600
3078622
3078629
3078655
3078700
3078716
3078718
3078727
3078741
3078779
3078782
3078787
3078797
3078801
3078802
3078808
3078828
3078847
3078852
3078859
3078872
3078903
3078951
3078953
3078954
3078958
3078961
3078975
3078999
3079001
3079013
3079017
3079022
3079025
3079045
3079046
3079082
3079097
3079128
3079154
3079168
3079186
3079187
3079236
3079244
3079270
3079290
3079292
3079297
3079302
3079304
3079309
3079387
3079917
3080395
3080422
3080425
3080432
3080497
3080547
3080555
3080581
3080599
3080605
3080609
3080610
3080612
3080633
3080649
3080661
3080663
3080665
3080702
3080725
3080780
3080790
3080794
3080838
3080843
3080853
3080854
3080882
3080886
3080889
3080891
3080902
3080917
3080932
3080938
3080939
3080971
3080981
3080982
3080999
3081013
3081026
3081052
3081057
3081069
3081105
3081113
3081140
3081143
3081163
3081166
3081180
3081217
3081220
3081228
3081269
3081270
3081301
3081305
3081344
3081387
3081397
3081416
3081421
3081429
3081443
3081496
3081500
3081530
3081534
3081546
3081553
3081571
3081572
3081583
3081605
3081606
3081608
3081630
3081638
3081644
3081657
3081668
3081681
3081698
3081704
3081707
3081726
3081759
3081765
3081770
3081778
3081788
3081798
3081807
3081821
3081822
3081840
3081851
3081866
3081892
3081900
3081905
3081912
3081930
3081931
3081933
3081935
3081942
3081950
3081953
3082007
3082010
3082015
3082027
3082031
3082073
3082074
3082078
3082082
3082084
3082091
3082121
3082472
3082487
3083120
3083128
3083178
3083187
3083193
3083195
3083197
3083214
3083219
3083229
3083238
3083242
3083247
3083250
3083269
3083304
3083322
3083345
3083368
3083384
3083403
3083404
3083410
3083414
3083420
3083424
3083433
3083440
3083469
3083503
3083506
3083535
3083546
3083573
3083592
3083596
3083606
3083629
3083638
3083661
3083664
3083676
3083680
3083702
3083705
3083721
3083727
3083740
3083746
3083760
3083770
3083772
3083776
3083808
3083833
3083837
3083893
3083896
3083897
3083926
3083930
3083943
3083947
3083964
3083968
3083991
3083996
3084008
3084010
3084021
3084053
3084055
3084068
3084073
3084109
3084135
3084162
3084191
3084203
3084209
3084210
3084220
3084222
3084229
3084238
3084247
3084249
3084253
3084254
3084266
3084290
3084292
3084293
3084295
3084317
3084340
3084346
3084348
3084376
3084378
3084380
3084384
3084404
3084408
3084438
3084451
3084454
3084462
3084481
3084504
3084522
3084527
3084539
3084590
3084594
3084696
3084741
3084742
3085799
3085901
3085908
3085952
3085953
3085964
3085982
3085994
3086008
3086025
3086042
3086085
3086088
3086104
3086120
3086129
3086134
3086157
3086178
3086187
3086193
3086196
3086202
3086205
3086264
3086304
3086333
3086335
3086341
3086350
3086351
3086365
3086377
3086383
3086392
3086394
3086400
3086434
3086435
3086454
3086471
3086490
3086493
3086501
3086504
3086511
3086526
3086537
3086552
3086558
3086567
3086571
3086582
3086583
3086597
3086604
3086606
3086621
3086622
3086649
3086720
3086738
3086741
3086759
3086764
3086788
3086796
3086829
3086859
3086868
3086886
3086891
3086908
3086909
3086926
3086931
3086987
3087019
3087023
3087029
3087030
3087033
3087034
3087038
3087043
3087058
3087060
3087078
3087097
3087122
3087166
3087176
3087177
3087178
3087241
3087301
3087303
3087325
3087326
3087364
3087444
3088511
3088532
3088535
3088543
3088577
3088592
3088611
3088619
3088647
3088687
3088701
3088706
3088707
3088723
3088725
3088726
3088759
3088769
3088771
3088792
3088845
3088860
3088869
3088880
3088883
3088884
3088892
3088905
3088909
3088910
3088915
3088965
3088986
3088987
3088997
3089003
3089031
3089034
3089045
3089071
3089091
3089121
3089134
3089151
3089157
3089171
3089196
3089208
3089211
3089221
3089229
3089236
3089239
3089240
3089248
3089260
3089304
3089381
3089450
3089487
3089494
3089496
3089531
3089532
3089545
3089550
3089561
3089576
3089585
3089614
3089617
3089618
3089619
3089621
3089623
3089657
3089658
3089668
3089675
3089679
3089684
3089692
3089728
3089740
3089749
3089761
3089780
3089784
3089802
3089805
3089808
3089819
3089831
3089871
3089905
3089925
3089935
3089948
3089952
3089957
3089965
3089978
3090000
3090017
3090018
3090021
3090035
3090069
3090081
3090082
3090155
3090179
3090194
3091254
3091271
3091273
3091290
3091291
3091296
3091319
3091361
3091363
3091376
3091393
3091428
3091435
3091479
3091515
3091561
3091562
3091574
3091575
3091579
3091584
3091603
3091624
3091635
3091647
3091689
3091705
3091706
3091726
3091742
3091774
3091783
3091794
3091817
3091824
3091840
3091860
3091883
3091931
3091939
3091945
3091947
3091989
3092018
3092029
3092043
3092067
3092092
3092119
3092183
3092190
3092224
3092228
3092293
3092298
3092313
3092335
3092347
3092348
3092391
3092411
3092417
3092420
3092422
3092458
3092462
3092489
3092517
3092526
3092549
3092584
3092587
3092593
3092642
3092649
3092675
3092684
3092732
3092735
3092745
3092750
3092763
3092765
3092766
3092775
3092779
3092781
3092784
3092806
3092850
3092865
3092868
3093124
3093906
3093927
3093933
3093941
3093945
3093954
3093968
3094104
3094109
3094119
3094123
3094150
3094204
3094206
3094211
3094215
3094229
3094230
3094234
3094243
3094253
3094267
3094272
3094273
3094274
3094301
3094302
3094316
3094323
3094332
3094339
3094360
3094362
3094368
3094370
3094387
3094409
3094436
3094444
3094445
3094450
3094461
3094464
3094487
3094505
3094543
3094547
3094552
3094569
3094586
3094627
3094649
3094676
3094690
3094691
3094693
3094712
3094730
3094739
3094791
3094811
3094812
3094826
3094844
3094847
3094882
3094892
3094921
3094932
3094941
3094949
3094956
3094958
3094962
3095042
3095067
3095077
3095095
3095104
3095105
3095111
3095130
3095154
3095166
3095225
3095230
3095243
3095262
3095266
3095275
3095290
3095296
3095297
3095312
3095313
3095319
3095329
3095359
3095365
3095366
3095374
3095398
3095399
3095448
3095469
3095489
3096672
3096683
3096729
3096774
3096782
3096785
3096810
3096815
3096838
3096859
3096884
3096900
3096908
3096913
3096919
3096936
3096974
3096982
3096984
3096989
3096995
3097002
3097005
3097029
3097062
3097096
3097101
3097116
3097148
3097163
3097172
3097177
3097192
3097221
3097225
3097255
3097267
3097278
3097281
3097283
3097285
3097307
3097317
3097336
3097345
3097375
3097400
3097411
3097423
3097439
3097442
3097451
3097468
3097485
3097492
3097499
3097527
3097530
3097550
3097558
3097591
3097595
3097599
3097611
3097617
3097621
3097636
3097642
3097669
3097672
3097699
3097705
3097714
3097720
3097722
3097726
3097760
3097762
3097831
3097849
3097869
3097873
3097875
3097889
3097893
3097897
3097899
3097952
3097986
3097999
3098015
3098046
3098047
3098059
3098065
3098080
3098110
3098156
3098157
3098165
3098166
3098188
3098221
3098222
3098239
3098243
3098244
3098255
3098257
3098259
3098287
3098304
3099345
3099347
3099348
3099355
3099356
3099364
3099371
3099375
3099378
3099382
3099384
3099386
3099388
3099398
3099406
3099424
3099430
3099446
3099453
3099479
3099489
3099501
3099511
3099533
3099555
3099558
3099565
3099568
3099569
3099593
3099605
3099622
3099633
3099647
3099649
3099652
3099696
3099717
3099731
3099759
3099769
3099781
3099789
3099853
3099855
3099873
3099874
3099890
3099929
3099967
3099990
3100020
3100033
3100034
3100045
3100099
3100119
3100131
3100133
3100145
3100150
3100151
3100161
3100198
3100209
3100217
3100223
3100231
3100248
3100254
3100259
3100266
3100279
3100319
3100323
3100330
3100339
3100364
3100379
3100388
3100397
3100401
3100405
3100419
3100442
3100445
3100453
3100458
3100500
3100540
3100592
3100616
3100617
3100632
3100647
3100648
3100655
3100661
3100668
3100671
3100676
3100692
3100705
3100716
3100719
3100722
3100738
3100746
3100750
3100756
3100762
3100771
3100791
3100805
3100809
3100827
3100830
3100831
3100846
3100847
3100860
3100861
3100872
3100875
3100896
3101008
3101009
3101013
3101046
3101050
3101065
3101069
3101070
3102088
3102089
3102090
3102098
3102105
3102109
3102142
3102143
3102159
3102163
3102179
3102185
3102194
3102200
3102202
3102217
3102219
3102235
3102241
3102267
3102328
3102343
3102390
3102407
3102418
3102426
3102485
3102501
3102520
3102532
3102557
3102563
3102569
3102580
3102585
3102650
3102701
3102705
3102720
3102738
3102745
3102754
3102762
3102766
3102790
3102799
3102830
3102869
3102870
3102883
3102888
3102906
3102923
3102965
3102969
3102987
3102993
3102998
3103079
3103084
3103190
3103195
3103210
3103213
3103219
3103221
3103222
3103238
3103242
3103286
3103291
3103294
3103320
3103329
3103333
3103348
3103387
3103398
3103399
3103415
3103426
3103431
3103441
3103473
3103490
3103512
3103553
3103559
3103564
3103566
3103570
3103579
3103582
3103600
3103609
3103630
3103692
3103696
3103700
3103711
3103713
3104759
3104761
3104775
3104851
3104858
3104868
3104878
3104889
3104892
3104909
3104917
3104936
3104943
3104966
3104975
3104984
3104988
3105012
3105038
3105039
3105042
3105046
3105051
3105076
3105078
3105100
3105101
3105123
3105124
3105126
3105184
3105201
3105228
3105240
3105274
3105283
3105295
3105305
3105318
3105335
3105359
3105363
3105376
3105386
3105387
3105405
3105413
3105416
3105444
3105479
3105482
3105495
3105500
3105517
3105530
3105543
3105555
3105556
3105559
3105615
3105626
3105629
3105654
3105659
3105668
3105672
3105674
3105700
3105720
3105733
3105743
3105748
3105761
3105773
3105776
3105881
3105887
3105904
3105912
3105925
3105928
3105937
3105938
3105942
3105962
3105963
3105964
3105977
3105980
3105992
3106004
3106043
3106047
3106051
3106108
3106115
3106121
3106132
3106143
3106147
3106158
3106164
3106169
3106204
3106221
3106226
3106246
3106326
3106328
3106347
3106356
3106359
3106391
3107183
3107197
3107198
3107235
3107237
3107247
3107250
3107251
3107281
3107292
3107295
3107300
3107301
3107321
3107325
3107327
3107340
3107344
3107353
3107356
3107360
3107361
3107375
3107377
3107392
3107399
3107401
3107404
3107407
3107408
3107420
3107435
3107454
3107459
3107472
3107525
3107526
3107531
3107544
3107562
3107630
3107632
3107642
3107652
3107685
3107689
3107694
3107744
3107752
3107754
3107757
3107778
3107790
3107794
3107805
3107806
3107819
3107830
3107837
3107838
3107851
3107857
3107876
3107897
3107949
3107952
3107988
3107990
3108001
3108024
3108499
3108564
3108569
3108578
3108583
3108618
3108662
3108710
3108935
3108944
3108950
3108958
3108963
3108971
3108973
3108999
3109012
3109015
3109018
3109020
3109034
3109091
3109103
3109113
3109120
3109134
3109279
3109305
3109465
3110489
3110520
3110521
3110529
3110535
3110536
3110553
3110566
3110570
3110573
3110585
3110596
3110605
3110646
3110658
3110659
3110725
3110809
3110837
3110850
3110867
3110888
3110908
3110912
3110914
3110918
3110924
3110944
3110974
3110975
3111013
3111017
3111076
3111123
3111131
3111151
3111154
3111177
3111250
3111252
3111266
3111278
3111286
3111320
3111321
3111325
3111347
3111351
3111375
3111395
3111421
3111450
3111480
3111502
3111506
3111531
3111533
3111623
3111657
3111678
3111680
3111681
3111705
3111710
3111719
3111762
3111789
3111838
3111849
3111882
3111894
3111895
3111906
3111909
3111917
3111927
3111934
3111940
3111942
3111944
3111953
3111962
3111973
3111994
3112026
3112027
3112032
3112037
3112054
3112140
3113307
3113314
3113326
3113336
3113359
3113366
3113382
3113402
3113404
3113409
3113420
3113436
3113441
3113443
3113458
3113478
3113484
3113534
3113537
3113551
3113573
3113574
3113581
3113586
3113600
3113608
3113616
3113636
3113643
3113653
3113666
3113670
3113677
3113678
3113694
3113695
3113733
3113772
3113778
3113779
3113790
3113840
3113848
3113882
3113892
3113894
3113906
3113921
3113923
3113929
3113937
3113946
3113954
3113968
3113975
3113991
3114021
3114030
3114039
3114148
3114161
3114183
3114190
3114201
3114202
3114215
3114238
3114245
3114271
3114277
3114279
3114291
3114292
3114295
3114297
3114304
3114315
3114376
3114377
3114388
3114405
3114414
3114457
3114460
3114462
3114480
3114504
3114543
3114673
3115790
3115794
3115795
3115802
3115819
3115827
3115842
3115847
3115881
3115883
3115886
3115948
3117015
3117021
3117025
3117026
3117048
3117066
3117079
3117099
3117102
3117172
3117196
3117219
3117239
3117242
3117275
3117282
3117286
3117299
3117302
3117314
3117315
3117349
3117381
3117395
3117406
3117415
3117425
3117437
3117448
3117457
3117465
3117468
3117481
3117482
3117488
3117567
3117605
3117680
3117730
3117732
3117748
3117769
3117776
3117809
3117838
3117840
3117846
3117851
3117865
3117886
3117891
3117912
3117950
3117959
3117973
3118006
3118020
3118023
3118049
3118061
3118079
3118083
3118110
3118118
3118121
3118136
3118140
3118175
3118179
3118185
3118197
3118218
3118220
3118230
3118238
3118260
3118267
3118279
3118280
3118298
3118312
3118314
3118329
3118335
3118370
3118373
3118374
3118391
3118407
3118421
3118451
3118474
3118547
3118567
3118581
3118604
3118609
3118650
3119700
3119701
3119731
3119739
3119746
3119750
3119754
3119764
3119777
3119823
3119830
3119832
3119869
3119897
3119925
3119926
3119927
3119939
3120012
3120046
3120052
3120057
3120059
3120070
3120104
3120121
3120128
3120131
3120143
3120159
3120160
3120181
3120182
3120196
3120197
3120200
3120201
3120222
3120224
3120236
3120244
3120268
3120272
3120313
3120316
3120336
3120352
3120367
3120386
3120399
3120405
3120412
3120415
3120435
3120437
3120467
3120478
3120481
3120505
3120507
3120508
3120520
3120530
3120694
3120710
3120727
3120767
3120809
3120846
3120891
3120894
3120906
3120914
3120931
3120940
3120955
3120971
3120985
3120989
3121001
3121046
3121063
3121072
3121090
3121094
3121098
3121107
3121109
3121145
3121168
3121179
3121183
3121196
3121198
3121203
3121205
3121231
3121234
3121240
3121266
3121270
3121278
3121282
3121312
3121314
3121330
3121788
3121794
3121813
3122376
3122392
3122394
3122431
3122462
3122480
3122507
3122515
3122517
3122528
3122542
3122563
3122579
3122584
3122596
3122649
3122650
3122652
3122654
3122692
3122703
3122710
3122719
3122720
3122725
3122753
3122757
3122758
3122771
3122775
3122787
3122794
3122804
3122833
3122842
3122845
3122846
3122851
3122854
3122866
3122872
3122886
3122897
3122900
3122911
3122924
3122930
3122943
3122951
3122963
3122967
3122973
3122998
3123006
3123011
3123030
3123043
3123058
3123061
3123062
3123072
3123086
3123099
3123102
3123130
3123133
3123155
3123159
3123164
3123178
3123235
3123237
3123243
3123260
3123266
3123268
3123288
3123293
3123312
3123319
3123326
3123328
3123347
3123355
3123356
3123357
3123364
3123369
3123379
3123387
3123397
3123404
3123416
3123457
3123460
3123465
3123475
3123483
3123484
3123493
3123495
3123516
3123528
3123530
3123555
3123564
3123568
3123579
3123611
3123621
3123674
3123692
3123709
3123711
3123713
3123743
3123759
3123762
3123764
3123767
3123793
3123815
3123816
3123832
3123869
3123870
3123876
3123909
3123924
3123942
3123948
3123959
3123971
3124005
3124012
3124020
3124038
3124039
3124051
3124055
3124085
3124090
3124091
3125080
3125086
3125094
3125109
3125115
3125119
3125121
3125139
3125145
3125174
3125214
3125218
3125303
3125309
3125323
3125326
3125333
3125385
3125389
3125415
3125444
3125447
3125462
3125475
3125477
3125488
3125493
3125497
3125498
3125512
3125533
3125545
3125570
3125590
3125651
3125678
3125690
3125704
3125749
3125766
3125784
3125792
3125798
3125803
3125832
3125836
3125867
3125876
3125878
3125917
3125957
3125979
3126025
3126026
3126032
3126060
3126063
3126085
3126087
3126091
3126128
3126143
3126150
3126156
3126185
3126204
3126213
3126227
3126230
3126236
3126252
3126260
3126265
3126285
3126297
3126308
3126314
3126324
3126329
3126337
3126358
3126372
3126389
3126416
3126458
3126460
3126503
3126508
3126525
3126529
3126539
3126544
3126551
3126563
3126565
3126566
3126582
3126594
3126598
3126606
3126609
3126615
3126619
3126624
3126640
3126642
3126643
3126647
3126651
3126657
3126666
3126670
3126672
3126683
3126714
3126727
3126747
3126764
3126796
3126809
3126825
3126830
3127816
3127818
3127878
3127885
3127904
3127911
3127935
3127936
3127949
3127974
3127998
3128018
3128023
3128038
3128042
3128048
3128066
3128080
3128123
3128127
3128181
3128184
3128201
3128208
3128210
3128213
3128231
3128251
3128285
3128307
3128313
3128332
3128337
3128338
3128343
3128347
3128349
3128370
3128376
3128396
3128406
3128413
3128416
3128418
3128437
3128447
3128448
3128455
3128480
3128497
3128505
3128519
3128525
3128530
3128551
3128552
3128592
3128646
3128647
3128659
3128661
3128665
3128666
3128678
3128698
3128700
3128718
3128721
3128745
3128755
3128758
3128771
3128773
3128779
3128805
3128812
3128817
3128838
3128850
3128856
3128863
3128864
3128868
3128877
3128904
3128905
3128911
3128926
3128934
3128963
3129003
3129021
3129043
3129049
3129050
3129059
3129070
3129074
3129093
3129096
3129108
3129161
3129163
3129190
3129205
3129206
3129216
3129224
3129250
3129291
3129302
3129308
3129317
3129348
3129352
3129355
3129356
3129359
3129369
3129382
3129401
3129406
3130598
3130622
3130658
3130664
3130699
3130712
3130729
3130793
3130843
3130844
3130847
3130867
3130869
3130879
3130913
3130933
3130937
3130967
3130969
3130980
3130986
3130990
3130994
3131014
3131022
3131035
3131038
3131060
3131061
3131107
3131121
3131149
3131168
3131171
3131185
3131207
3131215
3131241
3131262
3131302
3131310
3131325
3131333
3131343
3131344
3131379
3131384
3131394
3131395
3131411
3131421
3131422
3131431
3131432
3131433
3131459
3131517
3131529
3131552
3131575
3131609
3131615
3131617
3131650
3131657
3131672
3131688
3131690
3131700
3131741
3131756
3131757
3131790
3131804
3131816
3131830
3131870
3131873
3131878
3131911
3131945
3131954
3131955
3131961
3131970
3131979
3131980
3131985
3131987
3131992
3131993
3132001
3132005
3132046
3132052
3132063
3132067
3132082
3132089
3132099
3132102
3132122
3132124
3132132
3132161
3132176
3132192
3132211
3132230
3132238
3132240
3133212
3133217
3133277
3133320
3133370
3133371
3133410
3133411
3133422
3133424
3133469
3133485
3133506
3133574
3133590
3133609
3133649
3133653
3133661
3133668
3133689
3133694
3133704
3133719
3133769
3133785
3133803
3133810
3133840
3133893
3133904
3133942
3133957
3133969
3134004
3134034
3134048
3134064
3134070
3134071
3134074
3134075
3134097
3134101
3134126
3134168
3134175
3134210
3134226
3134234
3134240
3134252
3134313
3134318
3134334
3134373
3134387
3134389
3134395
3134399
3134403
3134430
3134442
3134445
3134458
3134500
3134533
3134553
3134554
3134556
3134564
3134565
3134567
3134576
3134577
3134593
3134628
3134633
3134639
3134657
3134675
3134678
3134729
3134730
3134743
3134809
3134812
3134848
3134857
3134859
3134860
3134874
3134895
3134909
3134927
3134933
3135937
3135968
3136005
3136032
3136045
3136046
3136047
3136052
3136067
3136075
3136077
3136109
3136134
3136135
3136152
3136158
3136253
3136257
3136265
3136266
3136311
3136316
3136322
3136323
3136324
3136328
3136345
3136346
3136353
3136361
3136378
3136413
3136416
3136420
3136439
3136459
3136478
3136484
3136490
3136495
3136509
3136513
3136517
3136533
3136547
3136559
3136569
3136579
3136593
3136595
3136596
3136599
3136600
3136603
3136828
3136836
3136849
3136858
3136870
3136883
3136887
3136888
3136910
3136918
3136969
3136979
3136981
3136994
3137034
3137087
3137092
3137108
3137118
3137122
3137125
3137142
3137177
3137180
3137188
3137192
3137204
3137205
3137233
3137238
3137250
3137260
3137265
3137274
3137284
3137287
3137307
3137312
3137318
3137331
3137346
3137350
3137356
3137361
3137396
3137397
3137399
3137429
3137430
3137431
3137435
3137451
3137458
3137459
3137484
3137534
3137546
3137569
3137589
3137603
3137605
3137612
3137705
3138801
3138822
3138874
3138918
3138941
3138998
3139008
3139030
3139059
3139064
3139066
3139077
3139093
3139100
3139122
3139143
3139154
3139254
3139281
3139290
3139295
3139341
3139370
3139403
3139427
3139433
3139444
3139456
3139462
3139472
3139489
3139521
3139532
3139536
3139539
3139557
3139558
3139564
3139636
3139647
3139653
3139655
3139657
3139686
3139718
3139730
3139839
3139840
3139866
3139914
3139927
3139946
3140010
3140030
3140053
3140084
3140089
3140094
3140119
3140209
3140210
3140224
3140228
3140235
3140248
3140250
3140256
3140278
3140286
3140315
3140320
3140324
3140328
3140343
3142132
3142150
3142196
3142197
3142248
3142304
3142367
3142385
3142389
3142411
3142413
3142417
3142430
3142441
3142551
3142574
3142590
3142592
3142605
3142664
3142674
3142711
3142757
3142788
3142789
3142795
3142818
3142837
3142847
3142850
3142874
3142943
3142944
3142983
3143023
3143057
3143071
3143147
3143151
3143153
3143201
3143210
3143212
3143252
3143260
3143306
3143378
3143390
3143399
3143416
3143437
3143464
3143482
3143487
3143501
3143518
3143536
3143545
3143561
3143563
3143576
3143593
3143670
3143706
3143728
3143732
3143734
3143736
3143768
3143776
3143845
3143851
3143894
3143915
3143919
3143928
3143934
3143938
3143991
3143993
3144012
3144015
3144177
3144277
3144302
3144315
3144347
3144358
3144382
3144458
3144462
3144491
3144518
3144542
3144577
3144592
3144633
3144656
3144706
3144710
3144749
3144761
3144776
3144807
3144863
3144880
3144907
3144917
3144936
3145029
3145077
3145120
3145134
3147173
3147175
3147203
3147291
3147332
3147396
3147433
3147437
3147571
3147577
3147713
3147715
3147721
3147840
3147852
3147854
3147869
3147951
3147976
3148089
3148108
3148125
3148152
3148177
3148225
3148250
3148284
3148307
3148318
3148326
3148337
3148341
3148368
3148411
3148419
3148428
3148450
3148480
3148509
3148542
3148557
3148559
3148561
3148565
3148615
3148677
3148737
3148768
3148789
3148852
3148854
3148935
3148957
3148991
3148993
3149013
3149015
3149024
3149044
3149055
3149061
3149164
3149179
3149220
3149285
3149289
3149293
3149371
3149387
3149490
3149504
3149533
3149595
3149616
3149738
3149746
3149752
3149787
3149844
3149875
3149877
3149950
3149996
3150111
3150130
3150222
3150279
3150338
3150340
3150348
3152381
3152398
3152408
3152414
3152479
3152544
3152600
3152619
3152663
3152742
3152771
3152812
3152837
3152851
3152899
3152914
3152937
3152939
3152981
3153044
3153054
3153062
3153099
3153102
3153217
3153228
3153267
3153313
3153334
3153336
3153372
3153418
3153452
3153475
3153525
3153556
3153581
3153587
3153591
3153613
3153690
3153700
3153776
3153784
3153830
3153855
3153862
3153978
3154005
3154064
3154172
3154254
3154273
3154291
3154346
3154358
3154425
3154456
3154469
3154481
3154502
3154506
3154546
3154579
3154600
3154604
3154651
3154660
3154680
3154765
3154781
3154812
3154853
3154921
3154958
3155021
3155039
3155066
3155090
3155099
3155109
3155110
3155117
3155118
3155133
3155140
3155147
3155148
3155151
3155166
3155196
3155203
3155205
3155209
3156379
3156384
3156415
3156460
3156476
3156481
3156483
3156502
3156512
3156518
3156529
3156538
3156542
3156594
3156599
3156620
3156656
3156672
3156683
3156699
3156720
3156734
3156738
3156751
3156752
3156758
3156784
3156822
3156864
3156947
3157001
3157034
3157043
3157054
3157085
3157105
3157107
3157142
3157157
3157176
3157181
3157194
3157211
3157223
3157230
3157245
3157249
3157254
3157267
3157280
3157282
3157289
3157290
3157344
3157347
3157348
3157350
3157363
3157366
3157373
3157398
3157399
3157422
3157426
3157454
3157456
3157476
3157478
3157479
3157482
3157496
3157501
3157504
3157510
3157517
3157521
3157538
3157540
3157555
3157558
3157559
3157562
3157567
3157580
3157583
3157584
3157631
3157634
3157646
3157653
3157659
3157665
3157669
3157670
3157674
3157695
3157701
3157707
3157724
3157750
3157752
3157754
3157795
3157807
3157815
3157819
3157821
3157824
3157848
3157861
3157869
3157878
3157894
3157896
3157945
3157948
3157952
3157964
3157965
3159186
3159204
3159255
3159263
3159271
3159290
3159292
3159297
3159333
3159376
3159428
3159437
3159443
3159446
3159457
3159461
3159483
3159490
3159502
3159518
3159536
3159544
3159552
3159579
3159585
3159586
3159604
3159616
3159620
3159649
3159650
3159666
3159670
3159715
3159724
3159730
3159731
3159748
3159778
3159791
3159807
3159814
3159844
3159845
3159853
3159858
3159863
3159866
3159883
3159885
3159886
3159906
3159910
3159911
3159987
3160001
3160026
3160078
3160081
3160089
3160094
3160097
3160114
3160121
3160138
3160162
3160172
3160233
3160258
3160267
3160272
3160287
3160322
3160351
3160352
3160369
3160380
3160384
3160386
3160393
3160412
3160437
3160451
3160457
3160462
3160468
3160503
3160547
3160570
3160571
3160576
3160615
3160626
3160650
3160657
3160667
3160693
3160699
3160700
3160706
3160791
3160815
3161866
3161885
3161924
3161949
3161951
3161969
3161978
3161979
3161999
3162007
3162023
3162028
3162030
3162040
3162043
3162086
3162088
3162092
3162101
3162102
3162181
3162239
3162256
3162262
3162300
3162311
3162313
3162316
3162360
3162380
3162392
3162401
3162415
3162435
3162469
3162504
3162511
3162530
3162534
3162535
3162547
3162551
3162556
3162587
3162593
3162615
3162622
3162626
3162632
3162633
3162674
3162681
3162713
3162728
3162730
3162752
3162782
3162786
3162810
3162834
3162859
3162882
3162895
3162902
3162970
3162988
3163005
3163039
3163101
3163104
3163111
3163153
3163154
3163155
3163159
3163170
3163188
3163241
3163286
3163318
3163351
3163384
3163421
3163441
3163456
3164690
3164696
3164742
3164746
3164764
3164767
3164769
3164781
3164795
3164801
3164825
3164839
3164841
3164866
3164867
3164911
3164925
3164946
3164949
3164978
3164993
3165096
3165104
3165109
3165117
3165125
3165140
3165163
3165172
3165203
3165206
3165226
3165265
3165268
3165282
3165289
3165302
3165308
3165313
3165318
3165383
3165411
3165417
3165433
3165449
3165463
3165469
3165473
3165507
3165528
3165530
3165534
3165551
3165556
3165558
3165578
3165606
3165644
3165649
3165652
3165662
3165666
3165670
3165717
3165718
3165732
3165752
3165802
3165815
3165848
3165862
3165867
3165871
3165887
3165888
3165900
3165935
3165979
3165981
3165982
3165983
3165995
3166009
3166016
3166017
3166041
3166054
3166060
3166078
3166088
3166103
3166116
3166118
3166140
3166153
3166172
3166302
3167354
3167356
3167397
3167412
3167418
3167433
3167440
3167452
3167464
3167469
3167478
3167507
3167509
3167515
3167531
3167546
3167549
3167564
3167575
3167586
3167599
3167602
3167637
3167680
3167684
3167697
3167704
3167706
3167711
3167728
3167736
3167738
3167761
3167765
3167781
3167807
3167813
3167842
3167852
3167872
3167876
3167896
3167901
3167919
3167920
3167921
3167926
3167932
3167941
3167965
3167977
3167982
3167985
3167989
3167994
3167997
3168005
3168009
3168020
3168056
3168059
3168069
3168082
3168083
3168084
3168092
3168102
3168122
3168132
3168138
3168180
3168189
3168198
3168199
3168210
3168242
3168288
3168298
3168312
3168315
3168348
3168357
3168359
3168364
3168368
3168384
3168391
3168405
3168406
3168407
3168419
3168449
3168452
3168456
3168462
3168481
3168485
3168497
3168508
3168548
3168549
3168564
3168576
3168577
3168581
3168583
3168584
3168589
3168594
3168609
3168615
3168619
3168621
3168632
3168643
3168658
3168671
3168675
3168703
3168707
3168711
3168715
3168717
3168730
3168736
3168750
3168757
3168758
3168774
3168781
3168799
3168804
3168807
3168816
3168843
3168849
3168872
3168911
3168920
3168934
3168935
3168940
3168945
3168967
3168995
3169003
3169014
3169017
3170088
3170148
3170158
3170160
3170186
3170233
3170237
3170246
3170250
3170266
3170268
3170275
3170277
3170280
3170301
3170321
3170344
3170362
3170374
3170390
3170405
3170406
3170434
3170449
3170472
3170526
3170529
3170534
3170541
3170543
3170544
3170552
3170557
3170562
3170565
3170611
3170612
3170644
3170646
3170652
3170660
3170702
3170704
3170707
3170722
3170725
3170726
3170731
3170736
3170738
3170763
3170767
3170784
3170790
3170817
3170825
3170828
3170833
3170835
3170836
3170858
3170881
3170882
3170920
3170926
3170941
3170953
3170959
3170972
3171012
3171020
3171058
3171113
3171119
3171126
3171128
3171132
3171150
3171182
3171188
3171191
3171200
3171202
3171207
3171228
3171234
3171246
3171263
3171267
3171270
3171290
3171306
3171307
3171308
3171331
3171336
3171349
3171363
3171385
3171398
3171436
3171474
3171479
3171480
3171488
3171527
3171550
3171562
3171579
3171592
3171611
3171626
3171664
3171672
3172884
3172887
3172895
3172903
3172905
3172930
3172942
3172947
3172954
3172956
3172957
3173003
3173006
3173009
3173017
3173031
3173067
3173143
3173145
3173149
3173156
3173178
3173188
3173210
3173229
3173232
3173236
3173239
3173247
3173263
3173314
3173321
3173323
3173340
3173343
3173348
3173379
3173382
3173396
3173417
3173478
3173479
3173499
3173532
3173538
3173546
3173547
3173556
3173584
3173596
3173598
3173667
3173676
3173726
3173740
3173746
3173747
3173748
3173757
3173775
3173776
3173782
3173788
3173834
3173847
3173867
3173874
3173887
3173904
3173909
3173910
3173917
3173927
3173958
3173968
3173980
3173989
3173992
3173995
3174036
3174042
3174064
3174103
3174106
3174110
3174113
3174114
3174115
3174126
3174143
3174160
3174184
3174192
3174207
3174223
3174245
3174255
3174270
3174288
3174299
3174334
3174340
3174352
3174354
3174355
3174387
3174483
3175631
3175689
3175715
3175728
3175733
3175757
3175784
3175786
3175819
3175833
3175843
3175856
3175872
3175873
3175876
3175879
3175919
3175932
3175940
3175950
3176006
3176028
3176068
3176070
3176163
3176164
3176171
3176172
3176203
3176209
3176245
3176251
3176259
3176269
3176273
3176301
3176303
3176307
3176318
3176362
3176365
3176387
3176396
3176403
3176423
3176426
3176445
3176450
3176459
3176469
3176481
3176487
3176506
3176573
3176580
3176581
3176632
3176670
3176681
3176685
3176704
3176712
3176725
3176747
3176748
3176759
3176761
3176817
3176824
3176842
3176843
3176847
3176860
3176867
3176873
3176874
3176878
3176880
3176894
3176914
3176939
3176949
3176971
3176977
3176997
3177001
3177002
3177003
3177019
3177051
3177064
3177077
3177082
3177101
3177116
3177123
3177127
3177136
3177138
3177140
3177144
3177152
3178330
3178338
3178347
3178434
3178439
3178440
3178441
3178461
3178487
3178491
3178510
3178515
3178517
3178524
3178530
3178532
3178533
3178534
3178565
3178572
3178589
3178594
3178610
3178615
3178617
3178620
3178646
3178663
3178681
3178692
3178755
3178766
3178768
3178772
3178780
3178797
3178800
3178801
3178871
3178907
3178933
3178970
3178981
3178998
3179010
3179011
3179016
3179021
3179026
3179028
3179052
3179061
3179064
3179065
3179066
3179087
3179096
3179106
3179108
3179115
3179130
3179137
3179148
3179159
3179161
3179184
3179192
3179223
3179234
3179237
3179239
3179244
3179254
3179256
3179261
3179291
3179295
3179303
3179304
3179307
3179309
3179326
3179327
3179328
3179336
3179340
3179342
3179344
3179351
3179389
3179392
3179416
3179420
3179434
3179436
3179444
3179455
3179462
3179483
3179527
3179528
3179536
3179547
3179561
3179567
3179572
3179577
3179584
3179628
3179644
3179676
3179683
3179695
3179726
3179750
3179762
3179799
3179803
3179811
3179845
3179926
3179942
3179945
3179948
3179952
3180985
3181119
3181137
3181195
3181211
3181236
3181256
3181268
3181271
3181273
3181275
3181329
3181339
3181343
3181349
3181358
3181400
3181409
3181423
3181427
3181479
3181480
3181491
3181519
3181527
3181533
3181538
3181557
3181559
3181568
3181574
3181583
3181603
3181610
3181611
3181644
3181658
3181672
3181702
3181706
3181713
3181759
3181816
3181821
3181823
3181834
3181846
3181882
3181898
3181904
3181909
3181915
3181922
3181923
3181954
3181981
3181984
3181988
3182001
3182003
3182036
3182037
3182049
3182057
3182059
3182088
3182135
3182140
3182169
3182179
3182189
3182201
3182203
3182225
3182241
3182251
3182271
3182297
3182302
3182319
3182324
3182331
3182365
3182376
3182381
3182385
3182399
3182400
3182410
3182432
3182445
3182446
3182463
3182481
3182492
3182536
3182537
3182544
3182559
3182570
3182578
3182588
3182648
3182679
3183850
3183859
3183861
3183866
3183877
3183881
3183893
3183930
3183954
3183963
3183982
3184002
3184006
3184019
3184027
3184050
3184056
3184061
3184073
3184079
3184081
3184088
3184108
3184131
3184139
3184184
3184187
3184215
3184224
3184232
3184262
3184278
3184285
3184290
3184321
3184332
3184346
3184352
3184369
3184372
3184390
3184398
3184420
3184449
3184455
3184468
3184517
3184520
3184533
3184544
3184551
3184556
3184578
3184584
3184605
3184611
3184625
3184654
3184663
3184667
3184673
3184686
3184696
3184734
3184740
3184755
3184771
3184784
3184807
3184810
3184820
3184833
3184867
3184868
3184875
3184881
3184891
3184958
3184962
3184993
3185020
3185021
3185046
3185075
3185087
3185092
3185096
3185103
3185120
3185135
3185144
3185145
3185163
3185176
3185196
3185202
3185211
3185233
3185245
3185252
3185254
3185256
3185260
3185287
3185324
3185421
3186558
3186579
3186606
3186629
3186691
3186705
3186711
3186744
3186751
3186859
3186881
3186889
3186951
3186953
3186972
3186998
3187005
3187013
3187014
3187035
3187041
3187043
3187068
3187081
3187145
3187147
3187168
3187176
3187188
3187210
3187211
3187212
3187221
3187231
3187255
3187258
3187268
3187269
3187278
3187300
3187315
3187316
3187322
3187345
3187382
3187385
3187386
3187391
3187402
3187404
3187413
3187421
3187427
3187444
3187455
3187461
3187477
3187479
3187481
3187494
3187500
3187511
3187533
3187535
3187552
3187555
3187567
3187571
3187613
3187630
3187636
3187639
3187642
3187667
3187681
3187692
3187724
3187727
3187728
3187748
3187756
3187763
3187766
3187810
3187829
3187866
3187874
3187889
3187898
3187922
3187963
3187973
3187979
3187993
3188043
3188051
3188061
3188084
3188110
3189249
3190236
3190260
3190263
3190271
3190295
3190411
3190413
3190430
3190451
3190464
3190509
3190704
3190744
3190759
3190766
3190802
3190811
3192016
3192057
3192076
3192125
3192335
3192347
3192608
3192731
3192734
3192770
3192795
3192804
3192850
3192911
3192931
3192945
3192970
3193058
3193066
3193068
3193069
3193080
3193091
3193107
3193108
3193111
3193121
3193129
3193147
3193200
3193201
3193215
3193217
3193236
3193345
3193420
3193438
3193511
3193546
3193672
3193678
3194701
3194707
3194734
3194744
3194820
3194853
3194863
3194882
3194897
3194902
3194906
3194934
3194993
3195036
3195058
3195099
3195112
3195117
3195146
3195161
3195170
3195176
3195239
3195273
3195274
3195281
3195324
3195326
3195338
3195350
3195364
3195367
3195375
3195376
3195383
3195392
3195398
3195401
3195434
3195442
3195444
3195445
3195466
3195467
3195475
3195487
3195497
3195504
3195515
3195533
3195534
3195546
3195567
3195573
3195609
3195611
3195627
3195630
3195642
3195659
3195667
3195683
3195696
3195706
3195716
3195732
3195752
3195769
3195785
3195792
3195829
3195920
3195954
3195957
3195999
3196046
3196051
3196066
3196097
3196099
3196143
3196153
3196155
3196173
3196184
3196263
3196268
3196273
3196299
3196332
3197638
3197653
3197666
3197686
3197705
3197726
3197745
3197755
3197790
3197838
3197959
3197961
3197967
3198026
3198040
3198104
3198144
3198181
3198185
3198210
3198214
3198293
3198306
3198343
3198357
3198374
3198384
3198444
3198463
3198498
3198568
3198659
3198677
3198868
3198951
3198993
3199056
3199079
3199096
3199233
3199360
3199577
3199612
3199619
3199654
3199661
3199690
3199808
3199828
3199837
3199854
3199858
3199860
3199962
3199967
3199981
3200088
3200181
3200183
3200311
3200325
3200330
3200342
3200382
3200388
3200405
3200423
3200429
3200458
3200464
3200466
3200475
3200508
3200558
3200573
3200662
3200694
3200723
3200731
3200737
3200738
3200764
3200788
3200806
3200821
3200828
3200836
3200838
3202939
3202959
3202966
3202982
3202989
3203014
3203022
3203037
3203074
3203078
3203136
3203141
3203224
3203228
3203231
3203235
3203256
3203275
3203279
3203283
3203366
3203855
3203883
3203935
3203937
3203953
3203974
3204002
3204004
3204039
3204040
3204052
3204054
3204068
3204086
3204107
3204119
3204130
3204147
3204173
3204175
3204201
3204214
3204273
3204289
3204340
3204364
3204378
3204382
3204462
3208166
3208297
3208320
3208332
3208355
3208362
3208364
3208469
3208470
3208478
3208495
3208501
3208503
3208523
3208530
3208559
3208567
3208577
3208586
3208606
3208608
3208635
3208730
3208738
3208762
3208795
3208902
3209168
3209509
3209512
3209522
3209543
3209545
3209717
3209771
3209781
3209797
3210714
3210774
3210777
3210789
3210791
3210793
3211014
3211016
3211022
3213307
3213588
3213621
3213625
3213644
3213702
3213725
3213752
3213772
3213781
3213783
3213791
3213815
3213821
3213829
3213858
3213864
3213912
3213916
3213992
3214019
3214060
3214102
3214171
3214200
3214202
3214225
3214289
3214320
3214347
3214351
3214355
3214375
3214425
3214429
3214431
3214441
3214461
3214509
3214540
3214567
3214571
3214591
3214622
3214634
3214673
3214770
3214780
3214807
3214842
3214866
3214881
3214887
3214968
3214970
3214978
3215005
3215013
3215027
3215048
3215058
3215062
3215072
3215078
3215088
3215099
3215142
3215144
3215178
3215211
3215216
3215313
3215362
3215369
3215404
3215420
3215439
3215513
3215527
3215550
3215565
3215578
3215584
3215596
3215598
3215673
3215714
3215716
3215812
3215822
3215847
3215849
3215872
3215874
3215890
3215895
3215929
3215980
3216001
3216016
3216049
3216072
3216090
3216133
3216155
3216162
3216164
3216212
3216225
3216238
3216240
3216245
3216258
3216283
3216296
3216319
3216338
3216387
3216405
3216412
3216426
3216531
3216533
3216536
3216567
3218699
3218729
3218747
3218749
3218848
3218873
3218913
3218954
3218956
3218985
3218998
3219011
3219059
3219099
3219105
3219121
3219180
3219203
3219241
3219284
3219295
3219341
3219347
3219393
3219427
3219473
3219483
3219494
3219496
3219508
3219554
3219581
3219604
3219642
3219663
3219700
3219721
3219727
3219751
3219765
3219792
3219809
3219855
3219905
3219911
3219953
3219969
3219984
3219990
3220021
3220023
3220058
3220102
3220137
3220208
3220243
3220260
3220335
3220427
3220450
3220454
3220490
3220496
3220502
3220542
3220576
3220628
3220649
3220691
3220697
3220705
3220726
3220760
3220770
3220795
3220797
3220823
3220862
3220886
3220888
3220925
3220971
3221000
3221002
3221034
3221042
3221105
3221126
3221144
3221174
3221194
3221201
3221236
3221240
3221267
3221283
3221320
3221370
3221391
3221401
3221407
3221419
3221423
3221462
3221473
3221477
3221485
3221533
3221580
3221595
3221601
3221607
3221657
3221737
3221741
3221764
3221772
3221778
3221812
3221814
3221820
3223870
3223897
3223992
3224038
3224052
3224115
3224150
3224169
3224316
3224430
3224449
3224476
3224497
3224514
3224518
3224661
3224678
3224680
3224709
3224720
3224728
3224730
3224742
3224757
3224769
3224788
3224819
3224845
3224849
3224852
3224862
3224962
3224984
3224988
3224994
3225001
3225015
3225140
3225182
3225204
3225305
3225307
3225313
3225317
3225334
3225363
3225377
3225400
3225437
3225533
3225555
3225572
3225586
3225665
3225671
3225685
3225699
3225722
3225730
3225755
3225887
3225959
3225994
3226011
3226036
3226060
3226069
3226100
3226131
3226152
3226175
3226190
3226219
3226260
3226281
3226287
3226364
3226424
3226447
3226493
3226547
3226551
3226609
3226672
3226700
3226736
3226756
3226790
3227009
3227025
3227059
3227080
3227165
3228958
3229094
3229117
3229140
3229175
3229219
3229226
3229238
3229240
3229261
3229267
3229274
3229357
3229376
3229463
3229530
3229537
3229541
3229548
3229558
3229577
3229611
3229635
3229638
3229680
3229705
3229740
3229775
3229781
3229840
3229878
3229879
3229893
3229920
3229949
3230059
3230066
3230098
3230135
3230149
3230157
3230188
3230192
3230200
3230203
3230233
3230377
3230381
3230428
3230474
3230537
3230547
3230584
3230601
3230613
3230627
3230629
3230652
3230654
3230680
3230705
3230746
3230795
3230810
3230818
3230855
3230857
3230965
3230975
3231008
3231018
3231082
3231111
3231134
3231158
3231207
3231230
3231241
3231311
3231340
3231342
3231351
3231363
3231448
3231462
3231525
3231531
3231543
3231547
3231562
3231585
3231678
3231699
3231713
3231715
3231740
3231754
3231781
3231791
3231798
3231818
3231835
3231875
3231894
3231904
3231907
3231953
3231968
3231992
3231999
3232082
3232117
3232126
3232144
3234144
3234226
3234237
3234293
3234299
3234340
3234344
3234398
3234435
3234470
3234488
3234573
3234580
3234599
3234625
3234675
3234693
3234719
3234732
3234753
3234804
3234822
3234836
3234895
3234927
3234935
3234936
3234944
3234950
3235013
3235030
3235039
3235043
3235049
3235099
3235183
3235223
3235231
3235246
3235252
3235320
3235353
3235435
3235475
3235506
3235516
3235520
3235545
3235568
3235626
3235649
3235665
3235667
3235771
3235788
3235810
3235825
3235830
3235845
3235846
3235874
3235937
3235952
3235960
3236026
3236099
3236102
3236221
3236228
3236313
3236344
3236357
3236367
3236393
3236439
3236453
3236457
3236501
3236541
3236566
3236574
3236594
3236711
3236755
3236816
3236859
3236880
3236893
3236901
3236936
3236939
3236943
3236986
3236997
3237010
3237079
3237091
3237158
3237305
3237311
3237326
3237334
3237355
3239364
3239373
3239375
3239395
3239402
3239420
3239455
3239492
3239511
3239539
3239572
3239630
3239647
3239653
3239670
3239680
3239715
3239754
3239785
3239845
3239916
3239953
3239960
3239988
3240001
3240012
3240031
3240033
3240037
3240055
3240059
3240093
3240145
3240193
3240223
3240274
3240276
3240313
3240316
3240371
3240387
3240418
3240442
3240446
3240451
3240462
3240476
3240506
3240515
3240522
3240533
3240539
3240627
3240641
3240666
3240670
3240688
3240701
3240705
3240713
3240760
3240799
3240861
3240922
3240959
3240968
3240992
3241004
3241031
3241043
3241078
3241108
3241112
3241143
3241178
3241206
3241219
3241250
3241285
3241333
3241335
3241347
3241399
3241414
3241503
3241515
3241542
3241553
3241571
3241586
3241623
3241631
3241649
3241681
3241714
3241724
3241747
3241803
3241811
3241819
3241831
3241832
3241837
3241888
3241932
3241992
3242029
3242060
3242068
3242078
3242088
3242106
3242151
3242162
3242190
3242206
3242212
3242218
3242227
3242245
3242253
3242261
3242267
3242412
3242416
3244403
3244432
3244467
3244483
3244509
3244513
3244514
3244529
3244534
3244535
3244554
3244563
3244595
3244605
3244607
3244608
3244614
3244617
3244631
3244642
3244685
3244729
3244740
3244763
3244777
3244794
3244818
3244843
3244890
3244892
3244901
3244906
3244923
3244949
3244959
3244976
3245012
3245020
3245042
3245053
3245056
3245083
3245103
3245117
3245157
3245163
3245192
3245194
3245227
3245228
3245342
3245366
3245370
3245412
3245428
3245440
3245444
3245446
3245478
3245497
3245510
3245513
3245523
3245537
3245566
3245585
3245598
3245620
3245627
3245641
3245653
3245670
3245671
3245672
3245751
3245753
3245761
3245799
3245802
3245812
3245815
3245833
3245843
3245846
3245854
3245863
3245892
3245894
3245932
3245937
3245942
3245961
3245981
3245985
3246005
3246007
3246081
3246089
3247211
3247233
3247338
3247341
3247390
3247416
3247426
3247433
3247438
3247455
3247459
3247470
3247476
3247479
3247529
3247541
3247592
3247612
3247613
3247623
3247626
3247706
3247714
3247738
3247752
3247755
3247778
3247789
3247793
3247796
3247798
3247805
3247807
3247852
3247877
3247918
3247919
3247941
3247965
3247992
3248003
3248018
3248062
3248076
3248117
3248148
3248152
3248162
3248178
3248186
3248192
3248205
3248212
3248220
3248224
3248227
3248235
3248237
3248246
3248275
3248282
3248295
3248298
3248315
3248322
3248332
3248345
3248352
3248358
3248381
3248392
3248418
3248424
3248440
3248457
3248466
3248467
3248476
3248484
3248527
3248529
3248533
3248536
3248539
3248549
3248566
3248594
3248666
3248684
3248690
3248707
3248712
3248719
3248723
3248727
3248737
3248757
3249906
3249909
3249947
3249974
3249986
3250005
3250015
3250024
3250058
3250059
3250065
3250082
3250094
3250125
3250132
3250138
3250141
3250146
3250166
3250167
3250181
3250211
3250221
3250229
3250231
3250233
3250240
3250250
3250269
3250284
3250322
3250328
3250337
3250339
3250345
3250346
3250363
3250397
3250420
3250452
3250453
3250478
3250479
3250488
3250530
3250556
3250590
3250601
3250602
3250605
3250606
3250610
3250622
3250630
3250631
3250635
3250645
3250660
3250661
3250675
3250688
3250691
3250695
3250701
3250707
3250747
3250748
3250761
3250763
3250765
3250832
3250836
3250865
3250866
3250874
3250902
3250919
3250922
3250968
3250970
3251034
3251047
3251055
3251081
3251082
3251083
3251094
3251120
3251123
3251138
3251195
3251201
3251214
3251243
3251277
3251292
3251325
3251352
3251353
3251370
3251379
3251387
3251397
3251399
3251406
3251455
3251457
3251464
3251472
3251490
3251491
3251514
3251515
3251524
3251570
3252700
3252701
3252725
3252770
3252843
3252858
3252914
3252917
3252937
3252977
3252996
3253035
3253036
3253121
3253146
3253153
3253220
3253268
3253279
3253283
3253321
3253331
3253359
3253408
3253429
3253430
3253431
3253433
3253450
3253525
3253526
3253527
3253532
3253558
3253562
3253568
3253603
3253636
3253651
3253653
3253663
3253670
3253672
3253679
3253681
3253694
3253724
3253752
3253764
3253766
3253792
3253815
3253828
3253832
3253858
3253865
3253876
3253889
3253901
3253939
3253948
3253954
3253999
3254000
3254014
3254025
3254027
3254032
3254045
3254051
3254074
3254076
3254119
3254134
3254137
3254149
3254157
3254185
3254199
3254200
3254204
3254255
3254270
3255384
3255401
3255442
3255462
3255470
3255506
3255543
3255560
3255567
3255587
3255590
3255592
3255599
3255609
3255630
3255636
3255650
3255655
3255685
3255703
3255715
3255732
3255746
3255753
3255757
3255758
3255762
3255765
3255767
3255770
3255772
3255855
3255856
3255857
3255858
3255864
3255869
3255878
3255901
3255903
3255917
3255920
3255933
3255934
3255948
3255957
3255983
3255987
3256037
3256044
3256048
3256055
3256091
3256096
3256111
3256223
3256227
3256266
3256288
3256294
3256297
3256304
3256306
3256313
3256320
3256351
3256360
3256375
3256385
3256424
3256444
3256449
3256455
3256457
3256501
3256504
3256527
3256539
3256550
3256558
3256564
3256587
3256611
3256617
3256642
3256650
3256665
3256673
3256689
3256695
3256719
3256736
3256746
3256786
3256791
3256793
3256800
3256803
3256832
3256837
3256858
3256872
3256914
3256946
3256953
3256954
3256960
3257059
3257077
3258025
3258077
3258095
3258097
3258156
3258163
3258260
3258272
3258275
3258297
3258305
3258327
3258328
3258336
3258338
3258347
3258357
3258364
3258365
3258377
3258401
3258416
3258436
3258441
3258444
3258450
3258452
3258457
3258460
3258466
3258500
3258503
3258505
3258524
3258530
3258538
3258552
3258553
3258566
3258590
3258591
3258602
3258626
3258630
3258645
3258646
3258654
3258687
3258690
3258708
3258784
3258801
3258815
3258832
3259113
3259123
3259142
3259147
3259148
3259150
3259159
3259161
3259193
3259206
3259220
3259250
3259255
3259312
3259315
3259324
3259331
3259334
3259353
3259386
3259398
3259407
3259410
3259416
3259419
3259449
3259470
3259489
3259504
3259545
3259565
3259566
3259578
3259584
3259609
3259624
3259628
3259630
3259645
3259650
3259652
3259657
3259682
3259717
3259761
3259767
3259798
3260850
3260898
3260922
3260927
3260934
3261030
3261071
3261072
3261077
3261100
3261527
3261529
3261544
3261547
3261576
3261586
3261613
3261633
3261660
3261668
3261670
3261675
3261685
3261723
3261728
3261736
3261765
3261788
3261800
3261805
3261807
3261824
3261844
3261850
3261862
3261873
3261897
3261914
3261926
3261939
3261942
3261949
3261960
3261961
3261974
3261994
3262010
3262021
3262022
3262042
3262050
3262064
3262067
3262082
3262084
3262085
3262096
3262104
3262132
3262141
3262148
3262168
3262177
3262200
3262234
3262260
3262271
3262277
3262283
3262343
3262377
3262388
3262397
3262404
3263669
3263681
3263727
3263732
3263758
3263763
3263767
3263816
3263829
3263831
3263834
3263835
3263836
3263837
3263846
3263860
3263866
3263874
3263888
3263907
3263908
3263910
3263918
3263931
3263940
3263945
3263976
3263990
3264004
3264029
3264076
3264110
3264163
3264178
3264182
3264199
3264201
3264206
3264216
3264228
3264234
3264239
3264271
3264275
3264282
3264295
3264304
3264316
3264318
3264323
3264353
3264361
3264394
3264423
3264427
3264451
3264466
3264470
3264501
3264507
3264544
3264601
3264607
3264695
3264709
3264726
3264732
3264791
3264812
3264863
3264867
3264980
3265011
3265017
3265030
3265038
3265069
3265073
3265097
3265100
3265153
3265155
3265163
3265176
3265205
3265234
3265236
3265301
3265329
3265355
3265416
3265420
3265422
3265435
3265441
3265445
3265453
3265459
3265470
3265561
3265567
3265571
3265581
3265605
3265639
3265656
3265693
3265704
3265718
3265794
3265795
3265849
3265924
3268006
3268082
3268094
3268099
3268113
3268136
3268153
3268163
3268173
3268178
3268196
3268204
3268211
3268244
3268256
3268259
3268287
3268304
3268337
3268361
3268397
3268414
3268441
3268450
3268508
3268528
3268539
3268547
3268551
3268583
3268776
3268797
3268893
3268954
3268962
3269155
3269207
3269219
3269328
3269363
3269365
3269444
3269450
3269464
3269542
3269552
3269582
3269587
3269626
3269647
3269653
3269655
3269663
3269681
3269696
3269718
3269737
3269763
3269775
3269790
3269804
3269843
3269856
3269892
3269997
3270052
3270063
3270142
3270146
3270172
3270199
3270204
3270221
3270235
3270288
3270367
3270462
3270464
3270468
3270485
3270518
3270774
3270826
3270977
3270985
3271021
3271044
3271052
3271054
3271210
3273350
3273368
3273482
3273488
3273513
3273579
3273635
3273641
3273660
3273662
3273723
3273759
3273814
3273816
3273868
3273884
3273907
3273948
3273980
3274157
3274169
3274190
3274209
3274219
3274221
3274246
3274260
3274290
3274306
3274416
3274427
3274435
3274437
3274449
3274454
3274460
3274490
3274525
3274550
3274552
3274586
3274696
3274702
3274768
3274796
3274871
3274873
3274891
3274893
3274946
3274954
3274995
3275021
3275091
3275095
3275108
3275116
3275132
3275145
3275149
3275161
3275196
3275237
3275260
3275313
3275344
3275366
3275377
3275420
3275432
3275455
3275465
3275477
3275507
3275540
3275550
3275558
3275568
3275595
3275607
3275641
3275653
3275675
3275718
3275722
3275736
3275754
3275759
3275769
3275770
3275789
3275842
3275875
3275897
3275909
3275964
3276013
3276043
3276047
3276057
3276068
3276085
3276109
3276117
3276127
3276183
3276201
3276209
3276246
3276466
3276511
3276536
3278719
3278729
3278749
3322353
3322446
3322476
3322481
3323032
3323534
3323554
3323810
3323960
3324037
3324099
3330464
3330604
3330732
3331284
3331587
3332326
3332338
3334505
3334551
3334631
3334709
3334803
3334818
3334894
3335440
3335456
3335639
3335671
3335921
3336136
3336212
3336322
3336342
3336370
3340338
3340386
3341515
3341685
3341695
3341752
3341766
3341823
3341915
3341944
3341955
3341971
3341983
3342060
3342065
3342138
3342149
3342163
3342166
3342179
3342215
3342235
3342238
3342250
3342281
3342295
3342335
3342365
3342409
3342466
3342472
3342475
3342499
3342540
3342564
3342569
3342574
3342575
3342584
3342587
3342591
3342603
3342616
3342628
3342651
3342699
3342769
3342797
3342801
3342828
3342851
3342852
3342867
3342920
3342927
3342958
3342978
3343065
3343066
3343096
3343127
3343137
3343170
3343189
3343200
3343202
3343204
3343215
3343219
3343225
3343245
3343253
3343260
3343263
3343280
3343282
3343289
3343295
3343309
3343324
3343325
3343330
3343349
3343351
3343358
3343400
3343411
3343414
3343426
3343432
3343436
3343478
3343506
3343515
3343520
3343544
3343547
3343563
3343571
3343582
3343598
3343606
3343629
3343641
3343698
3343705
3343728
3343746
3343759
3343768
3343786
3343787
3343792
3343793
3343794
3343797
3343822
3343838
3343889
3343921
3343922
3343926
3343928
3343946
3343961
3344000
3344002
3344003
3344004
3344028
3344041
3344056
3344058
3344065
3344072
3344090
3344091
3344094
3344113
3344123
3344143
3344149
3344183
3344205
3344206
3344209
3344219
3344233
3344237
3344247
3344264
3344275
3344294
3344309
3344312
3344333
3344355
3344380
3344387
3344407
3344412
3344423
3344459
3344501
3344507
3344526
3344539
3344552
3344582
3344587
3344596
3344611
3344620
3344659
3344667
3344676
3344701
3344731
3344744
3344765
3344780
3344788
3344790
3344800
3344826
3344843
3344844
3344848
3344854
3344860
3344867
3344897
3344914
3344943
3344950
3344951
3344959
3344982
3344984
3345065
3345072
3345075
3345109
3345135
3345147
3345163
3345231
3345237
3345238
3345251
3345270
3345274
3345275
3345282
3345283
3345285
3345293
3345302
3345330
3345399
3345463
3345472
3345481
3345526
3345528
3345529
3345537
3345560
3345578
3345586
3345605
3345614
3345615
3345616
3345622
3345624
3345626
3345646
3345647
3345665
3345701
3345705
3345707
3345726
3345770
3345792
3345794
3345828
3345851
3345857
3345858
3345875
3345880
3345900
3345902
3345906
3345957
3345986
3345990
3345992
3345994
3346009
3346023
3346030
3346052
3346070
3346090
3346122
3346139
3346142
3346154
3346161
3346163
3346165
3346171
3346188
3346190
3346194
3346213
3346219
3346223
3346225
3346246
3346250
3346257
3346264
3346267
3346277
3346278
3346284
3346316
3346332
3346334
3346340
3346347
3346348
3346360
3346368
3346371
3346399
3346409
3346484
3346492
3346498
3346500
3346506
3346519
3346522
3346553
3346559
3346581
3346621
3346624
3346625
3346646
3346670
3346680
3346691
3346703
3346711
3346760
3346774
3346777
3346805
3346809
3346815
3346855
3346876
3346879
3346911
3346912
3346922
3346927
3347013
3347025
3347056
3347117
3347129
3347146
3347149
3347160
3347170
3347188
3347193
3347198
3347265
3347286
3347301
3347303
3347306
3347309
3347310
3347328
3347330
3347377
3347413
3347440
3347458
3347479
3347485
3347514
3347518
3347519
3347523
3347532
3347553
3347566
3347632
3347651
3347676
3347709
3347725
3347741
3347742
3347800
3347807
3347814
3347816
3347838
3347865
3347870
3347912
3347939
3347955
3347965
3347974
3348015
3348148
3348201
3348255
3348262
3348607
3348647
3350858
3350864
3351764
3351842
3351863
3351867
3351887
3351907
3351952
3351970
3351971
3351976
3351985
3351997
3352004
3352051
3352080
3352094
3352112
3352127
3352176
3352190
3352274
3352306
3352326
3352344
3352358
3352371
3352391
3352416
3352437
3352466
3352469
3352487
3352522
3352529
3352532
3352543
3352549
3352567
3352588
3352590
3352597
3352614
3352623
3352624
3352694
3352714
3352754
3352767
3352782
3352799
3352813
3352820
3352825
3352856
3352866
3352868
3352945
3352953
3352964
3352984
3352991
3353010
3353020
3353047
3353048
3353059
3353080
3353088
3353092
3353097
3353100
3353112
3353144
3353147
3353175
3353185
3353207
3353211
3353215
3353219
3353258
3353319
3353341
3353356
3353362
3353363
3353374
3353383
3353394
3353400
3353451
3353463
3353478
3353489
3353491
3353493
3353534
3353536
3353595
3353604
3353609
3353612
3353613
3353618
3353623
3353638
3353641
3353657
3353690
3353719
3353728
3353732
3353736
3353741
3353751
3353753
3353757
3353762
3353775
3353776
3353777
3353792
3353805
3353819
3353829
3353841
3353856
3353861
3353867
3353887
3353894
3353902
3353915
3353937
3353942
3353974
3354026
3354041
3354045
3354073
3354087
3354122
3354136
3354169
3354181
3354183
3354186
3354198
3354232
3354238
3354300
3354304
3354326
3354328
3354345
3354347
3354360
3354382
3354410
3354412
3354414
3354418
3354421
3354453
3354462
3354478
3354480
3354487
3354488
3354504
3354510
3354513
3354574
3354580
3354641
3354646
3354677
3354681
3354685
3354696
3354698
3354699
3354707
3354721
3354726
3354734
3354750
3354751
3354775
3354778
3354801
3354824
3354834
3354885
3354899
3354910
3354915
3354949
3355000
3355002
3355086
3355104
3355114
3355158
3355171
3355177
3356023
3356025
3356512
3356532
3356592
3356596
3356600
3356654
3356737
3356749
3356765
3356787
3356902
3357157
3357364
3357374
3357386
3357579
3357595
3357599
3357615
3357619
3357851
3357899
3357943
3357979
3357983
3358003
3358015
3358040
3358088
3358096
3358108
3358206
3358242
3358325
3358413
3358449
3358465
3358489
3358501
3358519
3358557
3358579
3358593
3358609
3358619
3358636
3358663
3358694
3358723
3358734
3358742
3358743
3358746
3358794
3358796
3358824
3358837
3358838
3358856
3358871
3358907
3358910
3358915
3358961
3358969
3359005
3359009
3359016
3359018
3359022
3359032
3359036
3359053
3359098
3359110
3359115
3359122
3359124
3359137
3359143
3359147
3359150
3359152
3359156
3359161
3359184
3359188
3359214
3359225
3359231
3359232
3359259
3359290
3359297
3359299
3359318
3359335
3359341
3359343
3359354
3359368
3359388
3359396
3359421
3359422
3359439
3359447
3359465
3359467
3359474
3359479
3359481
3359512
3359517
3359527
3359572
3359587
3359593
3359638
3359649
3359657
3359676
3359699
3359708
3359757
3359784
3359790
3359800
3359803
3359854
3359861
3359951
3359988
3359994
3360029
3360062
3360104
3360126
3360160
3360175
3360182
3360196
3360257
3360311
3360329
3360367
3360371
3360374
3360379
3360392
3360395
3360398
3360412
3360424
3360461
3360496
3360519
3360533
3360539
3360568
3360569
3360603
3360612
3360647
3360650
3360665
3360697
3360721
3360749
3360752
3360758
3360769
3360797
3360809
3360845
3360872
3360878
3360881
3360894
3360920
3360929
3360935
3360938
3360973
3361005
3361006
3361014
3361023
3361051
3361056
3361060
3361063
3361080
3361125
3361187
3361200
3361232
3361243
3361282
3361296
3361317
3361350
3361356
3361377
3361379
3361400
3361417
3361424
3361507
3361509
3361510
3361515
3361593
3361617
3361641
3361713
3361789
3361792
3361808
3361840
3361843
3361957
3361967
3362010
3362059
3362136
3362148
3362189
3362203
3362211
3362271
3362317
3362335
3362344
3362350
3362365
3362509
3362521
3362536
3362619
3362628
3362691
3362750
3362768
3362790
3362800
3362896
3362902
3362911
3362938
3362982
3362986
3362991
3363019
3363103
3363104
3363108
3363113
3363178
3363203
3363206
3363230
3363257
3363275
3363276
3363279
3363293
3363329
3363363
3363387
3363421
3363441
3363445
3363453
3363459
3363473
3363525
3363534
3363538
3363562
3363594
3363601
3363606
3363607
3363609
3363616
3363630
3363700
3363712
3363756
3363763
3363784
3363802
3363812
3363822
3363836
3363842
3363857
3363862
3363868
3363986
3364025
3364033
3364048
3364049
3364069
3364072
3364073
3364103
3364109
3364134
3364137
3364143
3364173
3364189
3364192
3364201
3364271
3364316
3364334
3364359
3364371
3364376
3364389
3364396
3364412
3364445
3364447
3364448
3364452
3364514
3364535
3364553
3364572
3364603
3364656
3364662
3364677
3364681
3364687
3364731
3364742
3364750
3364770
3364772
3364782
3364804
3364838
3364850
3364851
3364896
3364899
3364903
3364933
3364945
3364950
3364955
3364976
3365033
3365061
3365130
3365132
3365133
3365138
3365152
3365159
3365174
3365197
3365217
3365227
3365252
3365268
3365279
3365308
3365324
3365382
3365421
3365449
3365472
3365491
3365506
3365507
3365512
3365519
3365579
3365600
3365608
3365615
3365627
3365633
3365668
3365693
3365703
3365721
3365793
3365825
3365827
3365833
3365865
3365944
3365950
3365960
3365961
3365965
3365981
3366027
3366030
3366065
3366081
3366091
3366103
3366105
3366113
3366119
3366125
3366147
3366160
3366177
3366180
3366197
3366212
3366237
3366263
3366287
3366326
3366354
3366355
3366370
3366402
3366431
3366441
3366446
3366463
3366472
3366492
3366516
3366522
3366606
3366607
3366614
3366644
3366681
3366689
3366696
3366758
3366765
3366788
3366794
3366812
3366813
3366817
3366822
3366852
3366868
3366881
3366884
3366956
3366962
3366964
3366976
3366980
3366984
3366997
3367009
3367043
3367059
3367069
3367111
3367154
3367167
3367184
3367191
3367199
3367211
3367222
3367237
3367255
3367274
3367343
3367363
3367374
3367381
3367383
3367391
3367409
3367424
3367434
3367441
3367447
3367460
3367468
3367475
3367496
3367527
3367536
3367541
3367561
3367623
3367651
3367654
3367658
3367667
3367682
3367687
3367691
3367710
3367749
3367755
3367768
3367776
3367777
3367783
3367788
3367796
3367806
3367811
3367848
3367891
3367930
3367943
3367953
3367964
3367970
3367983
3367989
3368005
3368023
3368041
3368048
3368059
3368113
3368124
3368126
3368145
3368203
3368231
3368251
3368264
3368274
3368284
3368299
3368318
3368357
3368364
3368369
3368382
3368404
3368414
3368438
3368456
3368468
3368480
3368504
3368509
3368519
3368559
3368598
3368640
3368698
3368741
3368781
3368846
3368854
3368861
3373613
3373644
3373649
3373727
3373735
3373778
3373829
3373834
3373882
3373884
3373941
3373947
3373956
3373972
3374009
3374012
3374021
3374060
3374068
3374093
3374097
3374111
3374119
3374141
3374173
3374181
3374237
3374257
3374263
3374278
3374280
3374300
3374301
3374302
3374309
3374314
3374343
3374347
3374377
3374383
3374478
3374571
3374583
3374590
3374594
3374605
3374607
3374611
3374641
3374682
3374691
3374697
3374754
3374775
3374779
3374799
3374866
3374871
3374873
3374907
3374972
3374978
3374980
3374986
3374988
3374999
3375011
3375019
3375045
3375069
3375072
3375075
3375079
3375082
3375105
3375106
3375135
3375215
3375217
3375221
3375226
3375242
3375245
3375286
3375289
3375292
3375336
3375341
3375347
3375348
3375352
3375358
3375371
3375378
3375404
3375429
3375457
3375461
3375497
3375499
3375519
3375523
3375554
3375574
3375577
3375581
3375588
3375602
3375622
3375653
3375684
3375686
3375687
3375697
3375722
3375725
3375746
3375763
3375780
3375814
3375825
3375837
3375859
3375872
3375898
3375911
3375913
3375940
3375949
3375986
3375992
3376025
3376128
3376152
3376167
3376182
3376187
3376239
3376245
3376269
3376292
3376322
3376330
3376333
3376334
3376350
3376382
3376394
3376424
3376426
3376430
3376444
3376450
3376455
3376462
3376463
3376471
3376472
3376505
3376514
3376533
3376549
3376551
3376554
3376567
3376587
3376607
3376623
3376648
3376664
3376681
3376712
3376723
3376751
3376762
3376774
3376775
3376798
3376809
3376810
3376813
3376816
3376891
3376920
3376922
3376929
3376944
3376948
3376980
3377012
3377015
3377020
3377031
3377082
3377084
3377086
3377108
3377116
3377131
3377146
3377166
3377167
3377171
3377176
3377190
3377217
3377243
3377289
3377290
3377315
3377326
3377340
3377347
3377348
3377359
3377378
3377389
3377411
3377445
3377469
3377477
3377482
3377488
3377496
3377522
3377526
3377547
3377552
3377556
3377565
3377594
3377623
3377628
3377634
3377677
3377726
3377727
3377729
3377730
3377733
3377749
3377764
3377792
3377857
3377882
3377886
3377899
3377922
3377955
3377998
3378033
3378061
3378080
3378107
3378115
3378120
3378135
3378143
3378159
3378172
3378197
3378217
3378233
3378241
3378280
3378288
3378314
3378323
3378329
3378332
3378333
3378336
3378345
3378347
3378369
3378372
3378383
3378397
3378403
3378405
3378421
3378432
3378460
3378471
3378487
3378490
3378511
3378531
3378552
3378571
3378583
3378642
3378646
3378674
3378675
3378687
3378691
3378698
3378714
3378730
3378734
3378742
3378753
3378782
3378798
3378843
3378848
3378852
3378883
3378892
3378918
3378922
3378959
3379011
3379038
3379080
3379098
3379116
3379118
3379120
3379135
3379192
3379260
3379270
3379289
3379318
3379322
3379342
3379358
3379362
3379372
3379396
3379432
3379433
3379456
3379504
3379512
3379525
3379528
3379565
3379591
3379658
3379676
3379741
3379763
3379774
3379786
3379830
3379856
3379864
3379868
3379890
3379901
3379906
3379967
3380042
3380103
3380107
3380210
3380354
3380474
3380825
3380837
3380849
3380995
3381011
3381062
3381091
3381113
3381151
3381344
3381395
3381415
3381435
3381458
3381534
3381542
3381565
3381569
3381589
3381709
3381728
3381751
3381773
3381869
3381888
3381896
3381904
3381936
3381980
3382009
3382117
3382125
3382129
3382216
3382244
3382309
3382349
3382377
3382385
3382444
3382452
3382471
3382475
3382526
3382656
3382673
3382681
3382749
3382769
3382841
3382872
3383005
3383112
3383196
3383252
3383312
3383375
3383431
3383534
3383543
3383589
3383681
3383750
3383760
3383825
3383838
3383857
3383889
3383961
3383991
3384018
3384091
3384112
3384143
3384203
3384227
3384260
3384268
3384275
3384281
3384389
3384405
3384452
3384566
3384571
3384600
3384626
3384630
3384653
3384659
3384688
3384716
3384740
3384779
3384795
3384797
3384805
3384807
3384819
3384851
3384910
3384923
3384948
3384950
3384996
3385028
3385039
3385060
3385067
3385076
3385079
3385081
3385125
3385149
3385180
3385245
3385254
3385258
3385324
3385362
3385419
3385447
3385463
3385466
3385490
3385513
3385525
3385545
3385553
3385576
3385580
3385586
3385598
3385614
3385618
3385624
3385630
3385650
3385688
3385699
3385710
3385732
3385736
3385740
3385757
3385773
3385776
3385781
3385800
3385802
3385822
3385868
3385874
3385875
3385880
3385887
3385891
3385913
3385922
3385926
3385950
3385981
3385992
3385999
3386014
3386028
3386056
3386079
3386095
3386124
3386128
3386141
3386148
3386152
3386191
3386219
3386220
3386239
3386245
3386262
3386273
3386274
3386275
3386328
3386350
3386377
3386405
3386409
3386438
3386493
3386512
3386516
3386519
3386539
3386541
3386557
3386567
3386575
3386581
3386591
3386592
3386614
3386622
3386626
3386628
3386630
3386645
3386647
3386660
3386666
3386676
3386708
3386722
3386755
3386759
3386767
3386792
3386799
3386800
3386810
3386824
3386847
3386857
3386860
3386869
3386892
3386936
3386951
3386958
3386963
3386984
3387020
3387029
3387036
3387056
3387101
3387111
3387117
3387126
3387129
3387133
3387147
3387169
3387185
3387205
3387222
3387224
3387241
3387315
3387342
3387355
3387427
3387461
3387488
3387523
3387553
3387555
3387566
3387570
3387629
3387645
3387663
3387696
3387742
3387743
3387758
3387761
3387766
3387772
3387781
3387798
3387814
3387817
3387834
3387851
3387872
3387891
3387904
3387939
3387948
3387952
3387958
3387984
3387996
3388007
3388008
3388036
3388066
3388073
3388079
3388098
3388116
3388129
3388132
3388136
3388148
3388166
3388172
3388177
3388241
3388257
3388263
3388264
3388277
3388288
3388317
3388347
3388355
3388362
3388389
3388435
3388448
3388486
3388490
3388514
3388522
3388542
3388569
3388571
3388574
3388576
3388609
3388633
3388638
3388648
3388656
3388677
3388699
3388722
3388746
3388770
3388790
3388808
3388830
3388837
3388840
3388870
3388894
3388911
3388915
3388936
3388956
3388979
3388994
3388995
3389010
3389013
3389014
3389035
3389070
3389075
3389095
3389107
3389124
3389165
3389169
3389172
3389183
3389215
3389256
3389266
3389279
3389284
3389300
3389315
3389341
3389352
3389364
3389365
3389384
3389407
3389414
3389428
3389490
3389505
3389523
3389543
3389556
3389590
3389613
3389620
3389629
3389640
3389677
3389697
3389720
3389736
3389747
3389766
3389818
3389840
3389862
3389870
3389890
3389893
3389919
3389927
3389945
3389955
3389968
3389988
3389990
3389994
3390049
3390073
3390077
3390133
3390172
3390192
3390219
3390289
3390291
3390336
3390389
3390416
3390428
3390437
3390491
3390519
3390539
3390581
3390619
3390684
3390697
3390712
3390744
3390943
3391029
3391033
3391061
3391101
3391112
3391226
3391351
3391409
3391437
3395224
3395256
3395273
3395292
3395370
3395384
3395406
3395408
3395416
3395442
3395461
3395464
3395506
3395516
3395548
3395552
3395609
3395611
3395612
3395680
3395699
3395703
3395722
3395740
3395764
3395789
3395793
3395796
3395835
3395850
3395911
3395924
3395928
3395930
3395950
3395957
3395988
3395996
3396014
3396041
3396074
3396092
3396128
3396149
3396175
3396238
3396258
3396260
3396281
3396290
3396306
3396315
3396317
3396319
3396329
3396332
3396337
3396340
3396341
3396373
3396408
3396412
3396423
3396496
3396497
3396499
3396500
3396514
3396523
3396531
3396535
3396545
3396551
3396553
3396570
3396576
3396588
3396602
3396620
3396638
3396657
3396660
3396673
3396682
3396692
3396755
3396761
3396764
3396771
3396795
3396807
3396829
3396847
3396902
3396912
3396927
3396958
3396969
3396975
3397019
3397025
3397049
3397067
3397087
3397092
3397103
3397122
3397134
3397169
3397181
3397208
3397211
3397259
3397270
3397284
3397291
3397295
3397300
3397307
3397313
3397339
3397354
3397388
3397418
3397459
3397545
3397549
3397580
3397586
3397651
3397721
3397744
3397746
3397754
3397756
3397758
3397768
3397774
3397820
3397878
3397976
3397986
3398001
3398041
3398044
3398104
3398142
3398146
3398202
3398227
3398252
3398312
3398320
3398337
3398342
3398349
3398372
3398401
3398441
3398450
3398497
3398505
3398507
3398517
3398529
3398579
3398626
3398759
3398769
3398794
3398920
3398930
3398986
3399144
3399150
3399177
3399200
3399201
3399271
3399296
3399315
3399331
3399417
3399424
3399467
3399477
3399501
3399536
3399557
3399591
3399611
3399665
3399692
3399727
3399847
3399849
3399859
3399898
3399909
3399961
3400006
3400022
3400028
3400043
3400089
3400119
3400142
3400174
3400179
3400199
3400229
3400249
3400283
3400298
3400299
3400338
3400386
3400388
3400402
3400435
3400445
3400455
3400505
3400533
3400553
3400555
3400644
3400683
3400688
3400723
3400763
3400837
3400940
3400948
3400957
3400973
3400978
3400987
3401010
3401019
3401025
3401046
3401056
3401067
3401070
3401134
3401139
3401150
3401165
3401176
3401179
3401192
3401215
3401216
3401223
3401255
3401300
3401375
3401414
3401429
3401432
3401448
3401464
3401529
3401549
3401554
3401601
3401607
3401647
3401713
3401766
3401781
3401971
3402016
3402079
3402089
