0.000000 1.000000 1.000000 1.000000
0.025000 0.822222 0.794872 0.794872
0.050000 0.700935 0.765432 0.765432
0.075000 0.612022 0.683824 0.683824
0.100000 0.604839 0.681319 0.681319
0.125000 0.593651 0.669546 0.669546
0.150000 0.571429 0.616915 0.616915
0.175000 0.505792 0.584906 0.584906
0.200000 0.469388 0.543860 0.543860
0.225000 0.433719 0.512868 0.512868
0.250000 0.406080 0.478362 0.478362
0.275000 0.365009 0.431559 0.431559
0.300000 0.336582 0.381221 0.381221
0.325000 0.301489 0.326307 0.326307
0.350000 0.255610 0.264652 0.264652
0.375000 0.215769 0.193501 0.193501
0.400000 0.163433 0.098529 0.098529
0.425000 0.093037 0.033713 0.033713
0.450000 0.036310 0.000000 0.000000
0.475000 0.022466 0.000000 0.000000
0.500000 0.000000 0.000000 0.000000
0.525000 0.000000 0.000000 0.000000
0.550000 0.000000 0.000000 0.000000
0.575000 0.000000 0.000000 0.000000
0.600000 0.000000 0.000000 0.000000
0.625000 0.000000 0.000000 0.000000
0.650000 0.000000 0.000000 0.000000
0.675000 0.000000 0.000000 0.000000
0.700000 0.000000 0.000000 0.000000
0.725000 0.000000 0.000000 0.000000
0.750000 0.000000 0.000000 0.000000
0.775000 0.000000 0.000000 0.000000
0.800000 0.000000 0.000000 0.000000
0.825000 0.000000 0.000000 0.000000
0.850000 0.000000 0.000000 0.000000
0.875000 0.000000 0.000000 0.000000
0.900000 0.000000 0.000000 0.000000
0.925000 0.000000 0.000000 0.000000
0.950000 0.000000 0.000000 0.000000
0.975000 0.000000 0.000000 0.000000
1.000000 0.000000 0.000000 0.000000
