0.000000 1.000000 1.000000 1.000000
0.025000 0.816327 0.755814 0.755814
0.050000 0.743119 0.744318 0.744318
0.075000 0.679775 0.710145 0.710145
0.100000 0.618321 0.684073 0.684073
0.125000 0.617737 0.656627 0.656627
0.150000 0.557339 0.610592 0.610592
0.175000 0.511754 0.561275 0.561275
0.200000 0.458924 0.515271 0.515271
0.225000 0.417431 0.479251 0.479251
0.250000 0.394146 0.437751 0.437751
0.275000 0.353736 0.408059 0.408059
0.300000 0.326819 0.357631 0.357631
0.325000 0.295174 0.306970 0.306970
0.350000 0.262523 0.253529 0.253529
0.375000 0.215096 0.195574 0.195574
0.400000 0.174394 0.120133 0.120133
0.425000 0.126890 0.039030 0.039030
0.450000 0.047485 0.034608 0.034608
0.475000 0.024125 0.000000 0.000000
0.500000 0.000000 0.000000 0.000000
0.525000 0.000000 0.000000 0.000000
0.550000 0.000000 0.000000 0.000000
0.575000 0.000000 0.000000 0.000000
0.600000 0.000000 0.000000 0.000000
0.625000 0.000000 0.000000 0.000000
0.650000 0.000000 0.000000 0.000000
0.675000 0.000000 0.000000 0.000000
0.700000 0.000000 0.000000 0.000000
0.725000 0.000000 0.000000 0.000000
0.750000 0.000000 0.000000 0.000000
0.775000 0.000000 0.000000 0.000000
0.800000 0.000000 0.000000 0.000000
0.825000 0.000000 0.000000 0.000000
0.850000 0.000000 0.000000 0.000000
0.875000 0.000000 0.000000 0.000000
0.900000 0.000000 0.000000 0.000000
0.925000 0.000000 0.000000 0.000000
0.950000 0.000000 0.000000 0.000000
0.975000 0.000000 0.000000 0.000000
1.000000 0.000000 0.000000 0.000000
