0.000000 0.666667 0.702222 0.702222
0.025000 0.648649 0.702222 0.702222
0.050000 0.629934 0.685125 0.685125
0.075000 0.582573 0.661775 0.661775
0.100000 0.547466 0.628984 0.628984
0.125000 0.520347 0.594279 0.594279
0.150000 0.490405 0.572898 0.572898
0.175000 0.464199 0.545006 0.545006
0.200000 0.432966 0.511233 0.511233
0.225000 0.407364 0.484487 0.484487
0.250000 0.384785 0.443960 0.443960
0.275000 0.345341 0.403462 0.403462
0.300000 0.309025 0.356813 0.356813
0.325000 0.271401 0.304068 0.304068
0.350000 0.228874 0.238971 0.238971
0.375000 0.178778 0.155131 0.155131
0.400000 0.122168 0.067012 0.067012
0.425000 0.055621 0.032286 0.032286
0.450000 0.021333 0.000000 0.000000
0.475000 0.000000 0.000000 0.000000
0.500000 0.000000 0.000000 0.000000
0.525000 0.000000 0.000000 0.000000
0.550000 0.000000 0.000000 0.000000
0.575000 0.000000 0.000000 0.000000
0.600000 0.000000 0.000000 0.000000
0.625000 0.000000 0.000000 0.000000
0.650000 0.000000 0.000000 0.000000
0.675000 0.000000 0.000000 0.000000
0.700000 0.000000 0.000000 0.000000
0.725000 0.000000 0.000000 0.000000
0.750000 0.000000 0.000000 0.000000
0.775000 0.000000 0.000000 0.000000
0.800000 0.000000 0.000000 0.000000
0.825000 0.000000 0.000000 0.000000
0.850000 0.000000 0.000000 0.000000
0.875000 0.000000 0.000000 0.000000
0.900000 0.000000 0.000000 0.000000
0.925000 0.000000 0.000000 0.000000
0.950000 0.000000 0.000000 0.000000
0.975000 0.000000 0.000000 0.000000
1.000000 0.000000 0.000000 0.000000
