0.000000 0.600000 0.614286 0.614286
0.025000 0.600000 0.614286 0.614286
0.050000 0.475610 0.573661 0.573661
0.075000 0.466135 0.550287 0.550287
0.100000 0.445078 0.541314 0.541314
0.125000 0.430464 0.532057 0.532057
0.150000 0.420485 0.503942 0.503942
0.175000 0.391117 0.480150 0.480150
0.200000 0.367059 0.446288 0.446288
0.225000 0.345133 0.420322 0.420322
0.250000 0.322434 0.384824 0.384824
0.275000 0.291397 0.345709 0.345709
0.300000 0.260736 0.304124 0.304124
0.325000 0.235636 0.253627 0.253627
0.350000 0.193852 0.185504 0.185504
0.375000 0.140134 0.092703 0.092703
0.400000 0.074156 0.034451 0.034451
0.425000 0.026437 0.030664 0.030664
0.450000 0.020305 0.000000 0.000000
0.475000 0.000000 0.000000 0.000000
0.500000 0.000000 0.000000 0.000000
0.525000 0.000000 0.000000 0.000000
0.550000 0.000000 0.000000 0.000000
0.575000 0.000000 0.000000 0.000000
0.600000 0.000000 0.000000 0.000000
0.625000 0.000000 0.000000 0.000000
0.650000 0.000000 0.000000 0.000000
0.675000 0.000000 0.000000 0.000000
0.700000 0.000000 0.000000 0.000000
0.725000 0.000000 0.000000 0.000000
0.750000 0.000000 0.000000 0.000000
0.775000 0.000000 0.000000 0.000000
0.800000 0.000000 0.000000 0.000000
0.825000 0.000000 0.000000 0.000000
0.850000 0.000000 0.000000 0.000000
0.875000 0.000000 0.000000 0.000000
0.900000 0.000000 0.000000 0.000000
0.925000 0.000000 0.000000 0.000000
0.950000 0.000000 0.000000 0.000000
0.975000 0.000000 0.000000 0.000000
1.000000 0.000000 0.000000 0.000000
