2979155
2979156
2979160
2979209
2979238
2979285
2979315
2979737
2979748
2979771
2979799
2979859
2979957
3034953
3034962
3034999
3035005
3035138
3035169
3035170
3035185
3035204
3035205
3035227
3035303
3035692
3035702
3035719
3035720
3035786
3035801
3035817
3035868
3035969
3036148
3036173
3036179
3036182
3036188
3036205
3036247
3036271
3036276
3036329
3036358
3036423
3036443
3036458
3036487
3036493
3037685
3037693
3037810
3037887
3037903
3038046
3038048
3038121
3038137
3038166
3038242
3038249
3038266
3038303
3038309
3038316
3038335
3038356
3038371
3038387
3038400
3038520
3038522
3038541
3038543
3038564
3038595
3038604
3038607
3038614
3038636
3038644
3038675
3038694
3038706
3038711
3038716
3038737
3038759
3038779
3038783
3038784
3038797
3038818
3038869
3038883
3038887
3038889
3038892
3038917
3038952
3038964
3038977
3039032
3039060
3039065
3039121
3039144
3039154
3039179
3039201
3039205
3039216
3040369
3040448
3040494
3040541
3040609
3040647
3040653
3040670
3040678
3040679
3040686
3040736
3040739
3040799
3040804
3040840
3040917
3040931
3040962
3041018
3041026
3041030
3041041
3041068
3041107
3041108
3041114
3041135
3041171
3041172
3041189
3041241
3041249
3041254
3041263
3041266
3041277
3041294
3041300
3041336
3041362
3041407
3041419
3041420
3041446
3041496
3041552
3041570
3041598
3041660
3041708
3041722
3041939
3041976
3041985
3041993
3043080
3043149
3043156
3043157
3043164
3043180
3043310
3043331
3043430
3043464
3043538
3043540
3043552
3043590
3043621
3043624
3043665
3043673
3043674
3043719
3043724
3043729
3043785
3043799
3043820
3043841
3043843
3043877
3043924
3043926
3043936
3043974
3043975
3043981
3043985
3043990
3044000
3044040
3044043
3044081
3044122
3044146
3044202
3044232
3044445
3044452
3044507
3044531
3045686
3045690
3045720
3045794
3045810
3045834
3045856
3045865
3045869
3045873
3045875
3045925
3045932
3045990
3046043
3046066
3046112
3046119
3046127
3046145
3046155
3046168
3046183
3046204
3046214
3046225
3046258
3046309
3046361
3046375
3046381
3046394
3046403
3046454
3046464
3046512
3046520
3046531
3046552
3046598
3046615
3046619
3046663
3046674
3046699
3046739
3046779
3046786
3046794
3046801
3046804
3046818
3046824
3046831
3046844
3046859
3046879
3046944
3046948
3046982
3046999
3047005
3047043
3047058
3047080
3047118
3047133
3047184
3047207
3047251
3047292
3047306
3047316
3047320
3047386
3047392
3047427
3048539
3048580
3048607
3048615
3048678
3048705
3048838
3048853
3048875
3048886
3048890
3048918
3048944
3048971
3048980
3049043
3049084
3049110
3049171
3049190
3049192
3049224
3049230
3049243
3049244
3049246
3049251
3049258
3049277
3049352
3049449
3049486
3049516
3049597
3049621
3049628
3049668
3049686
3049710
3049716
3049835
3049853
3049980
3051163
3051243
3051269
3051299
3051341
3051353
3051410
3051415
3051421
3051474
3051525
3051527
3051538
3051541
3051544
3051571
3051601
3051609
3051649
3051664
3051692
3051713
3051751
3051754
3051815
3051823
3051856
3051882
3051916
3051971
3052012
3052040
3052050
3052051
3052073
3052123
3052166
3052181
3052206
3052258
3052278
3052291
3052319
3052366
3052425
3052431
3052445
3052462
3052475
3052481
3052551
3052646
3052707
3052728
3052734
3052739
3052778
3052780
3052781
3052789
3052820
3052822
3052838
3052848
3052879
3052883
3052991
3053036
3053051
3053063
3053079
3053092
3053120
3053140
3053174
3053215
3053247
3053281
3053289
3053296
3053343
3053353
3053357
3054428
3054453
3054466
3054615
3054687
3054726
3054777
3054781
3054803
3054935
3054951
3055020
3055030
3055032
3055046
3055099
3055105
3055113
3055315
3055316
3055473
3055712
3055755
3055882
3055899
3055920
3055937
3055948
3055964
3055986
3056006
3056018
3056029
3056097
3056104
3056628
3056630
3056742
3056764
3056792
3056856
3056862
3056868
3056870
3056908
3056912
3056938
3056939
3056942
3056944
3056972
3056974
3056983
3057084
3057127
3057133
3057167
3057212
3057226
3057230
3057268
3057307
3057321
3057341
3057350
3057377
3057416
3057439
3057443
3057496
3057508
3057640
3057663
3057821
3058701
3058787
3058788
3058812
3058813
3058855
3058966
3059064
3059072
3059079
3059264
3059301
3059315
3059483
3059546
3059596
3059616
3059637
3059661
3059670
3059683
3059684
3059772
3059784
3059819
3059842
3059848
3059862
3059958
3059987
3060050
3060069
3060073
3060095
3060103
3060150
3060191
3060214
3060227
3060237
3060274
3060326
3060380
3061539
3061554
3061610
3061611
3061651
3061678
3061682
3061684
3061685
3061696
3061756
3061836
3061843
3061847
3061851
3061866
3061881
3061896
3061915
3061920
3061961
3062040
3062094
3062110
3062118
3062128
3062147
3062163
3062197
3062212
3062213
3062226
3062235
3062349
3062423
3062440
3062470
3062476
3062544
3062560
3062568
3062587
3062591
3062606
3062618
3062641
3062698
3062703
3062712
3062742
3062745
3062790
3062847
3062851
3062888
3062916
3063002
3063009
3063018
3063086
3063097
3063124
3063217
3064189
3064216
3064222
3064244
3064245
3064262
3064284
3064327
3064378
3064379
3064392
3064529
3064533
3064565
3064631
3064693
3064763
3064785
3064852
3064909
3064917
3064936
3064942
3064945
3064947
3065010
3065016
3065060
3065072
3065316
3065357
3065385
3065417
3065475
3065520
3065533
3065574
3065587
3065589
3065599
3065602
3065622
3065683
3065792
3066863
3066884
3066919
3066939
3066993
3067022
3067048
3067055
3067084
3067106
3067158
3067175
3067200
3067264
3067268
3067281
3067330
3067373
3067382
3067390
3067444
3067452
3067516
3067520
3067568
3067596
3067643
3067657
3067659
3067668
3067805
3067828
3067883
3067894
3067900
3067954
3067959
3068019
3068033
3068047
3068106
3068112
3068118
3068156
3068183
3068247
3068249
3068254
3068267
3068300
3068411
3068442
3068448
3069517
3069552
3069622
3069874
3069878
3069879
3069925
3069935
3069937
3069975
3070051
3070054
3070160
3070237
3070334
3070342
3070346
3070356
3070357
3070365
3070390
3070504
3070559
3070599
3070643
3070792
3070807
3070926
3070931
3071213
3071260
3072318
3072319
3072336
3072526
3072605
3072606
3072610
3072618
3072643
3072651
3072689
3072721
3072725
3072727
3072733
3072747
3072825
3072860
3072875
3072892
3072898
3072989
3073014
3073032
3073062
3073075
3073097
3073109
3073114
3073123
3073266
3073315
3073351
3073405
3073435
3073470
3073475
3073612
3073622
3073647
3073655
3073671
3073682
3073835
3073839
3073862
3073884
3073903
3073937
3074943
3074984
3075083
3075089
3075113
3075130
3075145
3075166
3075172
3075183
3075227
3075242
3075253
3075261
3075270
3075361
3075408
3075413
3075424
3075432
3075454
3075455
3075489
3075491
3075553
3075602
3075620
3075635
3075746
3075778
3075781
3075808
3075822
3075828
3075878
3075924
3075941
3075965
3075999
3076036
3076038
3076044
3076149
3076172
3076237
3076270
3076278
3076295
3076303
3076313
3076398
3076482
3076487
3076494
3076502
3076520
3076521
3077679
3077734
3077840
3077853
3077858
3077870
3077895
3077903
3077909
3077919
3077935
3078041
3078044
3078047
3078115
3078139
3078179
3078232
3078241
3078276
3078287
3078296
3078322
3078388
3078400
3078405
3078441
3078459
3078468
3078480
3078484
3078488
3078532
3078565
3078584
3078604
3078769
3078789
3078798
3078851
3078879
3078903
3078911
3078919
3078923
3078934
3078969
3078976
3079000
3079038
3079054
3079062
3079092
3079116
3079132
3079153
3079192
3079227
3079268
3079387
3080415
3080420
3080453
3080566
3080601
3080631
3080645
3080651
3080673
3080741
3080761
3080777
3080795
3080820
3080876
3080912
3080985
3081023
3081028
3081064
3081070
3081106
3081118
3081152
3081227
3081235
3081315
3081390
3081503
3081513
3081564
3081585
3081751
3081803
3081809
3081812
3081863
3081885
3081886
3081887
3081910
3081943
3082007
3082026
3082027
3082032
3082036
3082092
3082110
3082112
3083167
3083197
3083208
3083316
3083323
3083379
3083404
3083420
3083436
3083442
3083588
3083689
3083705
3083733
3083774
3083790
3083901
3083998
3084006
3084008
3084013
3084089
3084145
3084148
3084189
3084208
3084212
3084214
3084269
3084275
3084318
3084404
3084406
3084414
3084440
3084598
3084684
3084693
3084700
3085753
3085761
3085798
3085933
3085965
3086002
3086017
3086028
3086039
3086073
3086112
3086139
3086193
3086194
3086206
3086220
3086243
3086320
3086342
3086392
3086421
3086447
3086534
3086539
3086587
3086605
3086622
3086626
3086634
3086641
3086684
3086698
3086704
3086742
3086818
3086836
3086862
3086879
3086883
3086891
3086920
3086932
3086958
3086995
3087012
3087042
3087055
3087063
3087072
3087102
3087141
3087164
3087322
3088521
3088530
3088541
3088611
3088653
3088727
3088795
3088809
3088874
3088881
3088901
3088951
3089022
3089035
3089044
3089068
3089139
3089144
3089305
3089306
3089321
3089428
3089439
3089444
3089456
3089462
3089494
3089510
3089575
3089592
3089613
3089717
3089745
3089747
3089751
3089784
3089790
3089791
3089856
3089861
3089899
3089977
3089990
3089992
3090057
3090118
3090157
3090176
3091239
3091382
3091415
3091434
3091500
3091514
3091596
3091632
3091723
3091727
3091771
3091803
3091817
3091841
3091853
3091872
3091886
3091889
3091938
3091956
3092000
3092002
3092038
3092070
3092073
3092096
3092171
3092233
3092235
3092237
3092252
3092313
3092399
3092423
3092436
3092463
3092469
3092496
3092501
3092505
3092549
3092619
3092638
3092645
3092647
3092673
3092763
3092781
3092788
3092794
3092798
3092834
3092851
3092887
3093296
3093298
3093907
3093913
3093943
3093951
3094104
3094215
3094244
3094264
3094286
3094296
3094336
3094352
3094375
3094405
3094443
3094462
3094525
3094547
3094571
3094707
3094715
3094727
3094742
3094761
3094795
3094832
3094852
3094892
3094903
3094911
3094937
3094939
3095085
3095165
3095181
3095211
3095220
3095234
3095255
3095267
3095270
3095275
3095325
3095327
3095349
3095387
3095418
3095452
3095463
3095501
3096628
3096653
3096656
3096672
3096692
3096716
3096738
3096762
3096785
3096817
3096841
3096885
3096959
3096967
3096971
3096997
3097013
3097045
3097086
3097091
3097109
3097123
3097144
3097152
3097153
3097158
3097173
3097200
3097214
3097266
3097286
3097297
3097310
3097320
3097346
3097417
3097428
3097455
3097456
3097458
3097476
3097506
3097507
3097515
3097593
3097606
3097616
3097639
3097693
3097744
3097749
3097841
3097908
3097939
3097942
3097963
3097964
3098031
3098040
3098049
3098060
3098092
3098103
3098178
3098182
3098235
3098422
3099405
3099447
3099512
3099521
3099548
3099584
3099593
3099594
3099599
3099607
3099736
3099746
3099793
3099874
3099877
3099902
3099923
3099932
3099944
3099946
3100009
3100028
3100066
3100084
3100131
3100171
3100201
3100242
3100249
3100307
3100311
3100355
3100376
3100379
3100418
3100419
3100435
3100441
3100511
3100521
3100625
3100629
3100633
3100648
3100652
3100656
3100657
3100711
3100716
3100820
3100830
3100839
3100861
3100868
3100879
3101008
3101035
3101048
3102076
3102103
3102127
3102173
3102194
3102214
3102219
3102245
3102248
3102273
3102281
3102291
3102311
3102335
3102356
3102363
3102382
3102401
3102403
3102421
3102495
3102561
3102569
3102594
3102665
3102690
3102706
3102735
3102755
3102786
3102793
3102822
3102832
3102861
3102866
3102876
3102890
3102952
3102965
3102970
3103016
3103042
3103174
3103205
3103275
3103314
3103345
3103348
3103373
3103392
3103405
3103406
3103408
3103411
3103424
3103458
3103491
3103503
3103510
3103511
3103514
3103563
3103601
3103604
3103605
3103617
3103620
3103674
3103699
3104755
3104903
3104937
3104939
3104961
3104977
3104979
3105023
3105068
3105074
3105082
3105085
3105105
3105116
3105138
3105150
3105170
3105186
3105194
3105198
3105215
3105217
3105251
3105267
3105303
3105305
3105314
3105320
3105330
3105335
3105360
3105362
3105427
3105439
3105451
3105544
3105548
3105595
3105602
3105606
3105689
3105732
3105744
3105748
3105751
3105763
3105834
3105848
3105858
3105882
3105889
3105911
3105968
3105980
3106041
3106042
3106063
3106119
3106135
3106154
3106248
3106295
3106334
3106343
3106361
3106392
3107206
3107233
3107271
3107295
3107318
3107334
3107346
3107352
3107356
3107374
3107375
3107385
3107418
3107439
3107448
3107462
3107485
3107487
3107497
3107587
3107620
3107644
3107658
3107682
3107714
3107740
3107746
3107873
3108006
3108512
3108518
3108543
3108576
3108594
3108656
3108709
3108726
3108731
3108924
3108954
3109001
3109015
3109017
3109125
3109267
3109295
3109464
3110520
3110524
3110548
3110577
3110667
3110746
3110826
3110846
3110891
3110910
3110943
3110961
3110986
3111018
3111073
3111121
3111132
3111158
3111201
3111204
3111214
3111277
3111286
3111292
3111319
3111345
3111357
3111427
3111440
3111446
3111455
3111486
3111512
3111556
3111558
3111574
3111582
3111631
3111635
3111686
3111719
3111733
3111778
3111800
3111837
3111841
3111849
3111850
3111912
3111954
3111998
3112000
3112001
3112043
3112146
3113292
3113338
3113343
3113351
3113352
3113420
3113453
3113457
3113462
3113507
3113518
3113542
3113552
3113553
3113560
3113582
3113587
3113681
3113767
3113805
3113835
3113934
3113938
3113940
3113976
3114010
3114047
3114056
3114060
3114131
3114160
3114239
3114293
3114299
3114362
3114452
3114470
3115790
3115797
3115810
3115858
3115879
3115946
3115951
3116991
3117014
3117071
3117078
3117088
3117095
3117185
3117241
3117250
3117292
3117304
3117346
3117353
3117412
3117419
3117466
3117475
3117502
3117570
3117596
3117673
3117684
3117687
3117693
3117704
3117735
3117770
3117782
3117811
3117832
3117865
3117867
3117876
3117949
3118016
3118051
3118079
3118124
3118150
3118235
3118319
3118323
3118375
3118387
3118405
3118432
3118440
3118478
3118530
3118542
3118599
3119687
3119693
3119720
3119727
3119766
3119807
3119849
3119868
3119884
3119918
3119967
3119977
3120015
3120065
3120087
3120112
3120129
3120173
3120194
3120198
3120202
3120207
3120212
3120213
3120250
3120359
3120360
3120415
3120443
3120452
3120462
3120505
3120546
3120556
3120881
3120898
3120915
3120930
3120938
3120954
3120955
3120996
3121008
3121012
3121046
3121050
3121052
3121098
3121205
3121209
3121235
3121256
3121783
3121813
3122374
3122401
3122425
3122484
3122490
3122526
3122635
3122724
3122730
3122789
3122808
3122814
3122914
3122943
3122995
3123013
3123018
3123025
3123193
3123200
3123233
3123371
3123376
3123498
3123507
3123534
3123594
3123606
3123615
3123672
3123673
3123694
3123785
3123802
3123895
3123956
3124000
3124053
3124061
3124062
3124101
3125073
3125093
3125115
3125116
3125123
3125166
3125181
3125217
3125221
3125245
3125263
3125276
3125292
3125296
3125310
3125412
3125468
3125490
3125502
3125503
3125505
3125519
3125533
3125555
3125583
3125585
3125639
3125677
3125694
3125744
3125749
3125829
3125842
3125866
3125882
3125892
3125899
3125903
3125951
3125973
3125983
3125996
3125998
3126023
3126025
3126065
3126070
3126161
3126194
3126200
3126205
3126246
3126255
3126260
3126270
3126271
3126367
3126424
3126440
3126444
3126534
3126558
3126564
3126571
3126580
3126627
3126657
3126663
3126768
3126809
3126832
3127842
3127898
3127916
3128038
3128050
3128086
3128094
3128114
3128136
3128152
3128156
3128191
3128200
3128216
3128218
3128229
3128283
3128291
3128335
3128362
3128415
3128482
3128497
3128502
3128516
3128629
3128631
3128643
3128682
3128690
3128754
3128766
3128796
3128846
3128858
3128866
3128867
3128915
3128968
3128974
3128990
3128997
3129005
3129020
3129115
3129183
3129197
3129202
3129222
3129230
3129234
3129361
3129393
3129398
3129400
3130606
3130624
3130643
3130731
3130757
3130841
3130848
3130908
3130923
3130936
3130941
3130947
3130974
3130978
3130980
3130993
3131011
3131020
3131050
3131051
3131186
3131215
3131261
3131265
3131293
3131319
3131369
3131391
3131413
3131493
3131506
3131532
3131569
3131699
3131701
3131766
3131798
3131801
3131818
3131832
3131848
3131869
3131887
3131902
3131908
3132049
3132066
3132078
3132086
3132100
3132102
3132108
3132196
3132197
3133215
3133354
3133422
3133464
3133498
3133557
3133566
3133580
3133581
3133636
3133646
3133648
3133673
3133684
3133685
3133707
3133750
3133752
3133871
3133883
3133927
3133940
3133946
3133952
3134004
3134010
3134013
3134059
3134144
3134212
3134216
3134227
3134242
3134244
3134292
3134325
3134369
3134377
3134383
3134391
3134420
3134492
3134493
3134601
3134610
3134648
3134667
3134711
3134719
3134720
3134722
3134824
3134825
3134832
3134876
3134877
3134879
3134915
3135936
3135963
3135993
3136037
3136056
3136086
3136168
3136189
3136197
3136231
3136268
3136275
3136278
3136376
3136391
3136410
3136464
3136504
3136553
3136589
3136598
3136833
3136852
3136860
3136892
3136949
3136969
3136986
3136988
3137024
3137093
3137099
3137124
3137192
3137196
3137202
3137212
3137214
3137234
3137347
3137356
3137357
3137393
3137399
3137400
3137460
3137476
3137532
3137693
3138820
3138837
3138849
3138922
3139057
3139068
3139102
3139261
3139277
3139317
3139325
3139341
3139421
3139480
3139517
3139527
3139541
3139550
3139565
3139575
3139630
3139652
3139670
3139775
3139833
3139862
3139929
3139962
3139969
3140011
3140211
3140242
3140252
3140288
3140289
3140317
3140343
3140372
3142150
3142194
3142209
3142215
3142225
3142284
3142355
3142407
3142535
3142542
3142580
3142611
3142721
3142742
3142770
3142772
3142821
3142853
3142865
3142920
3142924
3142946
3143145
3143235
3143490
3143507
3143569
3143587
3143717
3143773
3143843
3143855
3143862
3143912
3143987
3143991
3144393
3144460
3144520
3144579
3144602
3144670
3144677
3144834
3144849
3145015
3145077
3145110
3145178
3147159
3147184
3147276
3147286
3147314
3147336
3147344
3147564
3147569
3147604
3147623
3147769
3148122
3148125
3148165
3148200
3148428
3148434
3148442
3148526
3148586
3148727
3148787
3148791
3148797
3148858
3148879
3148889
3148943
3149044
3149098
3149125
3149147
3149181
3149200
3149231
3149233
3149246
3149272
3149277
3149414
3149448
3149498
3149514
3149523
3149537
3149544
3149639
3149681
3149719
3149785
3149999
3150134
3150206
3150327
3150396
3150480
3152414
3152477
3152500
3152638
3152751
3152763
3152798
3152801
3152814
3152835
3152847
3152918
3152960
3152968
3153000
3153120
3153129
3153267
3153324
3153372
3153608
3153736
3153807
3154006
3154058
3154068
3154137
3154139
3154198
3154208
3154210
3154248
3154277
3154331
3154416
3154481
3154542
3154614
3154620
3154785
3154818
3154841
3154855
3154900
3155044
3155094
3155110
3155166
3155168
3155210
3155229
3155231
3156347
3156349
3156356
3156407
3156432
3156471
3156476
3156490
3156541
3156594
3156609
3156758
3156813
3156918
3156975
3156986
3157033
3157039
3157086
3157109
3157149
3157176
3157211
3157231
3157266
3157271
3157299
3157315
3157323
3157328
3157333
3157338
3157354
3157424
3157439
3157455
3157459
3157485
3157486
3157502
3157523
3157526
3157559
3157575
3157592
3157661
3157799
3157809
3157834
3157860
3157866
3157912
3157918
3157944
3157955
3157959
3157960
3159237
3159283
3159330
3159369
3159387
3159433
3159440
3159524
3159549
3159598
3159600
3159661
3159729
3159747
3159755
3159779
3159843
3159856
3159912
3159916
3159932
3159948
3159952
3159981
3159990
3160055
3160079
3160084
3160138
3160181
3160197
3160203
3160245
3160294
3160296
3160351
3160353
3160443
3160444
3160453
3160465
3160486
3160497
3160556
3160767
3160804
3160816
3161881
3161885
3161912
3161952
3161990
3162016
3162036
3162055
3162122
3162199
3162201
3162232
3162283
3162296
3162362
3162376
3162378
3162395
3162403
3162483
3162512
3162543
3162554
3162574
3162597
3162706
3162707
3162755
3162767
3162769
3162802
3162883
3162886
3162926
3162965
3163008
3163073
3163074
3163097
3163157
3163163
3163180
3163208
3163245
3163323
3163349
3163369
3163385
3163399
3163437
3163441
3164634
3164686
3164735
3164747
3164750
3164814
3165038
3165077
3165087
3165174
3165176
3165181
3165190
3165202
3165303
3165346
3165368
3165387
3165399
3165546
3165549
3165552
3165555
3165569
3165576
3165584
3165586
3165588
3165652
3165682
3165752
3165774
3165796
3165872
3165887
3165901
3165907
3165941
3165967
3165987
3166004
3166008
3166013
3166015
3166019
3166024
3166062
3166097
3166116
3166129
3166135
3166136
3166169
3167462
3167475
3167481
3167485
3167533
3167551
3167561
3167639
3167696
3167713
3167737
3167773
3167783
3167794
3167835
3167846
3167898
3167905
3167927
3167928
3167933
3167973
3167988
3168062
3168092
3168145
3168243
3168263
3168308
3168419
3168458
3168480
3168515
3168527
3168580
3168581
3168585
3168597
3168638
3168641
3168661
3168677
3168718
3168809
3168816
3168828
3168885
3168887
3168927
3168935
3168979
3168998
3170052
3170154
3170157
3170170
3170218
3170235
3170240
3170258
3170282
3170296
3170315
3170317
3170344
3170346
3170379
3170385
3170500
3170534
3170601
3170604
3170651
3170674
3170691
3170753
3170785
3170796
3170825
3170833
3170914
3170921
3170940
3170943
3170959
3170981
3170987
3171036
3171109
3171111
3171115
3171148
3171150
3171152
3171162
3171167
3171181
3171201
3171207
3171231
3171320
3171408
3171526
3171531
3171628
3172886
3172891
3172905
3172920
3172925
3172953
3172969
3173054
3173089
3173107
3173121
3173154
3173168
3173178
3173241
3173255
3173318
3173331
3173336
3173362
3173378
3173380
3173449
3173485
3173491
3173528
3173605
3173611
3173644
3173650
3173659
3173690
3173775
3173785
3173840
3173905
3173912
3173941
3173951
3173952
3173972
3174053
3174058
3174083
3174107
3174112
3174182
3174185
3174258
3174262
3174292
3174331
3175680
3175846
3175881
3175911
3175945
3175969
3175988
3176035
3176065
3176077
3176119
3176148
3176190
3176194
3176217
3176296
3176297
3176301
3176325
3176355
3176399
3176407
3176417
3176459
3176519
3176547
3176611
3176614
3176626
3176635
3176651
3176663
3176673
3176743
3176751
3176757
3176805
3176818
3176984
3177100
3177128
3177136
3177142
3177150
3177154
3178297
3178302
3178303
3178309
3178332
3178348
3178421
3178442
3178461
3178472
3178483
3178489
3178509
3178524
3178525
3178578
3178613
3178641
3178676
3178708
3178724
3178729
3178732
3178735
3178758
3178764
3178775
3178796
3178838
3178859
3178861
3178871
3178904
3178925
3178936
3178940
3178954
3178976
3179022
3179029
3179049
3179059
3179074
3179089
3179096
3179098
3179114
3179116
3179167
3179187
3179237
3179265
3179269
3179317
3179354
3179363
3179380
3179383
3179394
3179399
3179424
3179468
3179481
3179485
3179495
3179496
3179500
3179506
3179517
3179572
3179574
3179642
3179656
3179678
3179703
3179716
3179726
3179734
3179804
3179806
3179836
3179924
3179969
3179984
3181139
3181184
3181197
3181260
3181333
3181386
3181393
3181405
3181463
3181522
3181603
3181627
3181705
3181722
3181732
3181814
3181832
3181848
3181866
3181867
3181894
3181984
3182050
3182056
3182071
3182078
3182098
3182114
3182134
3182165
3182233
3182265
3182312
3182322
3182324
3182354
3182368
3182380
3182440
3182458
3182467
3182469
3182496
3182563
3182564
3182572
3182573
3182591
3182604
3182613
3182680
3182681
3183845
3183874
3184014
3184018
3184038
3184101
3184103
3184106
3184111
3184151
3184182
3184193
3184200
3184217
3184276
3184279
3184297
3184306
3184369
3184440
3184467
3184578
3184588
3184638
3184664
3184727
3184734
3184768
3184786
3184792
3184829
3184838
3184839
3184841
3184894
3184895
3184900
3184978
3185044
3185073
3185089
3185091
3185093
3185125
3185156
3185169
3185201
3185218
3185249
3185251
3185261
3185317
3185344
3185427
3186640
3186641
3186646
3186719
3186736
3186746
3186764
3186950
3186999
3187015
3187023
3187054
3187060
3187184
3187185
3187294
3187301
3187310
3187322
3187342
3187370
3187393
3187400
3187403
3187446
3187467
3187470
3187489
3187502
3187506
3187535
3187555
3187572
3187608
3187622
3187681
3187742
3187811
3187837
3187852
3187980
3187989
3187992
3188033
3188062
3188081
3188083
3189252
3190285
3190412
3190441
3190460
3190708
3190813
3190820
3190827
3191956
3192161
3192171
3192369
3192525
3192560
3192593
3192654
3192769
3192777
3192823
3192880
3192937
3192972
3192978
3193063
3193078
3193101
3193124
3193131
3193135
3193140
3193149
3193181
3193226
3193240
3193277
3193293
3193357
3193501
3194749
3194813
3194860
3194862
3194926
3194936
3195014
3195097
3195142
3195154
3195165
3195194
3195293
3195297
3195318
3195320
3195427
3195486
3195526
3195531
3195548
3195573
3195593
3195595
3195612
3195647
3195648
3195675
3195678
3195689
3195699
3195709
3195730
3195775
3195778
3195798
3195801
3195818
3195846
3195881
3195930
3195931
3195932
3195938
3195976
3195982
3195993
3196040
3196055
3196056
3196062
3196104
3196175
3196182
3196193
3196218
3196230
3196260
3196264
3196267
3196277
3196513
3197649
3197734
3197799
3197851
3197876
3197913
3197963
3198044
3198146
3198365
3198424
3198438
3198465
3198596
3198883
3198968
3199334
3199347
3199364
3199661
3199795
3200187
3200261
3200325
3200388
3200403
3200429
3200451
3200574
3200624
3200687
3200733
3200748
3200828
3200834
3200836
3202959
3202978
3203049
3203127
3203277
3203430
3203924
3203960
3203981
3203990
3204000
3204065
3204141
3204357
3204456
3208173
3208175
3208179
3208191
3208206
3208285
3208380
3208401
3208426
3208461
3208474
3208552
3208598
3208734
3208738
3209226
3209362
3209501
3209510
3209793
3209829
3209845
3210484
3210497
3210635
3210637
3210714
3210789
3211009
3211013
3213627
3213640
3213677
3213738
3213754
3213869
3213912
3213990
3214023
3214091
3214130
3214132
3214188
3214322
3214443
3214452
3214540
3214589
3214593
3214634
3214694
3214710
3214755
3214796
3214827
3214829
3214986
3214994
3215064
3215066
3215117
3215125
3215280
3215294
3215335
3215397
3215412
3215465
3215500
3215606
3215609
3215677
3215702
3215727
3215762
3215801
3215857
3215895
3216016
3216020
3216046
3216238
3216242
3216292
3216370
3216372
3216535
3216546
3216577
3216603
3218768
3218897
3218970
3219010
3219071
3219078
3219094
3219099
3219105
3219124
3219149
3219165
3219213
3219255
3219334
3219458
3219460
3219479
3219535
3219658
3219690
3219717
3219721
3219763
3219813
3219880
3219911
3219920
3219934
3220011
3220048
3220250
3220427
3220507
3220705
3220736
3220797
3220835
3220850
3220906
3220925
3220938
3220965
3221009
3221013
3221115
3221178
3221269
3221283
3221320
3221333
3221415
3221595
3221599
3221725
3223786
3223801
3223887
3223893
3224012
3224023
3224062
3224065
3224098
3224125
3224359
3224457
3224567
3224709
3224781
3224879
3224962
3224997
3225157
3225175
3225202
3225369
3225394
3225412
3225464
3225562
3225570
3225661
3225665
3225667
3225673
3225745
3225815
3225823
3225875
3225957
3225977
3225979
3226093
3226096
3226114
3226119
3226165
3226185
3226243
3226304
3226443
3226595
3226597
3226656
3226668
3226700
3226779
3226782
3226968
3226982
3226998
3227038
3227080
3227165
3227172
3228964
3228977
3228978
3229076
3229126
3229163
3229217
3229499
3229509
3229527
3229635
3229650
3229733
3229928
3230070
3230080
3230115
3230399
3230426
3230462
3230498
3230547
3230572
3230586
3230633
3230644
3230699
3230754
3230948
3231018
3231259
3231311
3231351
3231375
3231398
3231439
3231477
3231481
3231502
3231610
3231616
3231618
3231707
3231711
3231764
3231837
3231882
3231956
3232091
3232148
3234301
3234385
3234490
3234547
3234552
3234553
3234643
3234652
3234685
3234736
3234841
3234890
3234919
3234929
3234950
3234977
3235112
3235214
3235216
3235218
3235308
3235381
3235445
3235489
3235493
3235495
3235658
3235690
3235802
3235901
3235942
3235986
3236134
3236148
3236150
3236207
3236230
3236336
3236342
3236388
3236436
3236464
3236509
3236526
3236605
3236611
3236673
3236818
3236842
3236909
3236913
3237156
3237162
3237177
3237315
3239377
3239416
3239455
3239508
3239564
3239661
3239723
3239766
3239838
3239877
3239918
3239957
3240045
3240055
3240070
3240117
3240208
3240294
3240296
3240344
3240346
3240408
3240453
3240462
3240517
3240522
3240569
3240596
3240662
3240676
3240760
3240820
3240968
3241064
3241147
3241169
3241308
3241318
3241327
3241484
3241501
3241618
3241666
3241730
3241872
3241888
3241909
3241934
3241936
3241944
3241952
3242009
3242021
3242076
3242145
3242162
3242172
3242222
3242249
3242531
3244483
3244485
3244506
3244524
3244568
3244636
3244742
3244773
3244793
3244861
3244878
3244919
3244924
3245000
3245011
3245048
3245077
3245079
3245156
3245186
3245229
3245416
3245445
3245449
3245480
3245496
3245498
3245548
3245573
3245596
3245622
3245672
3245679
3245680
3245709
3245790
3245846
3245897
3245902
3245938
3245940
3246010
3246026
3246056
3246060
3246062
3247205
3247298
3247313
3247330
3247438
3247467
3247470
3247501
3247562
3247611
3247620
3247743
3247787
3247819
3247837
3247839
3247857
3247894
3247959
3247965
3247980
3247993
3248017
3248055
3248062
3248070
3248090
3248121
3248126
3248135
3248189
3248201
3248215
3248255
3248266
3248326
3248335
3248355
3248374
3248388
3248510
3248573
3248664
3248673
3248735
3248747
3248995
3249974
3249975
3250097
3250110
3250119
3250130
3250142
3250159
3250267
3250297
3250307
3250355
3250358
3250382
3250402
3250484
3250504
3250588
3250612
3250666
3250693
3250748
3250769
3250811
3250839
3250997
3250998
3251003
3251018
3251051
3251080
3251138
3251143
3251180
3251200
3251254
3251347
3251350
3251397
3251487
3251493
3251509
3251511
3251515
3251535
3251541
3251610
3252677
3252750
3252769
3252822
3252843
3252858
3252905
3252913
3253130
3253159
3253349
3253353
3253359
3253403
3253413
3253437
3253518
3253523
3253544
3253584
3253600
3253601
3253674
3253685
3253689
3253729
3253775
3253782
3253815
3253870
3253898
3253953
3253970
3253978
3253995
3254003
3254037
3254052
3254150
3254154
3254194
3254221
3254240
3254261
3255393
3255408
3255424
3255461
3255530
3255539
3255584
3255626
3255629
3255634
3255656
3255673
3255698
3255704
3255712
3255743
3255761
3255766
3255815
3255839
3255846
3255913
3256054
3256077
3256082
3256105
3256119
3256128
3256135
3256180
3256203
3256223
3256236
3256240
3256252
3256319
3256330
3256331
3256341
3256343
3256360
3256366
3256411
3256433
3256435
3256451
3256520
3256521
3256536
3256542
3256546
3256557
3256575
3256576
3256633
3256638
3256650
3256662
3256673
3256689
3256819
3256823
3256827
3256899
3256923
3256924
3258068
3258098
3258155
3258191
3258229
3258254
3258258
3258371
3258382
3258384
3258392
3258402
3258423
3258435
3258439
3258444
3258449
3258489
3258518
3258537
3258579
3258581
3258584
3258648
3258649
3258653
3258785
3259108
3259148
3259162
3259188
3259205
3259207
3259208
3259362
3259366
3259388
3259411
3259419
3259444
3259461
3259465
3259466
3259469
3259512
3259513
3259540
3259596
3259607
3259615
3259716
3260890
3260891
3260933
3261060
3261079
3261536
3261578
3261593
3261648
3261660
3261725
3261745
3261747
3261771
3261783
3261786
3261811
3261830
3261846
3261850
3261888
3261897
3261907
3261931
3261957
3262007
3262014
3262050
3262063
3262064
3262118
3262147
3262153
3262210
3262267
3262278
3262373
3262375
3262398
3262403
3262412
3262484
3262749
3263665
3263679
3263692
3263790
3263792
3263814
3263844
3263850
3263854
3263866
3263885
3263888
3263988
3264003
3264017
3264020
3264033
3264049
3264065
3264092
3264114
3264135
3264136
3264140
3264215
3264238
3264285
3264305
3264308
3264310
3264315
3264325
3264334
3264338
3264375
3264398
3264408
3264429
3264435
3264441
3264467
3264515
3264585
3264605
3264644
3264709
3264789
3264853
3264865
3264869
3264908
3264910
3264992
3265025
3265073
3265102
3265108
3265145
3265172
3265211
3265264
3265295
3265303
3265475
3265553
3265639
3265683
3265736
3265922
3265962
3265970
3268051
3268057
3268061
3268182
3268287
3268398
3268535
3268714
3268810
3268904
3268950
3268966
3268975
3268998
3269157
3269215
3269280
3269297
3269394
3269403
3269442
3269491
3269505
3269657
3269661
3269672
3269798
3269874
3269887
3269925
3269949
3269980
3270013
3270071
3270142
3270208
3270334
3270347
3270411
3270512
3270582
3270723
3271039
3273505
3273569
3273591
3273593
3273631
3273652
3273689
3273849
3273864
3273907
3273990
3274097
3274126
3274273
3274342
3274454
3274480
3274490
3274517
3274728
3274741
3274743
3274756
3274790
3274796
3274847
3274855
3274859
3274901
3274909
3274981
3275024
3275044
3275077
3275102
3275172
3275211
3275311
3275350
3275418
3275422
3275528
3275577
3275612
3275633
3275702
3275716
3275730
3275738
3275740
3275748
3275759
3275767
3275780
3275875
3275905
3276004
3276039
3276058
3276199
3278739
3322451
3322971
3322988
3323060
3323367
3323949
3324132
3324157
3330441
3330519
3330589
3330732
3331587
3331643
3331947
3332466
3334619
3334738
3334749
3334799
3334834
3335699
3335736
3335921
3336070
3336105
3336200
3340346
3340362
3341766
3341872
3341880
3341881
3341897
3341960
3341988
3342000
3342069
3342141
3342199
3342265
3342311
3342319
3342323
3342361
3342377
3342432
3342444
3342447
3342454
3342467
3342478
3342564
3342583
3342585
3342592
3342596
3342640
3342641
3342645
3342728
3342763
3342781
3342804
3342844
3342891
3342927
3343029
3343051
3343061
3343092
3343133
3343155
3343159
3343261
3343280
3343319
3343324
3343343
3343396
3343418
3343465
3343479
3343481
3343500
3343514
3343520
3343540
3343546
3343601
3343605
3343623
3343666
3343735
3343820
3343857
3343900
3343906
3343931
3343934
3343951
3343965
3343982
3344013
3344050
3344067
3344085
3344098
3344140
3344152
3344154
3344189
3344199
3344210
3344234
3344279
3344328
3344399
3344451
3344467
3344486
3344502
3344560
3344642
3344651
3344682
3344689
3344701
3344706
3344710
3344738
3344774
3344783
3344784
3344804
3344831
3344837
3344848
3344875
3344899
3344945
3344948
3344994
3345005
3345017
3345036
3345100
3345121
3345132
3345229
3345261
3345276
3345313
3345331
3345338
3345349
3345417
3345455
3345474
3345477
3345604
3345647
3345658
3345791
3345792
3345837
3345885
3345945
3345961
3346019
3346034
3346047
3346062
3346074
3346189
3346196
3346209
3346214
3346246
3346264
3346287
3346318
3346362
3346364
3346376
3346378
3346409
3346492
3346494
3346520
3346524
3346542
3346575
3346584
3346605
3346649
3346652
3346689
3346692
3346697
3346735
3346758
3346766
3346779
3346799
3346814
3346823
3346827
3346960
3346993
3347175
3347183
3347208
3347221
3347222
3347231
3347278
3347336
3347382
3347393
3347414
3347437
3347459
3347557
3347614
3347617
3347618
3347689
3347698
3347714
3347755
3347766
3347780
3347800
3347810
3347830
3347932
3347978
3347987
3347991
3348088
3348126
3348166
3348218
3348656
3349033
3351801
3351815
3351920
3351970
3352025
3352059
3352093
3352141
3352376
3352403
3352545
3352634
3352645
3352806
3352840
3352872
3352876
3352907
3352925
3352975
3353014
3353064
3353088
3353104
3353110
3353150
3353157
3353172
3353211
3353220
3353221
3353287
3353298
3353344
3353353
3353406
3353435
3353477
3353479
3353497
3353530
3353565
3353587
3353594
3353615
3353651
3353672
3353707
3353740
3353768
3353789
3353791
3353871
3353893
3353916
3353920
3353970
3353981
3354009
3354042
3354049
3354089
3354161
3354228
3354253
3354255
3354256
3354260
3354272
3354287
3354363
3354372
3354373
3354426
3354436
3354442
3354445
3354481
3354493
3354651
3354679
3354693
3354705
3354740
3354765
3354769
3354778
3354794
3354842
3354855
3354880
3354937
3354943
3354984
3355011
3355158
3355257
3355320
3356406
3356419
3356428
3356509
3356572
3356579
3356588
3356658
3356783
3356791
3356881
3356982
3356986
3357057
3357080
3357137
3357266
3357364
3357560
3357673
3357689
3357709
3357721
3357895
3357907
3357923
3358011
3358124
3358352
3358601
3358663
3358730
3358743
3358837
3358857
3358870
3358885
3358964
3359009
3359065
3359153
3359156
3359159
3359186
3359194
3359200
3359214
3359251
3359260
3359267
3359293
3359307
3359388
3359396
3359447
3359465
3359483
3359491
3359547
3359658
3359789
3359857
3359902
3359905
3359966
3359982
3360030
3360068
3360074
3360099
3360116
3360128
3360188
3360193
3360427
3360459
3360470
3360495
3360516
3360525
3360557
3360559
3360573
3360648
3360688
3360767
3360793
3360819
3360822
3360836
3360888
3360959
3360993
3361107
3361141
3361148
3361335
3361374
3361397
3361429
3361481
3361522
3361557
3361639
3361668
3361752
3361783
3361804
3361964
3362124
3362200
3362206
3362230
3362236
3362260
3362521
3362601
3362685
3362701
3362704
3362723
3362870
3362917
3362977
3363009
3363012
3363070
3363114
3363161
3363335
3363429
3363457
3363552
3363576
3363643
3363825
3363836
3363865
3363897
3363899
3363921
3363989
3364001
3364039
3364125
3364170
3364200
3364216
3364256
3364362
3364364
3364441
3364442
3364500
3364524
3364542
3364559
3364623
3364651
3364676
3364707
3364710
3364712
3364748
3364768
3364788
3364828
3364868
3364878
3365009
3365010
3365031
3365149
3365150
3365232
3365233
3365242
3365268
3365516
3365643
3365668
3365716
3365780
3365785
3365800
3365816
3365822
3365929
3365940
3365954
3366039
3366059
3366116
3366176
3366225
3366228
3366271
3366316
3366350
3366395
3366420
3366431
3366462
3366670
3366680
3366696
3366753
3366882
3366915
3366917
3366944
3366955
3366959
3367054
3367128
3367145
3367162
3367170
3367196
3367254
3367265
3367280
3367368
3367414
3367457
3367517
3367585
3367588
3367636
3367761
3367782
3367828
3367846
3367887
3367891
3367933
3368010
3368081
3368086
3368108
3368113
3368170
3368184
3368316
3368319
3368357
3368614
3368683
3368821
3373638
3373667
3373693
3373695
3373697
3373734
3373750
3373798
3373880
3373889
3373897
3373918
3373967
3374060
3374091
3374093
3374099
3374117
3374141
3374155
3374223
3374263
3374265
3374296
3374330
3374361
3374365
3374377
3374382
3374406
3374462
3374472
3374481
3374541
3374549
3374563
3374633
3374655
3374698
3374721
3374731
3374733
3374762
3374767
3374794
3374825
3374900
3374918
3374928
3374988
3374997
3375007
3375103
3375140
3375155
3375201
3375206
3375233
3375246
3375248
3375268
3375297
3375327
3375338
3375386
3375390
3375484
3375490
3375584
3375597
3375609
3375614
3375622
3375626
3375632
3375678
3375689
3375734
3375737
3375810
3375863
3375866
3375908
3375947
3376015
3376100
3376110
3376113
3376130
3376148
3376208
3376236
3376243
3376288
3376290
3376296
3376310
3376365
3376459
3376585
3376587
3376604
3376644
3376652
3376664
3376751
3376782
3376802
3376812
3376829
3376896
3376929
3377076
3377094
3377188
3377263
3377272
3377329
3377360
3377376
3377473
3377546
3377589
3377615
3377666
3377709
3377776
3377824
3377867
3377895
3377899
3377903
3377994
3377995
3378005
3378006
3378064
3378073
3378101
3378113
3378252
3378288
3378310
3378383
3378415
3378471
3378512
3378531
3378554
3378582
3378590
3378603
3378641
3378673
3378681
3378828
3378829
3378847
3378920
3378966
3379031
3379055
3379059
3379079
3379264
3379285
3379353
3379402
3379513
3379520
3379549
3379743
3379825
3379833
3379882
3379905
3379964
3380000
3380029
3380042
3380667
3380742
3380869
3380895
3380903
3381015
3381065
3381089
3381124
3381203
3381355
3381478
3381486
3381728
3381732
3381780
3381849
3381869
3381922
3381968
3382248
3382252
3382309
3382498
3382913
3382932
3382936
3383048
3383129
3383264
3383442
3383558
3383571
3383619
3383647
3384012
3384052
3384075
3384114
3384126
3384184
3384228
3384301
3384346
3384389
3384447
3384456
3384500
3384590
3384610
3384618
3384673
3384708
3384732
3384748
3384793
3384806
3384823
3384829
3384851
3384926
3385043
3385077
3385147
3385297
3385526
3385600
3385662
3385687
3385729
3385784
3385810
3385821
3385866
3385904
3385918
3385956
3385962
3385972
3385998
3386098
3386122
3386226
3386236
3386237
3386344
3386405
3386481
3386537
3386567
3386569
3386581
3386598
3386625
3386642
3386661
3386662
3386681
3386691
3386726
3386757
3386768
3386847
3386916
3386968
3387000
3387048
3387080
3387169
3387220
3387356
3387465
3387506
3387542
3387568
3387596
3387625
3387668
3387669
3387765
3387789
3387808
3387938
3387939
3387940
3388009
3388054
3388089
3388140
3388150
3388165
3388259
3388276
3388459
3388535
3388566
3388652
3388656
3388771
3388783
3388877
3388946
3388994
3389045
3389099
3389146
3389256
3389281
3389373
3389395
3389444
3389497
3389505
3389526
3389640
3389646
3389648
3389678
3389760
3389808
3389817
3389820
3389822
3389862
3389941
3389966
3389974
3389998
3390006
3390020
3390129
3390133
3390172
3390315
3390865
3391383
3395208
3395450
3395468
3395556
3395575
3395583
3395627
3395702
3395773
3395781
3395827
3395850
3395866
3395868
3395891
3395911
3395934
3395949
3395962
3395996
3395997
3396030
3396033
3396037
3396108
3396221
3396321
3396333
3396334
3396338
3396352
3396357
3396365
3396440
3396491
3396492
3396528
3396531
3396542
3396568
3396577
3396588
3396735
3396736
3396804
3396840
3396849
3396853
3396903
3396913
3396916
3396956
3396958
3396970
3397086
3397155
3397202
3397216
3397341
3397363
3397375
3397441
3397564
3397599
3397716
3397743
3397746
3397783
3397788
3397883
3397903
3397947
3398059
3398124
3398200
3398227
3398247
3398391
3398398
3398440
3398446
3398450
3398502
3398590
3398925
3398930
3398937
3398947
3398950
3399119
3399245
3399296
3399311
3399319
3399320
3399326
3399336
3399372
3399486
3399516
3399527
3399556
3399641
3399670
3399755
3399814
3399913
3399914
3400001
3400008
3400032
3400049
3400163
3400345
3400366
3400368
3400445
3400446
3400471
3400477
3400713
3400738
3400782
3400830
3400835
3400920
3401012
3401014
3401090
3401237
3401247
3401275
3401453
3401488
3401574
3401868
3402074
