2979143
2979176
2979257
2979266
2979269
2979274
2979829
3034953
3034960
3035030
3035048
3035120
3035135
3035136
3035138
3035139
3035161
3035181
3035199
3035208
3035210
3035233
3035259
3035283
3035697
3035719
3035891
3035916
3036003
3036071
3036104
3036127
3036206
3036208
3036218
3036264
3036272
3036274
3036324
3036378
3036439
3036463
3036500
3037756
3037762
3037874
3037883
3037911
3037926
3037934
3038113
3038122
3038134
3038146
3038157
3038160
3038166
3038173
3038189
3038206
3038219
3038224
3038246
3038260
3038344
3038379
3038413
3038427
3038450
3038515
3038535
3038538
3038624
3038643
3038700
3038701
3038716
3038776
3038785
3038795
3038814
3038823
3038865
3038881
3038904
3038910
3038921
3038956
3038987
3039021
3039023
3039062
3039081
3039110
3039128
3039136
3039145
3039152
3039164
3040358
3040368
3040376
3040384
3040398
3040405
3040423
3040427
3040428
3040559
3040588
3040600
3040635
3040685
3040702
3040755
3040852
3040860
3040862
3040884
3040898
3040941
3041014
3041032
3041033
3041053
3041054
3041093
3041102
3041177
3041228
3041288
3041405
3041426
3041438
3041478
3041500
3041521
3041576
3041603
3041664
3041678
3041679
3041692
3041703
3041770
3041781
3041790
3041801
3041956
3041973
3043096
3043165
3043177
3043324
3043334
3043363
3043414
3043420
3043428
3043460
3043473
3043476
3043479
3043485
3043494
3043504
3043552
3043557
3043580
3043591
3043599
3043626
3043638
3043679
3043721
3043764
3043795
3043894
3043917
3043960
3043991
3043994
3044122
3044133
3044163
3044164
3044177
3044248
3044250
3044392
3044460
3044497
3044674
3045706
3045745
3045770
3045862
3045904
3045905
3045906
3045937
3045980
3046001
3046024
3046042
3046056
3046075
3046093
3046136
3046163
3046173
3046218
3046263
3046269
3046308
3046327
3046360
3046382
3046414
3046491
3046562
3046565
3046582
3046684
3046713
3046729
3046763
3046783
3046819
3046847
3046856
3046881
3046989
3047002
3047004
3047007
3047018
3047030
3047044
3047098
3047105
3047117
3047149
3047150
3047153
3047180
3047205
3047207
3047217
3047319
3047329
3047355
3047394
3047427
3048444
3048461
3048543
3048548
3048620
3048645
3048649
3048680
3048688
3048692
3048776
3048782
3048810
3048825
3048832
3048836
3048921
3048926
3048930
3048933
3048945
3048967
3049066
3049104
3049154
3049168
3049220
3049227
3049251
3049262
3049274
3049322
3049405
3049420
3049459
3049462
3049488
3049495
3049540
3049559
3049567
3049589
3049624
3049868
3049870
3049885
3049945
3049975
3051233
3051243
3051245
3051259
3051275
3051291
3051361
3051362
3051384
3051396
3051457
3051458
3051470
3051471
3051532
3051551
3051591
3051626
3051715
3051750
3051807
3051814
3051822
3051837
3051908
3051933
3052002
3052005
3052087
3052094
3052111
3052138
3052140
3052174
3052205
3052236
3052266
3052267
3052273
3052283
3052306
3052316
3052331
3052378
3052449
3052484
3052497
3052507
3052643
3052659
3052770
3052779
3052792
3052814
3052818
3052890
3052928
3052983
3053084
3053095
3053110
3053131
3053134
3053151
3053156
3053217
3053239
3053257
3053306
3054447
3054451
3054458
3054490
3054499
3054553
3054595
3054646
3054664
3054670
3054778
3054811
3054818
3054951
3055032
3055041
3055049
3055091
3055092
3055097
3055176
3055324
3055475
3055512
3055639
3055663
3055746
3055781
3055846
3055875
3055946
3055957
3055968
3056019
3056032
3056609
3056644
3056656
3056674
3056675
3056685
3056711
3056728
3056816
3056834
3056838
3056842
3056854
3056890
3056954
3056959
3056974
3056977
3056990
3056994
3056997
3057004
3057011
3057035
3057059
3057085
3057106
3057118
3057146
3057152
3057165
3057169
3057171
3057240
3057242
3057257
3057282
3057300
3057328
3057363
3057421
3057432
3057438
3057441
3057461
3057462
3057531
3057536
3057562
3057563
3057568
3057650
3057664
3057810
3058706
3058731
3058795
3058798
3058810
3058858
3058873
3058886
3058889
3058899
3058938
3058968
3059326
3059344
3059426
3059428
3059468
3059473
3059525
3059552
3059589
3059603
3059616
3059638
3059725
3059759
3059805
3059818
3059845
3059856
3060034
3060037
3060097
3060128
3060135
3060152
3060153
3060204
3060285
3060322
3060399
3061106
3061427
3061553
3061557
3061611
3061623
3061661
3061663
3061672
3061683
3061699
3061766
3061769
3061770
3061778
3061814
3061863
3061911
3061952
3061980
3061995
3061997
3062023
3062025
3062029
3062092
3062124
3062136
3062168
3062211
3062274
3062315
3062336
3062337
3062368
3062408
3062441
3062458
3062555
3062601
3062602
3062616
3062689
3062739
3062794
3062796
3062802
3062805
3062814
3062847
3062898
3063008
3063030
3063060
3063077
3063141
3064084
3064224
3064235
3064243
3064308
3064331
3064353
3064371
3064455
3064497
3064553
3064577
3064591
3064603
3064607
3064675
3064679
3064682
3064758
3064798
3064834
3064857
3064872
3064898
3064980
3064998
3065002
3065022
3065037
3065049
3065088
3065323
3065367
3065449
3065476
3065490
3065519
3065554
3065566
3066895
3066980
3066990
3067013
3067020
3067066
3067117
3067125
3067130
3067194
3067196
3067257
3067279
3067296
3067310
3067382
3067441
3067492
3067581
3067587
3067601
3067661
3067706
3067724
3067725
3067745
3067806
3067869
3067879
3067920
3067937
3067960
3067979
3067982
3067987
3068051
3068074
3068103
3068126
3068160
3068181
3068255
3068314
3068334
3068342
3068383
3068386
3068428
3068431
3068432
3068436
3068444
3068489
3068496
3068503
3069582
3069622
3069843
3069853
3069889
3069893
3069922
3069932
3069958
3069977
3070203
3070342
3070349
3070350
3070369
3070388
3070410
3070413
3070418
3070431
3070495
3070499
3070625
3070630
3070643
3070661
3070752
3070779
3070794
3070928
3071063
3071111
3071151
3071155
3071209
3071213
3072231
3072326
3072338
3072474
3072648
3072652
3072673
3072678
3072735
3072756
3072772
3072782
3073014
3073027
3073036
3073056
3073061
3073076
3073150
3073152
3073165
3073247
3073258
3073261
3073297
3073327
3073381
3073450
3073451
3073458
3073479
3073488
3073515
3073560
3073667
3073745
3073747
3073770
3073792
3073818
3073870
3073901
3073938
3073963
3074972
3074973
3075029
3075062
3075070
3075124
3075126
3075169
3075182
3075227
3075234
3075237
3075252
3075254
3075255
3075288
3075296
3075307
3075369
3075396
3075409
3075416
3075422
3075426
3075485
3075486
3075526
3075586
3075603
3075632
3075701
3075729
3075788
3075795
3075808
3075883
3075918
3076023
3076044
3076049
3076083
3076089
3076090
3076093
3076107
3076126
3076174
3076189
3076202
3076221
3076232
3076284
3076297
3076302
3076311
3076329
3076353
3076358
3076366
3076370
3076388
3076402
3076424
3076434
3076453
3076464
3076470
3076479
3077656
3077671
3077728
3077800
3077820
3077881
3077909
3077911
3077953
3077966
3078031
3078174
3078176
3078182
3078187
3078188
3078283
3078301
3078330
3078346
3078365
3078445
3078451
3078461
3078468
3078506
3078538
3078566
3078589
3078591
3078593
3078605
3078610
3078614
3078632
3078684
3078706
3078708
3078750
3078763
3078834
3078915
3078920
3079010
3079045
3079051
3079083
3079093
3079117
3079189
3079225
3079236
3079279
3079298
3079342
3079375
3080423
3080476
3080477
3080595
3080599
3080604
3080650
3080789
3080836
3080933
3080942
3080943
3080973
3080997
3081053
3081092
3081097
3081155
3081189
3081190
3081226
3081317
3081321
3081332
3081410
3081502
3081528
3081553
3081581
3081643
3081663
3081698
3081743
3081750
3081798
3081848
3081862
3081866
3081902
3081927
3082021
3082028
3082087
3082110
3082474
3083115
3083166
3083217
3083226
3083265
3083280
3083311
3083314
3083376
3083409
3083440
3083489
3083515
3083551
3083563
3083643
3083676
3083694
3083707
3083721
3083792
3083883
3083902
3083905
3083918
3083934
3083981
3083988
3084022
3084028
3084074
3084078
3084082
3084104
3084108
3084122
3084158
3084175
3084178
3084195
3084223
3084295
3084384
3084407
3084453
3084487
3084508
3084511
3084542
3084553
3084625
3084720
3084742
3085819
3085950
3085983
3085989
3086007
3086016
3086065
3086066
3086095
3086097
3086104
3086134
3086168
3086324
3086342
3086355
3086361
3086380
3086569
3086576
3086595
3086629
3086638
3086658
3086663
3086738
3086752
3086797
3086831
3086889
3086929
3087043
3087074
3087076
3087082
3087102
3087201
3087219
3087264
3087276
3087391
3088486
3088510
3088579
3088595
3088639
3088643
3088663
3088706
3088732
3088801
3088805
3088819
3088832
3088854
3088880
3088939
3088979
3088981
3088997
3089007
3089009
3089085
3089107
3089134
3089160
3089172
3089190
3089251
3089252
3089265
3089298
3089315
3089329
3089332
3089337
3089346
3089406
3089431
3089433
3089437
3089456
3089458
3089510
3089575
3089720
3089747
3089760
3089768
3089789
3089797
3089811
3089919
3089963
3089970
3089980
3089990
3090052
3090058
3090073
3090080
3090152
3091292
3091304
3091317
3091334
3091407
3091409
3091513
3091569
3091594
3091598
3091601
3091623
3091714
3091719
3091788
3091807
3091815
3091853
3091878
3091884
3091950
3091960
3091961
3092049
3092063
3092138
3092153
3092164
3092216
3092230
3092238
3092253
3092303
3092316
3092336
3092354
3092390
3092408
3092429
3092485
3092494
3092573
3092576
3092622
3092627
3092697
3092734
3092761
3092764
3092768
3092791
3092800
3092804
3092838
3092839
3092847
3092849
3092872
3093907
3093932
3093948
3093969
3094114
3094121
3094181
3094229
3094254
3094372
3094386
3094493
3094499
3094513
3094525
3094576
3094651
3094655
3094683
3094719
3094746
3094791
3094795
3094830
3094861
3094940
3095039
3095096
3095097
3095103
3095129
3095239
3095241
3095271
3095283
3095296
3095298
3095319
3095361
3095486
3096653
3096659
3096862
3096912
3096929
3096944
3096991
3097030
3097046
3097051
3097057
3097065
3097097
3097146
3097199
3097202
3097269
3097350
3097446
3097453
3097475
3097483
3097502
3097542
3097572
3097574
3097610
3097616
3097621
3097629
3097685
3097724
3097839
3097843
3097875
3097876
3097925
3097936
3097945
3097946
3097950
3097982
3097985
3098014
3098094
3098120
3098156
3098202
3098242
3098245
3098278
3098293
3098409
3099402
3099420
3099455
3099470
3099582
3099650
3099760
3099809
3099870
3099958
3099970
3100009
3100055
3100223
3100294
3100304
3100324
3100353
3100399
3100415
3100428
3100447
3100450
3100471
3100514
3100566
3100600
3100682
3100688
3100708
3100727
3100757
3100773
3100795
3100798
3100803
3100850
3100855
3101014
3101032
3101035
3101043
3102118
3102146
3102164
3102196
3102221
3102260
3102267
3102325
3102365
3102382
3102389
3102419
3102426
3102454
3102517
3102549
3102555
3102570
3102606
3102640
3102681
3102706
3102709
3102720
3102745
3102761
3102762
3102833
3102900
3102913
3102972
3102982
3103025
3103029
3103079
3103088
3103177
3103178
3103206
3103220
3103229
3103254
3103263
3103270
3103277
3103293
3103377
3103383
3103390
3103422
3103443
3103444
3103508
3103509
3103517
3103520
3103525
3103532
3103585
3103681
3103682
3103696
3103706
3104756
3104852
3104869
3104872
3104873
3104892
3104925
3105000
3105007
3105018
3105025
3105069
3105113
3105158
3105233
3105267
3105271
3105292
3105294
3105318
3105320
3105340
3105373
3105419
3105461
3105491
3105496
3105513
3105547
3105552
3105562
3105602
3105647
3105705
3105743
3105766
3105779
3105842
3105850
3105880
3105900
3105959
3105974
3106018
3106022
3106025
3106111
3106116
3106118
3106121
3106134
3106155
3106161
3106163
3106199
3106233
3106276
3106317
3106361
3107193
3107213
3107221
3107224
3107240
3107387
3107391
3107430
3107466
3107482
3107517
3107586
3107604
3107627
3107694
3107712
3107739
3107745
3107763
3107800
3107834
3107837
3107840
3107844
3107860
3108074
3108076
3108572
3108583
3108604
3108663
3108685
3108695
3108927
3108931
3109050
3109053
3109070
3109082
3109140
3109468
3110530
3110544
3110564
3110592
3110615
3110822
3110827
3110878
3110890
3110904
3110940
3110954
3111030
3111042
3111050
3111066
3111072
3111080
3111082
3111095
3111103
3111117
3111151
3111186
3111290
3111314
3111356
3111370
3111372
3111373
3111384
3111435
3111455
3111506
3111510
3111525
3111559
3111572
3111573
3111582
3111597
3111600
3111745
3111765
3111826
3111827
3111837
3111867
3111882
3111899
3111919
3111923
3111928
3111933
3111991
3112011
3112036
3112038
3112157
3113344
3113368
3113426
3113473
3113516
3113571
3113604
3113673
3113683
3113721
3113723
3113734
3113736
3113749
3113788
3113848
3113869
3113882
3113940
3113941
3113958
3113965
3113973
3114019
3114034
3114060
3114185
3114195
3114217
3114326
3114435
3114470
3114472
3114502
3114507
3114572
3114921
3115774
3115806
3115895
3115944
3117063
3117075
3117085
3117093
3117211
3117245
3117262
3117318
3117334
3117354
3117382
3117479
3117488
3117604
3117640
3117658
3117679
3117723
3117733
3117775
3117785
3117836
3117881
3117889
3117894
3117921
3117950
3117999
3118043
3118058
3118062
3118072
3118094
3118119
3118136
3118140
3118185
3118203
3118207
3118230
3118236
3118318
3118328
3118358
3118384
3118406
3118442
3118478
3118534
3118535
3118554
3118565
3118584
3118590
3118599
3118638
3119741
3119745
3119785
3119797
3119812
3119818
3119830
3119831
3119836
3119886
3119898
3119961
3119992
3120020
3120022
3120063
3120123
3120157
3120161
3120176
3120188
3120222
3120232
3120249
3120272
3120273
3120284
3120304
3120322
3120368
3120386
3120390
3120434
3120445
3120467
3120544
3120557
3120726
3120786
3120854
3120863
3120877
3120924
3120943
3120956
3120992
3121008
3121048
3121054
3121070
3121081
3121129
3121179
3121197
3121204
3121244
3121282
3122397
3122402
3122462
3122470
3122486
3122547
3122555
3122613
3122624
3122626
3122633
3122670
3122675
3122690
3122731
3122741
3122743
3122746
3122765
3122850
3122851
3122862
3122885
3122887
3122893
3122935
3122945
3122950
3122992
3123177
3123185
3123186
3123198
3123254
3123284
3123333
3123420
3123430
3123443
3123451
3123474
3123476
3123477
3123530
3123532
3123597
3123642
3123712
3123730
3123737
3123752
3123808
3123810
3123831
3123844
3123867
3123884
3123889
3123894
3123998
3124027
3124057
3125076
3125089
3125111
3125122
3125157
3125211
3125223
3125249
3125300
3125311
3125375
3125405
3125438
3125467
3125485
3125489
3125490
3125491
3125496
3125528
3125587
3125620
3125631
3125632
3125661
3125664
3125713
3125718
3125754
3125765
3125787
3125833
3125882
3125888
3125909
3125944
3125945
3125960
3126003
3126026
3126034
3126060
3126066
3126081
3126085
3126101
3126137
3126154
3126215
3126224
3126292
3126311
3126317
3126319
3126356
3126500
3126513
3126523
3126546
3126684
3126706
3126711
3126723
3126760
3126829
3127815
3127911
3127930
3127964
3128000
3128016
3128055
3128079
3128188
3128213
3128228
3128278
3128288
3128299
3128312
3128343
3128366
3128386
3128430
3128444
3128445
3128446
3128463
3128478
3128494
3128501
3128552
3128571
3128596
3128623
3128726
3128731
3128859
3128869
3128878
3128903
3128911
3128923
3128963
3128968
3128971
3129015
3129028
3129036
3129054
3129073
3129096
3129098
3129171
3129178
3129202
3129231
3129239
3129354
3130607
3130609
3130618
3130632
3130639
3130710
3130716
3130717
3130746
3130750
3130786
3130815
3130820
3130847
3130850
3130870
3130914
3130950
3130956
3130960
3130980
3130984
3131025
3131045
3131052
3131140
3131163
3131178
3131221
3131255
3131267
3131293
3131301
3131309
3131328
3131332
3131339
3131357
3131364
3131385
3131442
3131495
3131580
3131634
3131642
3131646
3131653
3131669
3131670
3131697
3131719
3131725
3131727
3131743
3131766
3131767
3131836
3131888
3131894
3131911
3131916
3131919
3131925
3131931
3131961
3131963
3131975
3131987
3132005
3132011
3132135
3132156
3132185
3132196
3133273
3133286
3133311
3133321
3133323
3133333
3133359
3133372
3133400
3133470
3133473
3133561
3133563
3133570
3133610
3133636
3133650
3133691
3133696
3133827
3133831
3133870
3133933
3133935
3133970
3134000
3134001
3134026
3134035
3134249
3134258
3134321
3134373
3134384
3134451
3134462
3134466
3134537
3134562
3134658
3134679
3134779
3134878
3134885
3134892
3134901
3134915
3134934
3135946
3136046
3136091
3136103
3136113
3136191
3136208
3136211
3136251
3136271
3136277
3136292
3136392
3136404
3136472
3136555
3136575
3136608
3136610
3136846
3136867
3136932
3136973
3137051
3137061
3137101
3137104
3137111
3137113
3137126
3137249
3137270
3137280
3137303
3137309
3137313
3137319
3137335
3137350
3137358
3137372
3137428
3137500
3137520
3137560
3137562
3137569
3137595
3137692
3137693
3138822
3138838
3138845
3138875
3138921
3138951
3139002
3139020
3139027
3139056
3139063
3139107
3139237
3139239
3139293
3139306
3139374
3139496
3139526
3139541
3139548
3139558
3139586
3139589
3139600
3139607
3139613
3139730
3139837
3139897
3140056
3140092
3140102
3140107
3140225
3140233
3140237
3140260
3140298
3140307
3140315
3140325
3140340
3140369
3142134
3142146
3142207
3142268
3142314
3142481
3142649
3142830
3142877
3142887
3142977
3142979
3143065
3143174
3143214
3143275
3143356
3143406
3143425
3143541
3143618
3143631
3143645
3143749
3143760
3143826
3143843
3143866
3143898
3143946
3143967
3144003
3144187
3144260
3144368
3144442
3144463
3144483
3144598
3144641
3144708
3144778
3144871
3144874
3144982
3145079
3145175
3147173
3147232
3147293
3147357
3147433
3147509
3147546
3147550
3147571
3147673
3147696
3147735
3147805
3147978
3147997
3148001
3148188
3148209
3148215
3148362
3148372
3148442
3148455
3148503
3148536
3148565
3148685
3148830
3148832
3148852
3148906
3148926
3148982
3149061
3149191
3149222
3149243
3149250
3149256
3149360
3149362
3149483
3149487
3149490
3149502
3149525
3149641
3149873
3150005
3150478
3152328
3152454
3152492
3152548
3152649
3152713
3152759
3152769
3152820
3153014
3153019
3153174
3153201
3153273
3153276
3153338
3153404
3153408
3153587
3153604
3153688
3153704
3153962
3154070
3154151
3154187
3154189
3154266
3154281
3154306
3154379
3154425
3154431
3154440
3154446
3154490
3154521
3154534
3154602
3154625
3154653
3154670
3154767
3154843
3155017
3155050
3155073
3155081
3155124
3155144
3155198
3155221
3156350
3156379
3156408
3156414
3156434
3156556
3156557
3156576
3156612
3156648
3156655
3156737
3156748
3156755
3156806
3156807
3156810
3156812
3156830
3156878
3157059
3157121
3157278
3157373
3157441
3157442
3157457
3157458
3157461
3157479
3157492
3157552
3157583
3157589
3157616
3157636
3157707
3157730
3157731
3157739
3157745
3157750
3157799
3157814
3157840
3157905
3157914
3157931
3157955
3159252
3159260
3159263
3159272
3159296
3159311
3159315
3159330
3159374
3159447
3159479
3159556
3159557
3159634
3159638
3159651
3159673
3159771
3159807
3159845
3159890
3159933
3160002
3160019
3160025
3160047
3160050
3160080
3160093
3160143
3160147
3160150
3160165
3160196
3160204
3160279
3160299
3160301
3160308
3160344
3160350
3160356
3160368
3160447
3160458
3160492
3160559
3160567
3160577
3160602
3160624
3160637
3160638
3160662
3160685
3160691
3160790
3160802
3160817
3161874
3161876
3161886
3161898
3161904
3161926
3161962
3162026
3162038
3162051
3162075
3162079
3162089
3162094
3162119
3162124
3162147
3162164
3162272
3162321
3162341
3162387
3162389
3162398
3162421
3162456
3162469
3162493
3162500
3162502
3162507
3162564
3162572
3162636
3162641
3162651
3162656
3162659
3162669
3162691
3162700
3162712
3162752
3162758
3162826
3162831
3162851
3162852
3162934
3162991
3162993
3163038
3163040
3163140
3163149
3163168
3163179
3163191
3163230
3163231
3163246
3163250
3163272
3163334
3163343
3163351
3163355
3163396
3163397
3163433
3164670
3164753
3164762
3164798
3164801
3164832
3164837
3164878
3164890
3164922
3164972
3165007
3165018
3165084
3165123
3165136
3165166
3165239
3165252
3165390
3165402
3165404
3165441
3165450
3165454
3165542
3165602
3165621
3165622
3165631
3165661
3165718
3165735
3165817
3165821
3165841
3165871
3165897
3165907
3165993
3165995
3166006
3166022
3166041
3166065
3166129
3166132
3166151
3166160
3167442
3167538
3167544
3167556
3167557
3167579
3167580
3167589
3167678
3167695
3167738
3167740
3167770
3167794
3167818
3167833
3167881
3167899
3167903
3167904
3167910
3167963
3167966
3167973
3167987
3168011
3168038
3168039
3168064
3168069
3168105
3168110
3168124
3168182
3168189
3168201
3168270
3168331
3168414
3168439
3168468
3168503
3168700
3168713
3168721
3168725
3168734
3168752
3168772
3168783
3168813
3168829
3168887
3168905
3168915
3168918
3168945
3168948
3168993
3169013
3169646
3170126
3170137
3170146
3170153
3170173
3170218
3170250
3170306
3170318
3170346
3170375
3170390
3170412
3170420
3170442
3170482
3170491
3170492
3170506
3170545
3170553
3170579
3170634
3170656
3170682
3170701
3170719
3170827
3170836
3170849
3170885
3170925
3170936
3170963
3170964
3170992
3171020
3171030
3171031
3171032
3171133
3171223
3171244
3171266
3171269
3171272
3171278
3171295
3171322
3171389
3171394
3171422
3171433
3171471
3171519
3171528
3171602
3171649
3171662
3172895
3172927
3172929
3172951
3172990
3173057
3173062
3173131
3173161
3173187
3173227
3173247
3173313
3173341
3173343
3173448
3173470
3173490
3173500
3173512
3173534
3173537
3173551
3173612
3173628
3173660
3173679
3173684
3173703
3173714
3173718
3173733
3173747
3173751
3173835
3173860
3173869
3173891
3173899
3173977
3174093
3174195
3174210
3174243
3174245
3174341
3174375
3174468
3174508
3175593
3175603
3175696
3175733
3175743
3175753
3175822
3175825
3175841
3175911
3175946
3175973
3175988
3176001
3176062
3176067
3176093
3176127
3176154
3176163
3176183
3176206
3176211
3176246
3176260
3176279
3176289
3176322
3176348
3176371
3176394
3176413
3176424
3176469
3176479
3176516
3176564
3176624
3176635
3176642
3176764
3176765
3176779
3176851
3176878
3176881
3176930
3176989
3177004
3177005
3177022
3177030
3177052
3177139
3177144
3177152
3178325
3178530
3178575
3178603
3178616
3178643
3178669
3178692
3178695
3178719
3178720
3178739
3178766
3178806
3178819
3178827
3178841
3178874
3178896
3178958
3179001
3179008
3179032
3179038
3179074
3179121
3179129
3179131
3179142
3179147
3179148
3179200
3179258
3179284
3179299
3179335
3179355
3179418
3179434
3179460
3179467
3179520
3179524
3179536
3179567
3179578
3179707
3179724
3179773
3179774
3179798
3179809
3179810
3179830
3179867
3179920
3180985
3181124
3181151
3181168
3181206
3181302
3181382
3181403
3181429
3181436
3181471
3181496
3181516
3181520
3181674
3181689
3181704
3181714
3181721
3181734
3181777
3181789
3181847
3181875
3181888
3181899
3181922
3181955
3181976
3182010
3182040
3182098
3182100
3182123
3182162
3182164
3182179
3182249
3182267
3182270
3182292
3182313
3182328
3182357
3182429
3182432
3182455
3182464
3182467
3182474
3182485
3182616
3182623
3182652
3182654
3182657
3182670
3182682
3183886
3183894
3183900
3183909
3183921
3183925
3183926
3183936
3183992
3184012
3184034
3184162
3184208
3184224
3184233
3184261
3184291
3184321
3184356
3184371
3184388
3184404
3184414
3184417
3184450
3184479
3184484
3184488
3184501
3184509
3184517
3184530
3184539
3184556
3184629
3184639
3184680
3184691
3184697
3184718
3184727
3184730
3184740
3184741
3184761
3184779
3184793
3184802
3184835
3184872
3184897
3184912
3185001
3185004
3185016
3185021
3185042
3185088
3185090
3185093
3185098
3185118
3185128
3185211
3185231
3185253
3185260
3185310
3185427
3186564
3186584
3186663
3186692
3186697
3186718
3186830
3186882
3186953
3187004
3187013
3187050
3187086
3187170
3187207
3187252
3187275
3187284
3187295
3187343
3187372
3187384
3187390
3187395
3187497
3187513
3187517
3187522
3187545
3187560
3187579
3187593
3187594
3187595
3187596
3187609
3187670
3187708
3187724
3187732
3187794
3187829
3187861
3187884
3187920
3187964
3187966
3187968
3187974
3188014
3188030
3188057
3188095
3190295
3190320
3190421
3190435
3190461
3190471
3190513
3190515
3190695
3190745
3190847
3191951
3192068
3192191
3192531
3192706
3192719
3192727
3192749
3192765
3192776
3192781
3192786
3192792
3192851
3192852
3192867
3192875
3192914
3193099
3193102
3193284
3193285
3193288
3193364
3193380
3193462
3193504
3193531
3194697
3194725
3194811
3194834
3194835
3194844
3194850
3194880
3194944
3195105
3195108
3195198
3195303
3195447
3195463
3195480
3195530
3195594
3195671
3195775
3195784
3195793
3195800
3195807
3195906
3195969
3196018
3196097
3196132
3196276
3196284
3196317
3196513
3197647
3197659
3197707
3197861
3197872
3197909
3197924
3198117
3198167
3198266
3198330
3198372
3198592
3198893
3199092
3199235
3199298
3199334
3199362
3199562
3199858
3199892
3199962
3199979
3200088
3200518
3200642
3200716
3200735
3200817
3203027
3203171
3203216
3203229
3203891
3203966
3204025
3204086
3204117
3204130
3204179
3204194
3204216
3204277
3204281
3204308
3204350
3204354
3204418
3208059
3208173
3208204
3208268
3208334
3208424
3208619
3208623
3208646
3208762
3208795
3208919
3209189
3209293
3209462
3209507
3209833
3209837
3210712
3213305
3213311
3213592
3213756
3213852
3213980
3214177
3214235
3214245
3214258
3214266
3214299
3214355
3214386
3214402
3214488
3214499
3214501
3214511
3214558
3214579
3214622
3214667
3214679
3214755
3214825
3214862
3214881
3214961
3214982
3215017
3215082
3215119
3215193
3215230
3215397
3215428
3215457
3215600
3215631
3215641
3215660
3215699
3215756
3215853
3215925
3215978
3215992
3216227
3216238
3216393
3216422
3216577
3218675
3218692
3218773
3218905
3218943
3219019
3219031
3219094
3219096
3219124
3219149
3219167
3219211
3219289
3219324
3219527
3219531
3219600
3219728
3219788
3219876
3219878
3219882
3219944
3219998
3220048
3220108
3220187
3220227
3220252
3220272
3220565
3220584
3220615
3220634
3220649
3220674
3220695
3220716
3220722
3220760
3220778
3220804
3220818
3220846
3221009
3221061
3221111
3221211
3221252
3221368
3221397
3221407
3221423
3221432
3221483
3221522
3221535
3221582
3221611
3221628
3221737
3221749
3223918
3223998
3224094
3224287
3224430
3224505
3224518
3224539
3224572
3224751
3224804
3224808
3224910
3224984
3225013
3225247
3225328
3225334
3225381
3225396
3225441
3225447
3225535
3225644
3225654
3225697
3225775
3225846
3225854
3225879
3225891
3225952
3225975
3226089
3226167
3226235
3226252
3226324
3226439
3226522
3226732
3226779
3226816
3226828
3226990
3227053
3227087
3227180
3227210
3228959
3229128
3229146
3229215
3229263
3229271
3229276
3229324
3229423
3229573
3229591
3229602
3229614
3229634
3229640
3229728
3229734
3229754
3229887
3229953
3230379
3230414
3230434
3230480
3230492
3230611
3230685
3230689
3230707
3230761
3230787
3230853
3230866
3230917
3230926
3230938
3230992
3231152
3231160
3231212
3231218
3231365
3231369
3231381
3231413
3231427
3231487
3231525
3231583
3231589
3231598
3231771
3231869
3232043
3232142
3232186
3234313
3234355
3234359
3234470
3234484
3234614
3234617
3234621
3234713
3234761
3234806
3234863
3235006
3235015
3235023
3235032
3235114
3235264
3235349
3235493
3235531
3235645
3235651
3235741
3235831
3235939
3236005
3236068
3236076
3236100
3236104
3236158
3236318
3236347
3236368
3236392
3236466
3236495
3236576
3236605
3236607
3236709
3236784
3236797
3236899
3236913
3236959
3236968
3237029
3237091
3237216
3237299
3237355
3239422
3239426
3239443
3239457
3239490
3239531
3239636
3239676
3239785
3239844
3239870
3239904
3240027
3240121
3240131
3240153
3240158
3240232
3240286
3240290
3240299
3240332
3240358
3240371
3240379
3240440
3240524
3240529
3240537
3240561
3240584
3240614
3240690
3240699
3240776
3240815
3240863
3240920
3240990
3241112
3241133
3241200
3241254
3241401
3241557
3241584
3241586
3241651
3241673
3241758
3241762
3241825
3241878
3241892
3241921
3242002
3242110
3242135
3242210
3242218
3242275
3242424
3244501
3244527
3244562
3244678
3244721
3244746
3244783
3244809
3244855
3244861
3244918
3244982
3245008
3245024
3245026
3245071
3245075
3245093
3245101
3245102
3245151
3245222
3245352
3245355
3245369
3245402
3245470
3245473
3245492
3245500
3245504
3245524
3245526
3245529
3245531
3245548
3245655
3245664
3245713
3245766
3245788
3245807
3245862
3245889
3245895
3245896
3245942
3245955
3245956
3246005
3246032
3247231
3247347
3247602
3247633
3247648
3247657
3247699
3247732
3247733
3247757
3247784
3247815
3247886
3247897
3247898
3247957
3248005
3248020
3248038
3248040
3248059
3248079
3248084
3248182
3248183
3248200
3248231
3248239
3248258
3248276
3248286
3248322
3248333
3248347
3248374
3248488
3248513
3248522
3248560
3248603
3248634
3248641
3248666
3248669
3248679
3248696
3248769
3249143
3249905
3249919
3249947
3249963
3250015
3250027
3250054
3250076
3250086
3250162
3250168
3250190
3250219
3250253
3250255
3250264
3250291
3250311
3250335
3250342
3250349
3250385
3250396
3250463
3250469
3250495
3250500
3250512
3250520
3250558
3250602
3250606
3250610
3250614
3250616
3250642
3250648
3250737
3250782
3250790
3250802
3250902
3250969
3251054
3251073
3251082
3251095
3251096
3251106
3251156
3251159
3251216
3251218
3251226
3251257
3251291
3251317
3251325
3251336
3251399
3251422
3251468
3251482
3251486
3251488
3251500
3251523
3252750
3252819
3252843
3252855
3252994
3253053
3253081
3253119
3253156
3253353
3253453
3253477
3253526
3253538
3253542
3253575
3253586
3253603
3253656
3253657
3253674
3253728
3253740
3253790
3253808
3253853
3253861
3253943
3253958
3253976
3254041
3254115
3254157
3255378
3255385
3255404
3255411
3255426
3255470
3255517
3255535
3255538
3255569
3255591
3255608
3255625
3255657
3255713
3255744
3255853
3255864
3255875
3255892
3255929
3255949
3255991
3255992
3256013
3256043
3256044
3256051
3256070
3256086
3256093
3256120
3256129
3256220
3256251
3256284
3256292
3256313
3256387
3256438
3256450
3256474
3256490
3256503
3256507
3256521
3256538
3256540
3256550
3256556
3256560
3256614
3256627
3256637
3256660
3256779
3256781
3256823
3256864
3256917
3256936
3258108
3258239
3258273
3258295
3258334
3258337
3258364
3258377
3258449
3258466
3258512
3258519
3258547
3258565
3258580
3258664
3258797
3259087
3259132
3259140
3259161
3259178
3259243
3259310
3259311
3259378
3259411
3259423
3259437
3259474
3259496
3259570
3259609
3259642
3259679
3259718
3259758
3259763
3260879
3260892
3260923
3260933
3260996
3260998
3261011
3261031
3261042
3261087
3261106
3261548
3261555
3261586
3261592
3261603
3261605
3261616
3261644
3261648
3261653
3261677
3261706
3261714
3261751
3261768
3261823
3261855
3261862
3261866
3261908
3261930
3261996
3262004
3262011
3262022
3262031
3262044
3262067
3262093
3262121
3262130
3262190
3262226
3262267
3262275
3262394
3262401
3262404
3262412
3262499
3263676
3263703
3263707
3263722
3263765
3263778
3263828
3263839
3263896
3263912
3263930
3263939
3263947
3263972
3263995
3264001
3264021
3264097
3264100
3264130
3264163
3264220
3264261
3264316
3264326
3264362
3264409
3264419
3264449
3264617
3264777
3264791
3264797
3264890
3264925
3264980
3264992
3265044
3265063
3265079
3265089
3265205
3265225
3265238
3265297
3265306
3265353
3265365
3265374
3265437
3265443
3265468
3265497
3265509
3265603
3265611
3265635
3265662
3265791
3265794
3265812
3265814
3267969
3268084
3268150
3268159
3268180
3268263
3268312
3268323
3268352
3268468
3268581
3268812
3268833
3269105
3269178
3269347
3269359
3269396
3269409
3269415
3269495
3269542
3269599
3269679
3269687
3269904
3269963
3270005
3270027
3270076
3270077
3270357
3270370
3270411
3270462
3270468
3270491
3270983
3271027
3271084
3273560
3273799
3273810
3273836
3273845
3274015
3274023
3274079
3274167
3274242
3274273
3274304
3274306
3274404
3274578
3274639
3274680
3274702
3274731
3274758
3274866
3274958
3274981
3274991
3275104
3275112
3275116
3275196
3275239
3275323
3275362
3275377
3275397
3275451
3275457
3275491
3275542
3275629
3275667
3275671
3275685
3275736
3275799
3275829
3275844
3275852
3276041
3276053
3276107
3276191
3276213
3276242
3276474
3277736
3278731
3278745
3322466
3322988
3323012
3323080
3323578
3324137
3324177
3330604
3330641
3331426
3331643
3331769
3332369
3332401
3332474
3334497
3334531
3334555
3334745
3334818
3335740
3335748
3335914
3336120
3336124
3336156
3341543
3341567
3341602
3341677
3341695
3341744
3341807
3341876
3341906
3341923
3341931
3342079
3342108
3342172
3342203
3342249
3342296
3342310
3342413
3342455
3342462
3342464
3342579
3342591
3342687
3342696
3342710
3342805
3342810
3342892
3342911
3342924
3342940
3342994
3343021
3343033
3343116
3343129
3343215
3343253
3343287
3343297
3343394
3343401
3343485
3343526
3343537
3343563
3343587
3343589
3343602
3343637
3343667
3343674
3343680
3343698
3343708
3343785
3343801
3343804
3343836
3343869
3343874
3343894
3343913
3343932
3343934
3343973
3343983
3344007
3344040
3344070
3344083
3344104
3344129
3344148
3344170
3344187
3344262
3344350
3344361
3344409
3344413
3344420
3344434
3344437
3344445
3344455
3344474
3344505
3344528
3344536
3344547
3344609
3344654
3344707
3344725
3344799
3344800
3344835
3344844
3344853
3344867
3344899
3344912
3344962
3344969
3344978
3345119
3345131
3345145
3345190
3345206
3345210
3345220
3345268
3345310
3345312
3345325
3345332
3345343
3345385
3345423
3345464
3345468
3345501
3345523
3345548
3345568
3345600
3345751
3345759
3345784
3345845
3345872
3345884
3345887
3345956
3345991
3345995
3346031
3346053
3346055
3346059
3346120
3346133
3346134
3346155
3346181
3346200
3346206
3346212
3346214
3346216
3346262
3346283
3346284
3346316
3346374
3346432
3346485
3346519
3346560
3346561
3346619
3346628
3346663
3346704
3346714
3346724
3346767
3346770
3346792
3346845
3346909
3346923
3346944
3346952
3346990
3347017
3347048
3347058
3347115
3347132
3347160
3347179
3347185
3347262
3347274
3347287
3347293
3347306
3347332
3347333
3347458
3347478
3347493
3347494
3347550
3347612
3347619
3347644
3347656
3347689
3347730
3347733
3347738
3347891
3347897
3347946
3347983
3348201
3348316
3348628
3348922
3350864
3351755
3351843
3351879
3351887
3351909
3351910
3351931
3351936
3351958
3352006
3352036
3352041
3352055
3352061
3352065
3352068
3352070
3352181
3352192
3352260
3352299
3352348
3352358
3352481
3352487
3352511
3352526
3352529
3352603
3352620
3352633
3352647
3352650
3352659
3352739
3352753
3352764
3352873
3352876
3352879
3352885
3352910
3352922
3352975
3352992
3353023
3353074
3353095
3353100
3353131
3353137
3353167
3353168
3353203
3353208
3353227
3353253
3353261
3353281
3353316
3353404
3353432
3353442
3353449
3353453
3353509
3353513
3353521
3353524
3353555
3353559
3353634
3353644
3353652
3353660
3353692
3353707
3353713
3353715
3353750
3353770
3353773
3353777
3353827
3353893
3353914
3353921
3353937
3353941
3353950
3354026
3354059
3354090
3354108
3354123
3354153
3354154
3354168
3354173
3354199
3354227
3354234
3354285
3354313
3354445
3354470
3354474
3354558
3354584
3354609
3354624
3354626
3354643
3354755
3354785
3354820
3354854
3355012
3355080
3355090
3355128
3355257
3355265
3355267
3355277
3356418
3356419
3356476
3356500
3356612
3356623
3356881
3356954
3356982
3357587
3357638
3357669
3357681
3357724
3358068
3358136
3358189
3358356
3358457
3358503
3358545
3358566
3358617
3358652
3358663
3358700
3358739
3358789
3358907
3358954
3359013
3359026
3359075
3359086
3359110
3359172
3359180
3359181
3359195
3359272
3359291
3359315
3359329
3359338
3359373
3359380
3359386
3359387
3359388
3359392
3359404
3359448
3359505
3359561
3359568
3359593
3359600
3359651
3359671
3359691
3359760
3359762
3359781
3359823
3359896
3359897
3359928
3359952
3359960
3359971
3360024
3360047
3360059
3360078
3360116
3360194
3360274
3360304
3360367
3360370
3360376
3360395
3360419
3360462
3360480
3360519
3360560
3360746
3360790
3360794
3360917
3361095
3361104
3361107
3361129
3361224
3361237
3361297
3361315
3361320
3361323
3361361
3361362
3361414
3361493
3361545
3361617
3361675
3361755
3361792
3361798
3361915
3361942
3361998
3362106
3362172
3362260
3362277
3362332
3362350
3362425
3362452
3362851
3362903
3363003
3363168
3363322
3363393
3363405
3363469
3363525
3363577
3363636
3363693
3363699
3363705
3363743
3363746
3363763
3363764
3363797
3363821
3363852
3363869
3363897
3364121
3364156
3364192
3364207
3364319
3364347
3364399
3364402
3364428
3364437
3364457
3364467
3364481
3364499
3364503
3364599
3364634
3364636
3364673
3364795
3364800
3364803
3364804
3364816
3364831
3364834
3364835
3364871
3364885
3364931
3364970
3364980
3365024
3365132
3365142
3365163
3365312
3365379
3365421
3365465
3365612
3365623
3365737
3365773
3365790
3365877
3365924
3365950
3365966
3366088
3366099
3366128
3366282
3366292
3366336
3366376
3366381
3366456
3366504
3366606
3366624
3366642
3366761
3366830
3366870
3366887
3366905
3366906
3366976
3366989
3367021
3367057
3367135
3367184
3367189
3367197
3367207
3367221
3367384
3367417
3367470
3367481
3367560
3367673
3367706
3367711
3367716
3367765
3367782
3368048
3368125
3368251
3368254
3368299
3368314
3368316
3368388
3368394
3368411
3368418
3368483
3368551
3368570
3368577
3368582
3368649
3368728
3368816
3368866
3368869
3373645
3373695
3373719
3373739
3373773
3373780
3373820
3373844
3373864
3373874
3373899
3373925
3373934
3373946
3373958
3373963
3374015
3374076
3374094
3374241
3374244
3374320
3374326
3374349
3374373
3374381
3374393
3374394
3374410
3374424
3374450
3374452
3374462
3374525
3374533
3374537
3374545
3374562
3374583
3374619
3374655
3374710
3374799
3374846
3374847
3374854
3374885
3374934
3374939
3374952
3374995
3375003
3375182
3375329
3375427
3375447
3375466
3375482
3375488
3375493
3375499
3375518
3375531
3375574
3375586
3375652
3375662
3375679
3375684
3375688
3375691
3375701
3375734
3375794
3375821
3375840
3375996
3376014
3376043
3376046
3376088
3376176
3376191
3376267
3376297
3376324
3376337
3376345
3376346
3376348
3376349
3376397
3376566
3376588
3376607
3376660
3376691
3376727
3376747
3376767
3376794
3376855
3376883
3376899
3376924
3377068
3377092
3377105
3377150
3377160
3377186
3377225
3377239
3377310
3377326
3377348
3377380
3377384
3377407
3377417
3377457
3377477
3377484
3377534
3377540
3377550
3377594
3377625
3377649
3377679
3377680
3377726
3377776
3377777
3377780
3377809
3377812
3377842
3377894
3377990
3378093
3378099
3378288
3378356
3378405
3378415
3378436
3378440
3378447
3378448
3378484
3378507
3378541
3378579
3378590
3378592
3378679
3378708
3378713
3378822
3378891
3378926
3379010
3379067
3379075
3379091
3379150
3379156
3379205
3379210
3379214
3379225
3379230
3379244
3379297
3379318
3379352
3379361
3379384
3379408
3379428
3379488
3379511
3379524
3379529
3379573
3379579
3379583
3379590
3379666
3379825
3379931
3379971
3380066
3380296
3380325
3380354
3380537
3380549
3380659
3380699
3380729
3380812
3381050
3381077
3381083
3381141
3381195
3381202
3381248
3381277
3381281
3381300
3381311
3381331
3381387
3381447
3381654
3381676
3381728
3381756
3382027
3382043
3382101
3382432
3382467
3382648
3382660
3382769
3382800
3382920
3382921
3383076
3383232
3383244
3383344
3383419
3383527
3383539
3383729
3383736
3383742
3383752
3383788
3383842
3383861
3383901
3383933
3383955
3383979
3383988
3384034
3384064
3384083
3384160
3384306
3384313
3384342
3384363
3384522
3384588
3384603
3384611
3384881
3384990
3385002
3385040
3385125
3385141
3385156
3385194
3385199
3385210
3385367
3385393
3385407
3385451
3385474
3385498
3385570
3385582
3385636
3385646
3385655
3385683
3385695
3385715
3385727
3385761
3385796
3385812
3385818
3385826
3385847
3385908
3385970
3385988
3385997
3386024
3386056
3386103
3386111
3386140
3386164
3386187
3386211
3386233
3386235
3386363
3386450
3386531
3386545
3386553
3386608
3386641
3386652
3386658
3386729
3386783
3386789
3386808
3386887
3386915
3386934
3387052
3387106
3387113
3387154
3387234
3387287
3387347
3387354
3387368
3387384
3387453
3387462
3387521
3387529
3387564
3387604
3387753
3387776
3387782
3387876
3387897
3387968
3388019
3388025
3388126
3388129
3388187
3388307
3388371
3388390
3388400
3388412
3388578
3388669
3388703
3388723
3388738
3388800
3388804
3388956
3388998
3389061
3389110
3389280
3389304
3389330
3389407
3389426
3389453
3389465
3389467
3389481
3389587
3389640
3389696
3389725
3389735
3389846
3389858
3389886
3389914
3389934
3390248
3390340
3390396
3390441
3390578
3390589
3390673
3390799
3390912
3390924
3390977
3391222
3395190
3395220
3395277
3395291
3395358
3395378
3395386
3395432
3395468
3395480
3395501
3395529
3395547
3395584
3395592
3395607
3395618
3395674
3395785
3395804
3395859
3395864
3395926
3395954
3396026
3396082
3396097
3396168
3396260
3396263
3396282
3396379
3396428
3396433
3396452
3396460
3396484
3396501
3396528
3396534
3396550
3396571
3396616
3396617
3396655
3396709
3396724
3396731
3396734
3396796
3396845
3396857
3396866
3396870
3396872
3396874
3396973
3396976
3397022
3397155
3397202
3397204
3397249
3397284
3397315
3397331
3397333
3397343
3397358
3397371
3397383
3397467
3397482
3397525
3397586
3397596
3397606
3397713
3397748
3397756
3397759
3397768
3397827
3397828
3397905
3397935
3398006
3398011
3398039
3398166
3398174
3398211
3398227
3398229
3398243
3398246
3398303
3398330
3398339
3398342
3398370
3398437
3399275
3399334
3399437
3399552
3399611
3399700
3399722
3399727
3399730
3399739
3399844
3399893
3400209
3400269
3400308
3400309
3400314
3400423
3400486
3400495
3400547
3400596
3400747
3400757
3400773
3400974
3400984
3401000
3401032
3401048
3401181
3401238
3401242
3401295
3401699
3401955
3402089
