0.000000 1.000000 1.000000 1.000000
0.025000 0.655172 0.744186 0.744186
0.050000 0.603175 0.627451 0.627451
0.075000 0.510067 0.607595 0.607595
0.100000 0.510067 0.598131 0.598131
0.125000 0.487179 0.580060 0.580060
0.150000 0.467213 0.580060 0.580060
0.175000 0.452381 0.562814 0.562814
0.200000 0.434286 0.525667 0.525667
0.225000 0.404255 0.492308 0.492308
0.250000 0.387295 0.453258 0.453258
0.275000 0.350168 0.412178 0.412178
0.300000 0.311385 0.350046 0.350046
0.325000 0.271224 0.313725 0.313725
0.350000 0.233480 0.263374 0.263374
0.375000 0.196949 0.175760 0.175760
0.400000 0.132026 0.070757 0.070757
0.425000 0.063398 0.037399 0.037399
0.450000 0.026148 0.035787 0.035787
0.475000 0.023425 0.000000 0.000000
0.500000 0.000000 0.000000 0.000000
0.525000 0.000000 0.000000 0.000000
0.550000 0.000000 0.000000 0.000000
0.575000 0.000000 0.000000 0.000000
0.600000 0.000000 0.000000 0.000000
0.625000 0.000000 0.000000 0.000000
0.650000 0.000000 0.000000 0.000000
0.675000 0.000000 0.000000 0.000000
0.700000 0.000000 0.000000 0.000000
0.725000 0.000000 0.000000 0.000000
0.750000 0.000000 0.000000 0.000000
0.775000 0.000000 0.000000 0.000000
0.800000 0.000000 0.000000 0.000000
0.825000 0.000000 0.000000 0.000000
0.850000 0.000000 0.000000 0.000000
0.875000 0.000000 0.000000 0.000000
0.900000 0.000000 0.000000 0.000000
0.925000 0.000000 0.000000 0.000000
0.950000 0.000000 0.000000 0.000000
0.975000 0.000000 0.000000 0.000000
1.000000 0.000000 0.000000 0.000000
