0.000000 1.000000 1.000000 1.000000
0.025000 0.703704 0.707865 0.707865
0.050000 0.626556 0.663102 0.663102
0.075000 0.571788 0.653779 0.653779
0.100000 0.539146 0.630241 0.630241
0.125000 0.508748 0.598068 0.598068
0.150000 0.475891 0.572860 0.572860
0.175000 0.449448 0.541199 0.541199
0.200000 0.412406 0.510562 0.510562
0.225000 0.380660 0.477107 0.477107
0.250000 0.347426 0.438429 0.438429
0.275000 0.319631 0.404331 0.404331
0.300000 0.278050 0.349718 0.349718
0.325000 0.241168 0.291901 0.291901
0.350000 0.199360 0.243099 0.243099
0.375000 0.166276 0.161765 0.161765
0.400000 0.107805 0.076531 0.076531
0.425000 0.047264 0.031447 0.031447
0.450000 0.020597 0.000000 0.000000
0.475000 0.000000 0.000000 0.000000
0.500000 0.000000 0.000000 0.000000
0.525000 0.000000 0.000000 0.000000
0.550000 0.000000 0.000000 0.000000
0.575000 0.000000 0.000000 0.000000
0.600000 0.000000 0.000000 0.000000
0.625000 0.000000 0.000000 0.000000
0.650000 0.000000 0.000000 0.000000
0.675000 0.000000 0.000000 0.000000
0.700000 0.000000 0.000000 0.000000
0.725000 0.000000 0.000000 0.000000
0.750000 0.000000 0.000000 0.000000
0.775000 0.000000 0.000000 0.000000
0.800000 0.000000 0.000000 0.000000
0.825000 0.000000 0.000000 0.000000
0.850000 0.000000 0.000000 0.000000
0.875000 0.000000 0.000000 0.000000
0.900000 0.000000 0.000000 0.000000
0.925000 0.000000 0.000000 0.000000
0.950000 0.000000 0.000000 0.000000
0.975000 0.000000 0.000000 0.000000
1.000000 0.000000 0.000000 0.000000
