2979113
2979120
2979135
2979153
2979157
2979164
2979170
2979212
2979222
2979230
2979246
2979261
2979316
2979648
2979656
2979662
2979678
2979681
2979692
2979716
2979723
2979729
2979749
2979753
2979800
2979805
2979846
2979850
2979870
3034950
3034952
3034954
3034983
3034986
3034987
3034996
3034999
3035013
3035016
3035019
3035037
3035044
3035059
3035114
3035125
3035127
3035128
3035131
3035132
3035133
3035137
3035141
3035163
3035203
3035228
3035229
3035255
3035260
3035304
3035306
3035308
3035350
3035373
3035690
3035707
3035711
3035722
3035742
3035754
3035761
3035770
3035774
3035785
3035797
3035798
3035802
3035810
3035830
3035839
3035843
3035845
3035847
3035882
3035890
3035910
3035920
3035924
3035942
3035957
3035960
3035969
3035972
3036002
3036006
3036070
3036075
3036086
3036087
3036090
3036092
3036134
3036152
3036166
3036233
3036247
3036265
3036266
3036276
3036284
3036293
3036321
3036342
3036354
3036420
3036428
3036435
3036444
3036466
3036487
3036508
3036519
3037686
3037689
3037752
3037827
3037870
3037880
3037883
3037931
3037934
3037944
3037987
3038037
3038121
3038127
3038149
3038180
3038194
3038199
3038225
3038227
3038234
3038252
3038262
3038278
3038283
3038286
3038305
3038345
3038354
3038359
3038378
3038385
3038415
3038454
3038483
3038491
3038527
3038535
3038539
3038542
3038575
3038599
3038624
3038625
3038633
3038654
3038655
3038676
3038687
3038734
3038736
3038758
3038782
3038799
3038806
3038833
3038849
3038858
3038868
3038874
3038881
3038891
3038906
3038914
3038945
3038955
3038962
3038965
3039011
3039015
3039020
3039025
3039026
3039041
3039047
3039050
3039057
3039068
3039079
3039095
3039103
3039119
3039183
3040362
3040365
3040367
3040370
3040451
3040453
3040461
3040497
3040535
3040537
3040547
3040560
3040563
3040571
3040572
3040588
3040591
3040600
3040601
3040604
3040613
3040616
3040618
3040621
3040646
3040649
3040650
3040660
3040677
3040726
3040739
3040744
3040798
3040801
3040819
3040829
3040848
3040875
3040886
3040889
3040919
3040921
3040926
3040930
3040941
3040967
3040971
3040992
3041021
3041047
3041049
3041087
3041100
3041106
3041114
3041123
3041166
3041169
3041193
3041213
3041260
3041267
3041272
3041288
3041291
3041304
3041320
3041330
3041333
3041335
3041336
3041339
3041340
3041369
3041370
3041393
3041424
3041435
3041463
3041464
3041489
3041491
3041492
3041519
3041563
3041567
3041571
3041607
3041616
3041638
3041644
3041646
3041673
3041675
3041711
3041714
3041715
3041741
3041777
3041796
3041799
3041811
3041817
3041824
3041830
3041947
3041972
3041975
3041978
3041985
3041986
3043096
3043099
3043102
3043104
3043112
3043177
3043191
3043195
3043210
3043220
3043242
3043282
3043317
3043333
3043350
3043357
3043365
3043371
3043377
3043379
3043415
3043427
3043453
3043455
3043458
3043467
3043469
3043471
3043473
3043487
3043494
3043508
3043522
3043530
3043536
3043557
3043582
3043587
3043590
3043595
3043598
3043619
3043621
3043630
3043655
3043681
3043685
3043702
3043709
3043712
3043713
3043752
3043754
3043756
3043786
3043797
3043810
3043812
3043837
3043840
3043849
3043864
3043893
3043898
3043904
3043931
3043934
3043960
3043965
3043969
3043983
3043999
3044015
3044019
3044020
3044049
3044082
3044089
3044096
3044105
3044107
3044137
3044151
3044160
3044170
3044171
3044183
3044189
3044191
3044218
3044229
3044232
3044244
3044249
3044377
3044378
3044391
3044392
3044400
3044401
3044417
3044438
3044445
3044450
3044460
3044463
3044487
3044492
3044493
3044498
3044502
3044601
3044602
3044612
3044621
3044623
3044632
3044635
3044646
3044651
3044652
3044659
3044674
3044677
3045704
3045740
3045761
3045779
3045792
3045805
3045820
3045825
3045843
3045884
3045894
3045899
3045913
3045915
3045921
3045935
3045956
3045963
3045969
3045973
3045974
3045992
3046006
3046011
3046022
3046043
3046056
3046068
3046112
3046142
3046146
3046164
3046167
3046170
3046182
3046183
3046189
3046204
3046222
3046228
3046234
3046252
3046286
3046288
3046294
3046333
3046338
3046339
3046342
3046352
3046361
3046383
3046401
3046410
3046411
3046416
3046433
3046447
3046457
3046515
3046532
3046546
3046550
3046558
3046592
3046605
3046610
3046618
3046627
3046629
3046634
3046636
3046645
3046659
3046663
3046666
3046673
3046683
3046689
3046700
3046712
3046738
3046742
3046770
3046798
3046820
3046821
3046845
3046865
3046882
3046914
3046921
3046949
3046956
3046957
3046960
3046963
3046965
3046983
3047005
3047014
3047021
3047033
3047056
3047076
3047085
3047093
3047103
3047116
3047143
3047157
3047162
3047164
3047199
3047215
3047219
3047233
3047247
3047262
3047312
3047321
3047324
3047338
3047341
3047422
3047432
3048474
3048503
3048505
3048508
3048514
3048515
3048518
3048526
3048539
3048604
3048625
3048631
3048639
3048643
3048646
3048690
3048701
3048725
3048738
3048742
3048761
3048765
3048821
3048858
3048861
3048865
3048886
3048890
3048897
3048899
3048915
3048922
3048936
3048970
3048971
3048983
3048993
3049011
3049016
3049018
3049053
3049080
3049081
3049082
3049092
3049095
3049096
3049098
3049118
3049121
3049122
3049127
3049130
3049134
3049140
3049163
3049170
3049173
3049199
3049202
3049206
3049221
3049236
3049251
3049272
3049281
3049282
3049303
3049318
3049331
3049338
3049349
3049375
3049392
3049405
3049406
3049407
3049455
3049462
3049464
3049466
3049479
3049485
3049486
3049514
3049541
3049550
3049580
3049583
3049587
3049623
3049639
3049640
3049642
3049662
3049664
3049675
3049690
3049698
3049721
3049730
3049732
3049743
3049747
3049758
3049761
3049841
3049842
3049860
3049864
3049913
3049953
3049960
3049963
3049982
3049984
3050000
3050004
3051160
3051230
3051254
3051255
3051258
3051259
3051260
3051270
3051280
3051285
3051292
3051324
3051334
3051338
3051339
3051348
3051359
3051361
3051371
3051380
3051393
3051417
3051434
3051451
3051461
3051470
3051502
3051505
3051530
3051532
3051535
3051539
3051540
3051544
3051546
3051620
3051637
3051643
3051645
3051648
3051666
3051694
3051734
3051735
3051743
3051778
3051789
3051801
3051802
3051812
3051813
3051818
3051830
3051851
3051856
3051859
3051879
3051885
3051924
3051933
3051956
3051970
3051971
3051977
3051989
3051997
3052018
3052052
3052095
3052114
3052117
3052120
3052131
3052134
3052161
3052165
3052170
3052180
3052193
3052198
3052209
3052221
3052267
3052287
3052292
3052330
3052360
3052361
3052363
3052367
3052382
3052389
3052400
3052403
3052405
3052406
3052420
3052444
3052445
3052476
3052478
3052484
3052489
3052491
3052511
3052537
3052565
3052566
3052642
3052646
3052657
3052666
3052667
3052683
3052695
3052697
3052698
3052706
3052720
3052753
3052761
3052770
3052773
3052784
3052786
3052789
3052806
3052816
3052855
3052886
3052917
3052928
3052954
3053004
3053010
3053034
3053045
3053049
3053070
3053073
3053075
3053087
3053088
3053098
3053101
3053113
3053115
3053122
3053130
3053152
3053183
3053188
3053212
3053220
3053232
3053279
3053291
3053294
3053300
3053318
3053322
3053325
3053353
3053357
3053380
3053381
3054429
3054437
3054459
3054533
3054552
3054558
3054573
3054577
3054583
3054593
3054596
3054618
3054619
3054627
3054651
3054675
3054694
3054727
3054728
3054736
3054738
3054746
3054751
3054752
3054762
3054763
3054773
3054778
3054789
3054792
3054817
3054835
3054872
3054897
3054924
3054959
3055011
3055043
3055046
3055047
3055105
3055111
3055115
3055120
3055121
3055177
3055283
3055288
3055320
3055339
3055344
3055532
3055567
3055572
3055606
3055613
3055639
3055723
3055755
3055789
3055806
3055840
3055844
3055860
3055863
3055875
3055883
3055888
3055926
3055948
3055965
3055980
3056010
3056100
3056108
3056118
3056127
3056592
3056632
3056662
3056669
3056718
3056721
3056726
3056740
3056741
3056760
3056776
3056802
3056832
3056856
3056860
3056863
3056890
3056894
3056895
3056912
3056937
3056944
3056957
3056961
3057058
3057109
3057114
3057120
3057124
3057127
3057156
3057168
3057171
3057174
3057183
3057193
3057222
3057227
3057230
3057231
3057259
3057274
3057281
3057305
3057306
3057363
3057368
3057376
3057377
3057379
3057384
3057393
3057417
3057422
3057431
3057448
3057459
3057465
3057470
3057476
3057490
3057502
3057521
3057528
3057567
3057580
3057587
3057612
3057643
3057649
3057666
3057679
3057756
3057810
3057812
3057817
3058708
3058710
3058713
3058800
3058810
3058814
3058820
3058863
3058873
3058898
3059063
3059067
3059070
3059089
3059218
3059264
3059265
3059272
3059274
3059308
3059324
3059329
3059341
3059428
3059444
3059448
3059449
3059452
3059453
3059476
3059478
3059485
3059494
3059505
3059518
3059527
3059534
3059546
3059547
3059561
3059616
3059682
3059704
3059745
3059756
3059762
3059771
3059807
3059818
3059832
3059839
3059850
3059853
3059855
3059976
3059980
3060000
3060014
3060031
3060053
3060080
3060102
3060111
3060137
3060140
3060148
3060149
3060161
3060165
3060183
3060196
3060212
3060227
3060256
3060264
3060268
3060275
3060295
3060298
3060334
3060345
3060362
3060377
3060384
3060385
3060391
3060394
3060405
3061413
3061429
3061469
3061473
3061487
3061542
3061545
3061560
3061608
3061630
3061633
3061643
3061652
3061662
3061664
3061680
3061704
3061706
3061720
3061725
3061738
3061746
3061754
3061755
3061765
3061772
3061774
3061788
3061799
3061807
3061812
3061814
3061841
3061859
3061885
3061886
3061893
3061897
3061917
3061919
3061922
3061934
3061941
3061944
3061948
3061951
3061962
3061974
3061975
3061988
3061993
3061997
3062009
3062020
3062050
3062072
3062095
3062117
3062127
3062140
3062147
3062191
3062202
3062208
3062217
3062223
3062227
3062232
3062237
3062249
3062272
3062273
3062359
3062445
3062447
3062459
3062490
3062515
3062519
3062528
3062539
3062543
3062549
3062556
3062557
3062586
3062588
3062595
3062618
3062622
3062644
3062661
3062665
3062675
3062685
3062736
3062739
3062764
3062765
3062799
3062815
3062819
3062822
3062839
3062842
3062851
3062870
3062884
3062896
3062922
3062983
3062986
3062991
3062993
3063034
3063056
3063065
3063067
3063079
3063084
3063099
3063101
3063107
3063119
3063170
3063201
3063214
3064086
3064090
3064093
3064171
3064183
3064193
3064194
3064218
3064239
3064243
3064255
3064256
3064279
3064296
3064334
3064342
3064346
3064354
3064369
3064375
3064378
3064387
3064409
3064444
3064456
3064459
3064465
3064468
3064471
3064484
3064519
3064570
3064577
3064580
3064598
3064648
3064650
3064680
3064695
3064700
3064726
3064803
3064811
3064823
3064833
3064836
3064846
3064882
3064927
3064928
3064944
3064957
3064958
3064960
3064968
3064973
3064991
3065027
3065033
3065035
3065043
3065093
3065098
3065101
3065104
3065347
3065357
3065360
3065384
3065409
3065410
3065424
3065441
3065451
3065453
3065475
3065492
3065496
3065497
3065507
3065555
3065571
3065624
3065671
3065686
3066800
3066812
3066859
3066861
3066889
3066892
3066911
3066915
3066932
3066951
3066963
3066975
3066977
3066990
3066997
3066998
3067005
3067025
3067039
3067048
3067049
3067062
3067067
3067072
3067093
3067095
3067097
3067107
3067121
3067131
3067137
3067156
3067165
3067192
3067201
3067222
3067231
3067244
3067258
3067279
3067286
3067323
3067328
3067360
3067415
3067424
3067435
3067438
3067469
3067473
3067486
3067494
3067513
3067516
3067528
3067552
3067560
3067584
3067586
3067588
3067604
3067609
3067612
3067626
3067629
3067631
3067689
3067717
3067721
3067723
3067769
3067807
3067816
3067866
3067872
3067875
3067900
3067912
3067947
3067961
3067968
3067977
3067984
3067994
3067998
3068000
3068028
3068052
3068088
3068117
3068131
3068151
3068167
3068169
3068184
3068211
3068236
3068243
3068256
3068259
3068262
3068264
3068265
3068273
3068284
3068302
3068327
3068329
3068331
3068357
3068395
3068415
3068444
3068450
3069510
3069523
3069578
3069586
3069592
3069693
3069698
3069715
3069733
3069767
3069865
3069866
3069890
3069898
3069925
3069952
3069953
3069958
3069975
3070062
3070156
3070158
3070159
3070241
3070261
3070287
3070338
3070348
3070353
3070354
3070376
3070391
3070394
3070421
3070426
3070432
3070474
3070503
3070526
3070546
3070553
3070557
3070566
3070580
3070583
3070594
3070751
3070789
3070830
3070844
3071058
3071064
3071083
3071089
3071116
3071150
3072334
3072335
3072364
3072382
3072448
3072451
3072452
3072453
3072480
3072487
3072501
3072502
3072505
3072520
3072530
3072544
3072546
3072552
3072607
3072651
3072652
3072697
3072707
3072708
3072712
3072722
3072733
3072766
3072779
3072814
3072818
3072838
3072845
3072853
3072856
3072864
3072865
3072899
3072903
3072904
3072911
3072930
3073011
3073020
3073027
3073028
3073036
3073037
3073038
3073080
3073112
3073123
3073138
3073169
3073245
3073251
3073266
3073274
3073296
3073298
3073302
3073320
3073341
3073342
3073346
3073348
3073352
3073359
3073364
3073367
3073374
3073425
3073455
3073457
3073458
3073468
3073471
3073485
3073498
3073513
3073527
3073547
3073561
3073594
3073595
3073603
3073614
3073625
3073627
3073630
3073646
3073656
3073683
3073751
3073776
3073806
3073811
3073817
3073831
3073845
3073851
3073864
3073866
3073883
3073939
3073959
3074932
3074950
3074978
3075030
3075033
3075034
3075041
3075062
3075070
3075079
3075088
3075096
3075107
3075111
3075115
3075120
3075124
3075163
3075178
3075188
3075199
3075208
3075237
3075243
3075248
3075284
3075287
3075291
3075363
3075376
3075382
3075389
3075396
3075402
3075421
3075423
3075460
3075466
3075497
3075510
3075524
3075550
3075553
3075588
3075601
3075620
3075623
3075646
3075653
3075689
3075699
3075705
3075715
3075721
3075731
3075732
3075775
3075794
3075801
3075802
3075804
3075812
3075820
3075829
3075887
3075903
3075915
3075921
3075973
3075987
3075993
3075995
3076000
3076014
3076015
3076042
3076052
3076090
3076132
3076134
3076145
3076156
3076158
3076171
3076172
3076184
3076216
3076226
3076272
3076278
3076284
3076296
3076301
3076308
3076314
3076320
3076341
3076371
3076378
3076380
3076397
3076405
3076408
3076459
3076481
3077654
3077662
3077678
3077703
3077752
3077783
3077796
3077804
3077821
3077827
3077845
3077853
3077860
3077875
3077877
3077882
3077898
3077910
3077963
3077967
3077969
3077981
3077998
3078018
3078025
3078032
3078118
3078148
3078156
3078188
3078193
3078204
3078226
3078256
3078259
3078260
3078261
3078276
3078305
3078309
3078310
3078335
3078340
3078345
3078367
3078370
3078392
3078403
3078404
3078424
3078444
3078448
3078479
3078486
3078500
3078516
3078535
3078546
3078553
3078559
3078564
3078575
3078577
3078586
3078598
3078609
3078613
3078622
3078632
3078684
3078692
3078714
3078757
3078772
3078777
3078779
3078784
3078793
3078795
3078811
3078821
3078852
3078863
3078868
3078871
3078930
3078942
3078944
3078948
3078976
3078988
3078990
3079017
3079034
3079035
3079038
3079045
3079061
3079083
3079085
3079100
3079106
3079123
3079124
3079127
3079139
3079148
3079153
3079180
3079187
3079202
3079205
3079248
3079255
3079273
3079284
3079287
3079297
3079301
3079306
3079313
3079346
3079358
3079371
3080406
3080408
3080415
3080417
3080431
3080476
3080494
3080551
3080565
3080567
3080580
3080587
3080596
3080600
3080627
3080646
3080652
3080657
3080658
3080659
3080662
3080677
3080723
3080738
3080754
3080786
3080812
3080828
3080850
3080853
3080875
3080891
3080912
3080947
3080949
3080953
3080973
3080975
3080979
3080982
3081008
3081024
3081026
3081057
3081082
3081091
3081117
3081127
3081142
3081151
3081157
3081158
3081163
3081170
3081176
3081198
3081200
3081214
3081227
3081244
3081250
3081259
3081260
3081330
3081347
3081379
3081391
3081415
3081506
3081528
3081577
3081581
3081598
3081616
3081619
3081697
3081722
3081735
3081743
3081748
3081751
3081774
3081802
3081807
3081832
3081842
3081851
3081862
3081866
3081876
3081902
3081908
3081913
3081942
3081960
3081961
3081962
3081995
3082018
3082076
3082078
3082087
3082098
3082103
3082121
3082264
3082446
3082474
3083120
3083206
3083208
3083209
3083210
3083227
3083237
3083254
3083278
3083323
3083332
3083335
3083339
3083341
3083382
3083430
3083435
3083443
3083485
3083501
3083503
3083517
3083519
3083521
3083554
3083556
3083582
3083598
3083623
3083654
3083660
3083677
3083680
3083684
3083686
3083695
3083697
3083715
3083726
3083745
3083753
3083765
3083787
3083795
3083806
3083914
3083917
3083952
3083962
3083982
3084022
3084025
3084052
3084080
3084097
3084100
3084119
3084122
3084132
3084159
3084222
3084231
3084239
3084248
3084253
3084277
3084282
3084295
3084377
3084393
3084395
3084423
3084429
3084448
3084463
3084489
3084508
3084557
3084559
3084563
3084611
3084622
3084626
3084693
3084699
3084778
3085715
3085778
3085827
3085840
3085847
3085855
3085895
3085919
3085993
3085997
3086025
3086069
3086070
3086085
3086086
3086091
3086096
3086099
3086165
3086178
3086199
3086208
3086214
3086223
3086233
3086240
3086244
3086257
3086266
3086304
3086314
3086315
3086339
3086343
3086346
3086376
3086385
3086390
3086447
3086481
3086495
3086498
3086499
3086516
3086532
3086540
3086545
3086557
3086565
3086580
3086588
3086596
3086599
3086627
3086651
3086662
3086671
3086693
3086721
3086788
3086790
3086800
3086803
3086807
3086810
3086815
3086821
3086831
3086877
3086894
3086895
3086906
3086910
3086914
3086922
3086932
3086949
3086963
3086975
3086979
3086997
3087001
3087006
3087023
3087074
3087078
3087079
3087110
3087124
3087164
3087177
3087178
3087207
3087300
3087301
3087305
3087306
3087323
3087326
3087328
3087338
3087427
3088495
3088498
3088588
3088600
3088617
3088620
3088656
3088659
3088673
3088674
3088676
3088697
3088708
3088732
3088735
3088736
3088738
3088739
3088746
3088747
3088761
3088784
3088785
3088791
3088841
3088853
3088854
3088855
3088863
3088864
3088870
3088871
3088874
3088897
3088901
3088923
3088939
3088953
3088970
3088974
3088975
3088977
3089002
3089014
3089041
3089048
3089058
3089065
3089082
3089102
3089103
3089113
3089122
3089151
3089176
3089188
3089202
3089221
3089226
3089227
3089249
3089259
3089267
3089268
3089270
3089292
3089298
3089322
3089431
3089438
3089450
3089465
3089484
3089485
3089531
3089539
3089549
3089580
3089592
3089623
3089635
3089636
3089641
3089666
3089679
3089680
3089687
3089689
3089694
3089700
3089704
3089706
3089718
3089723
3089782
3089787
3089811
3089843
3089849
3089861
3089876
3089896
3089906
3089930
3089934
3089990
3090055
3090068
3090165
3090169
3090175
3090198
3091250
3091264
3091271
3091280
3091293
3091297
3091298
3091316
3091369
3091378
3091383
3091398
3091442
3091446
3091447
3091495
3091516
3091520
3091555
3091570
3091573
3091576
3091593
3091611
3091626
3091627
3091637
3091639
3091643
3091663
3091692
3091702
3091733
3091734
3091747
3091779
3091780
3091784
3091789
3091798
3091816
3091830
3091835
3091836
3091851
3091877
3091890
3091906
3091912
3091957
3091958
3091960
3091991
3092004
3092029
3092033
3092048
3092084
3092096
3092099
3092142
3092170
3092186
3092193
3092204
3092218
3092237
3092245
3092257
3092260
3092284
3092288
3092301
3092304
3092310
3092313
3092334
3092401
3092414
3092427
3092445
3092491
3092498
3092502
3092512
3092515
3092531
3092533
3092536
3092540
3092547
3092548
3092553
3092570
3092577
3092606
3092624
3092626
3092677
3092679
3092686
3092711
3092774
3092786
3092802
3092823
3092854
3092861
3092876
3092945
3093917
3093919
3093927
3093934
3093954
3093957
3093961
3093967
3094108
3094115
3094168
3094180
3094204
3094216
3094248
3094292
3094301
3094302
3094310
3094327
3094346
3094376
3094381
3094400
3094407
3094423
3094424
3094461
3094470
3094483
3094501
3094503
3094535
3094538
3094545
3094550
3094557
3094592
3094596
3094627
3094663
3094667
3094680
3094682
3094704
3094720
3094728
3094730
3094739
3094758
3094763
3094788
3094793
3094797
3094801
3094809
3094868
3094878
3094884
3094893
3094913
3094931
3094951
3095033
3095041
3095079
3095094
3095096
3095127
3095129
3095159
3095193
3095211
3095216
3095221
3095222
3095225
3095248
3095271
3095283
3095295
3095328
3095366
3095370
3095391
3095395
3095409
3095427
3095481
3095501
3095504
3096677
3096680
3096686
3096702
3096709
3096710
3096726
3096732
3096754
3096762
3096768
3096774
3096826
3096829
3096832
3096845
3096856
3096873
3096899
3096912
3096939
3096942
3096965
3096979
3096980
3096993
3097022
3097034
3097035
3097037
3097042
3097052
3097054
3097066
3097068
3097085
3097089
3097105
3097108
3097119
3097136
3097152
3097155
3097197
3097236
3097242
3097359
3097371
3097397
3097405
3097406
3097446
3097448
3097475
3097479
3097494
3097495
3097516
3097518
3097527
3097534
3097536
3097547
3097555
3097561
3097567
3097573
3097578
3097580
3097584
3097585
3097595
3097609
3097610
3097627
3097634
3097720
3097728
3097743
3097749
3097759
3097831
3097838
3097844
3097845
3097860
3097869
3097872
3097877
3097881
3097897
3097917
3097962
3097965
3097985
3097989
3098006
3098020
3098069
3098072
3098076
3098081
3098082
3098083
3098102
3098106
3098110
3098138
3098174
3098182
3098192
3098200
3098230
3098243
3098250
3098265
3098296
3098298
3098339
3098439
3098462
3099332
3099335
3099336
3099348
3099349
3099379
3099395
3099425
3099437
3099473
3099488
3099489
3099503
3099508
3099531
3099554
3099560
3099585
3099598
3099604
3099605
3099635
3099654
3099658
3099665
3099674
3099682
3099735
3099736
3099770
3099793
3099796
3099825
3099847
3099867
3099895
3099919
3099939
3099955
3099960
3100004
3100021
3100040
3100052
3100056
3100082
3100118
3100128
3100130
3100131
3100158
3100177
3100180
3100190
3100205
3100237
3100257
3100316
3100327
3100339
3100347
3100349
3100359
3100361
3100432
3100436
3100440
3100484
3100511
3100536
3100544
3100563
3100582
3100657
3100672
3100688
3100692
3100713
3100717
3100748
3100749
3100751
3100778
3100794
3100803
3100823
3100859
3100860
3100876
3100877
3100878
3100882
3100890
3100925
3101027
3101033
3101050
3102060
3102075
3102078
3102089
3102115
3102141
3102161
3102177
3102191
3102193
3102202
3102216
3102236
3102246
3102247
3102268
3102283
3102307
3102309
3102347
3102364
3102366
3102384
3102403
3102412
3102416
3102422
3102423
3102453
3102474
3102476
3102500
3102509
3102525
3102539
3102541
3102553
3102565
3102613
3102637
3102641
3102642
3102650
3102674
3102678
3102704
3102710
3102733
3102765
3102794
3102825
3102852
3102859
3102873
3102876
3102897
3102905
3102909
3102925
3102950
3102987
3102996
3103022
3103036
3103082
3103086
3103159
3103163
3103165
3103212
3103234
3103237
3103275
3103286
3103293
3103307
3103325
3103328
3103332
3103368
3103419
3103440
3103469
3103477
3103494
3103496
3103498
3103526
3103563
3103621
3103687
3103710
3103712
3103736
3104760
3104777
3104778
3104838
3104845
3104850
3104864
3104906
3104915
3104918
3104923
3104928
3104929
3104937
3104975
3104978
3104994
3105000
3105002
3105015
3105021
3105030
3105037
3105044
3105081
3105114
3105119
3105132
3105138
3105148
3105150
3105166
3105171
3105180
3105191
3105204
3105213
3105233
3105249
3105255
3105268
3105317
3105318
3105322
3105345
3105347
3105369
3105382
3105385
3105397
3105401
3105422
3105443
3105444
3105560
3105575
3105591
3105594
3105597
3105639
3105654
3105680
3105681
3105682
3105698
3105708
3105722
3105731
3105733
3105738
3105818
3105829
3105832
3105833
3105860
3105867
3105884
3105889
3105935
3106016
3106021
3106067
3106118
3106143
3106199
3106233
3106249
3106288
3106289
3106299
3106306
3106314
3106322
3106327
3106360
3106362
3107198
3107204
3107211
3107212
3107233
3107240
3107259
3107278
3107295
3107303
3107319
3107341
3107343
3107355
3107359
3107421
3107429
3107444
3107452
3107476
3107494
3107511
3107523
3107526
3107530
3107535
3107541
3107546
3107551
3107559
3107572
3107575
3107584
3107585
3107597
3107652
3107671
3107687
3107690
3107698
3107700
3107706
3107709
3107717
3107746
3107769
3107780
3107787
3107824
3107850
3107853
3107854
3107864
3107897
3107944
3107953
3107957
3108073
3108075
3108490
3108503
3108504
3108518
3108525
3108530
3108534
3108581
3108614
3108615
3108620
3108622
3108629
3108630
3108636
3108645
3108651
3108652
3108662
3108668
3108690
3108694
3108701
3108703
3108708
3108713
3108729
3108730
3108741
3108929
3108945
3108946
3108999
3109009
3109017
3109024
3109025
3109075
3109080
3109104
3109111
3109118
3109123
3109125
3109126
3109298
3110489
3110505
3110510
3110512
3110548
3110577
3110585
3110606
3110615
3110616
3110778
3110780
3110790
3110834
3110835
3110840
3110851
3110862
3110872
3110875
3110877
3110885
3110896
3110897
3110901
3110911
3110917
3110924
3110927
3110928
3110948
3110951
3110961
3111015
3111019
3111049
3111052
3111078
3111080
3111103
3111106
3111114
3111123
3111134
3111149
3111158
3111166
3111176
3111181
3111188
3111205
3111215
3111218
3111246
3111249
3111269
3111273
3111315
3111325
3111326
3111346
3111351
3111405
3111435
3111456
3111458
3111480
3111530
3111531
3111572
3111609
3111614
3111698
3111718
3111722
3111735
3111738
3111765
3111777
3111804
3111807
3111819
3111829
3111834
3111849
3111879
3111941
3111966
3111971
3111981
3112024
3112029
3112039
3112047
3112138
3113231
3113305
3113316
3113328
3113334
3113369
3113374
3113382
3113384
3113386
3113393
3113401
3113408
3113410
3113464
3113526
3113557
3113580
3113601
3113619
3113639
3113646
3113723
3113750
3113776
3113781
3113784
3113786
3113824
3113840
3113845
3113879
3113893
3113900
3113909
3113919
3113939
3113943
3113944
3113960
3113965
3113969
3114019
3114027
3114042
3114049
3114055
3114119
3114123
3114147
3114297
3114337
3114401
3114414
3114456
3114462
3114478
3114481
3114513
3114642
3114782
3115773
3115778
3115784
3115813
3115836
3115840
3115843
3115863
3115880
3115890
3115895
3115941
3115944
3116096
3116100
3116112
3116117
3116991
3117017
3117026
3117044
3117050
3117064
3117065
3117083
3117093
3117188
3117189
3117190
3117197
3117247
3117277
3117281
3117292
3117294
3117321
3117322
3117327
3117329
3117334
3117352
3117357
3117360
3117368
3117379
3117390
3117392
3117446
3117452
3117466
3117467
3117470
3117474
3117480
3117543
3117608
3117639
3117644
3117648
3117651
3117652
3117666
3117714
3117723
3117728
3117765
3117768
3117784
3117812
3117838
3117845
3117847
3117858
3117860
3117887
3117902
3117962
3117973
3117988
3118020
3118024
3118072
3118081
3118102
3118123
3118128
3118163
3118165
3118168
3118180
3118216
3118222
3118223
3118225
3118240
3118243
3118262
3118267
3118299
3118303
3118309
3118318
3118337
3118344
3118345
3118356
3118393
3118404
3118405
3118535
3118556
3118558
3118569
3118586
3118590
3118607
3118640
3118673
3119689
3119701
3119727
3119749
3119783
3119790
3119791
3119797
3119815
3119816
3119828
3119831
3119838
3119844
3119859
3119861
3119868
3119872
3119878
3119895
3119896
3119916
3119926
3119930
3119936
3119956
3119981
3119991
3120043
3120045
3120055
3120099
3120119
3120128
3120134
3120139
3120142
3120157
3120161
3120222
3120232
3120242
3120254
3120268
3120269
3120273
3120274
3120300
3120331
3120332
3120362
3120384
3120424
3120449
3120465
3120476
3120477
3120499
3120504
3120505
3120529
3120531
3120537
3120554
3120555
3120695
3120709
3120800
3120847
3120858
3120878
3120882
3120893
3120917
3120938
3120971
3120980
3120995
3121035
3121041
3121072
3121089
3121090
3121134
3121169
3121182
3121183
3121184
3121202
3121205
3121231
3121246
3121247
3121260
3121268
3121278
3121332
3121808
3121810
3121825
3121854
3122371
3122402
3122417
3122419
3122422
3122445
3122449
3122453
3122468
3122484
3122498
3122504
3122529
3122545
3122553
3122581
3122589
3122594
3122596
3122609
3122633
3122662
3122663
3122692
3122696
3122748
3122758
3122767
3122791
3122824
3122857
3122870
3122879
3122912
3122916
3122932
3122937
3122950
3123012
3123020
3123040
3123041
3123049
3123099
3123122
3123132
3123133
3123135
3123142
3123162
3123164
3123179
3123184
3123203
3123228
3123237
3123238
3123239
3123242
3123257
3123258
3123259
3123261
3123266
3123293
3123307
3123330
3123334
3123351
3123357
3123376
3123383
3123397
3123403
3123406
3123419
3123420
3123453
3123490
3123492
3123494
3123502
3123536
3123537
3123548
3123555
3123575
3123576
3123578
3123584
3123586
3123589
3123591
3123599
3123605
3123622
3123638
3123643
3123664
3123679
3123686
3123687
3123703
3123708
3123711
3123740
3123755
3123762
3123774
3123788
3123790
3123812
3123824
3123837
3123860
3123871
3123874
3123888
3123889
3123899
3123914
3123935
3123943
3123962
3123999
3124013
3124017
3124026
3124041
3124042
3124049
3124052
3124069
3124078
3124079
3124094
3124401
3125072
3125079
3125086
3125109
3125129
3125134
3125154
3125165
3125180
3125215
3125219
3125251
3125254
3125257
3125280
3125287
3125288
3125295
3125332
3125350
3125359
3125444
3125452
3125492
3125499
3125503
3125518
3125532
3125582
3125597
3125599
3125617
3125619
3125627
3125662
3125677
3125683
3125699
3125701
3125704
3125705
3125721
3125731
3125733
3125734
3125738
3125740
3125769
3125773
3125791
3125793
3125833
3125863
3125867
3125869
3125871
3125885
3125896
3125899
3125905
3125916
3125925
3125929
3125946
3125957
3125960
3125967
3125972
3125981
3125995
3126006
3126014
3126019
3126020
3126024
3126063
3126064
3126068
3126086
3126091
3126119
3126134
3126141
3126155
3126156
3126178
3126218
3126249
3126270
3126271
3126273
3126288
3126296
3126297
3126315
3126336
3126339
3126355
3126361
3126414
3126415
3126422
3126425
3126432
3126433
3126450
3126458
3126462
3126472
3126489
3126491
3126535
3126543
3126545
3126557
3126561
3126565
3126583
3126584
3126598
3126617
3126618
3126627
3126632
3126636
3126643
3126675
3126677
3126684
3126687
3126715
3126718
3126747
3126787
3126790
3126799
3126800
3126816
3126819
3127826
3127856
3127866
3127893
3127908
3127924
3127937
3127939
3127950
3127997
3128007
3128013
3128024
3128032
3128033
3128044
3128046
3128066
3128071
3128076
3128105
3128132
3128133
3128141
3128150
3128160
3128161
3128172
3128179
3128195
3128210
3128218
3128285
3128288
3128297
3128309
3128311
3128337
3128340
3128376
3128388
3128413
3128419
3128449
3128554
3128560
3128561
3128581
3128582
3128602
3128607
3128619
3128622
3128635
3128637
3128659
3128664
3128665
3128666
3128683
3128693
3128721
3128757
3128769
3128770
3128774
3128777
3128784
3128787
3128797
3128814
3128827
3128846
3128864
3128873
3128906
3128916
3128919
3128921
3128923
3128929
3128938
3128947
3128950
3128962
3128969
3128977
3128987
3128996
3129000
3129021
3129022
3129023
3129051
3129057
3129058
3129071
3129073
3129074
3129098
3129108
3129128
3129147
3129163
3129184
3129207
3129215
3129239
3129250
3129340
3129360
3129362
3129369
3129395
3129396
3129397
3129409
3129418
3130617
3130637
3130651
3130691
3130702
3130716
3130729
3130759
3130774
3130847
3130866
3130869
3130890
3130894
3130909
3130926
3130928
3130941
3130948
3130955
3130971
3130974
3130976
3130983
3130985
3130987
3130991
3131009
3131010
3131016
3131058
3131064
3131075
3131108
3131114
3131117
3131118
3131144
3131150
3131167
3131186
3131196
3131211
3131223
3131235
3131238
3131241
3131251
3131265
3131304
3131334
3131348
3131351
3131362
3131381
3131425
3131426
3131441
3131458
3131471
3131484
3131485
3131508
3131512
3131513
3131528
3131539
3131554
3131566
3131569
3131584
3131608
3131633
3131635
3131653
3131670
3131679
3131694
3131696
3131699
3131705
3131706
3131711
3131740
3131758
3131765
3131781
3131793
3131800
3131824
3131829
3131846
3131849
3131884
3131889
3131922
3131929
3131965
3132023
3132028
3132054
3132085
3132095
3132106
3132107
3132121
3132122
3132132
3132137
3132159
3132193
3132195
3132201
3132205
3133215
3133218
3133268
3133273
3133278
3133290
3133293
3133308
3133309
3133312
3133324
3133326
3133351
3133352
3133356
3133361
3133393
3133415
3133423
3133474
3133510
3133522
3133525
3133538
3133548
3133550
3133558
3133561
3133577
3133601
3133620
3133622
3133632
3133640
3133748
3133762
3133764
3133770
3133795
3133815
3133817
3133850
3133855
3133862
3133863
3133869
3133872
3133874
3133900
3133901
3133914
3133936
3133944
3133964
3133980
3133988
3134006
3134015
3134019
3134026
3134030
3134032
3134045
3134081
3134083
3134088
3134094
3134097
3134101
3134124
3134138
3134147
3134155
3134166
3134167
3134189
3134210
3134217
3134238
3134261
3134274
3134281
3134297
3134298
3134310
3134317
3134319
3134321
3134373
3134377
3134388
3134395
3134418
3134426
3134430
3134438
3134443
3134453
3134492
3134503
3134509
3134511
3134518
3134520
3134639
3134641
3134668
3134674
3134722
3134724
3134738
3134739
3134773
3134774
3134780
3134812
3134813
3134834
3134841
3134846
3134850
3134852
3134863
3134872
3134875
3134895
3134897
3134902
3134903
3134925
3134932
3135937
3135943
3135944
3135974
3135975
3136002
3136015
3136019
3136027
3136030
3136038
3136045
3136067
3136076
3136123
3136125
3136127
3136128
3136165
3136168
3136190
3136195
3136225
3136231
3136233
3136243
3136268
3136332
3136352
3136372
3136419
3136493
3136496
3136518
3136527
3136528
3136536
3136567
3136574
3136583
3136587
3136592
3136593
3136822
3136840
3136843
3136848
3136850
3136857
3136858
3136887
3136891
3136904
3136913
3136924
3136931
3136933
3136942
3136945
3136946
3136965
3136977
3136983
3137006
3137031
3137067
3137069
3137079
3137089
3137116
3137210
3137228
3137235
3137254
3137264
3137274
3137307
3137334
3137351
3137353
3137354
3137376
3137392
3137419
3137427
3137428
3137444
3137450
3137453
3137465
3137490
3137497
3137503
3137512
3137514
3137524
3137534
3137549
3137556
3137582
3137602
3137683
3138780
3138822
3138828
3138844
3138893
3138904
3138921
3138937
3138948
3138964
3138971
3138974
3139009
3139040
3139043
3139059
3139080
3139095
3139107
3139109
3139115
3139119
3139156
3139237
3139256
3139264
3139305
3139325
3139332
3139350
3139355
3139358
3139402
3139451
3139468
3139480
3139491
3139492
3139506
3139530
3139532
3139533
3139536
3139540
3139550
3139557
3139561
3139568
3139592
3139596
3139672
3139676
3139684
3139711
3139716
3139719
3139770
3139773
3139840
3139850
3139861
3139888
3139902
3139915
3139939
3139942
3139957
3139962
3140050
3140068
3140072
3140074
3140077
3140080
3140177
3140179
3140208
3140210
3140238
3140248
3140302
3140318
3140324
3140325
3140328
3140343
3140365
3142167
3142173
3142209
3142233
3142353
3142363
3142365
3142411
3142417
3142422
3142458
3142547
3142588
3142619
3142623
3142666
3142742
3142743
3142766
3142801
3142814
3142827
3142845
3142856
3142859
3142887
3142913
3142937
3142952
3142998
3143000
3143008
3143036
3143067
3143075
3143235
3143266
3143311
3143393
3143425
3143431
3143449
3143455
3143459
3143468
3143554
3143585
3143587
3143622
3143631
3143635
3143655
3143666
3143668
3143717
3143752
3143797
3143872
3143891
3143899
3143953
3143975
3143983
3144008
3144010
3144057
3144160
3144183
3144189
3144195
3144207
3144243
3144275
3144281
3144292
3144335
3144352
3144368
3144393
3144395
3144485
3144502
3144542
3144658
3144700
3144782
3144805
3144811
3144815
3144851
3144905
3144938
3145029
3145032
3145042
3145075
3145112
3145118
3145128
3145147
3145171
3145200
3145220
3147154
3147157
3147163
3147246
3147249
3147257
3147261
3147282
3147291
3147307
3147311
3147318
3147346
3147359
3147363
3147406
3147550
3147593
3147595
3147621
3147683
3147685
3147694
3147769
3147773
3147788
3147800
3147801
3147821
3147950
3147951
3147976
3147988
3148125
3148206
3148250
3148255
3148326
3148328
3148332
3148335
3148357
3148388
3148403
3148455
3148480
3148486
3148544
3148549
3148586
3148617
3148625
3148638
3148685
3148723
3148733
3148758
3148768
3148787
3148813
3148822
3148899
3148920
3148922
3148933
3148935
3148945
3148949
3148974
3148999
3149003
3149013
3149034
3149051
3149053
3149141
3149143
3149149
3149162
3149175
3149214
3149225
3149241
3149250
3149258
3149277
3149302
3149335
3149412
3149456
3149479
3149481
3149502
3149550
3149554
3149558
3149706
3149740
3149746
3149754
3149785
3149880
3149942
3149946
3149959
3149986
3150124
3152473
3152509
3152521
3152526
3152588
3152665
3152707
3152717
3152723
3152730
3152746
3152776
3152799
3152820
3152893
3152899
3152939
3152975
3152989
3153014
3153035
3153044
3153062
3153116
3153133
3153209
3153211
3153247
3153276
3153282
3153296
3153301
3153330
3153353
3153393
3153397
3153456
3153535
3153558
3153625
3153688
3153702
3153736
3153803
3153818
3153826
3153839
3153841
3153845
3153872
3153962
3154008
3154031
3154076
3154175
3154185
3154197
3154204
3154225
3154241
3154245
3154287
3154302
3154427
3154444
3154450
3154486
3154498
3154509
3154600
3154612
3154662
3154670
3154699
3154705
3154715
3154726
3154756
3154793
3154808
3154816
3154892
3154913
3154915
3154935
3154957
3154969
3155019
3155025
3155051
3155065
3155072
3155091
3155125
3155134
3155166
3155195
3155199
3155200
3155203
3155234
3156358
3156364
3156406
3156407
3156411
3156414
3156445
3156451
3156461
3156483
3156484
3156488
3156504
3156521
3156538
3156545
3156556
3156610
3156611
3156616
3156647
3156661
3156672
3156679
3156726
3156727
3156755
3156757
3156766
3156795
3156813
3156826
3156870
3156898
3156944
3157047
3157051
3157057
3157059
3157064
3157074
3157126
3157133
3157141
3157150
3157160
3157177
3157186
3157195
3157227
3157249
3157252
3157267
3157268
3157288
3157297
3157316
3157325
3157327
3157343
3157354
3157365
3157398
3157401
3157411
3157450
3157455
3157465
3157470
3157481
3157492
3157494
3157498
3157514
3157519
3157547
3157563
3157586
3157594
3157638
3157650
3157651
3157654
3157677
3157700
3157718
3157723
3157735
3157743
3157744
3157748
3157757
3157766
3157775
3157777
3157849
3157875
3157895
3157900
3157917
3157933
3157953
3157968
3159181
3159262
3159269
3159289
3159299
3159318
3159340
3159343
3159353
3159358
3159384
3159404
3159407
3159442
3159468
3159472
3159491
3159500
3159557
3159562
3159584
3159597
3159598
3159603
3159624
3159643
3159644
3159683
3159701
3159718
3159722
3159730
3159732
3159741
3159761
3159776
3159778
3159787
3159804
3159823
3159828
3159829
3159843
3159849
3159853
3159878
3159880
3159896
3159897
3159898
3159904
3159912
3159929
3159936
3159939
3159977
3159979
3159981
3159990
3159999
3160021
3160027
3160034
3160061
3160064
3160087
3160088
3160099
3160104
3160114
3160117
3160129
3160133
3160142
3160159
3160184
3160261
3160265
3160306
3160321
3160327
3160344
3160351
3160353
3160362
3160367
3160376
3160385
3160390
3160392
3160410
3160414
3160425
3160434
3160486
3160494
3160501
3160511
3160518
3160524
3160536
3160543
3160549
3160569
3160599
3160607
3160664
3160665
3160792
3160806
3160814
3160824
3161890
3161908
3161922
3161926
3161932
3161934
3161950
3161963
3162036
3162085
3162088
3162108
3162123
3162127
3162140
3162150
3162163
3162167
3162168
3162185
3162191
3162222
3162232
3162251
3162255
3162262
3162294
3162310
3162318
3162327
3162334
3162344
3162353
3162356
3162383
3162388
3162399
3162400
3162401
3162408
3162417
3162420
3162429
3162439
3162450
3162458
3162459
3162471
3162485
3162494
3162563
3162577
3162586
3162608
3162614
3162617
3162620
3162627
3162631
3162641
3162650
3162657
3162669
3162673
3162682
3162691
3162693
3162711
3162717
3162719
3162749
3162764
3162766
3162768
3162789
3162792
3162794
3162795
3162806
3162808
3162812
3162814
3162864
3162886
3162887
3162919
3162923
3162924
3162943
3162976
3162983
3163003
3163011
3163036
3163065
3163070
3163080
3163095
3163100
3163109
3163110
3163173
3163230
3163231
3163232
3163283
3163290
3163293
3163325
3163327
3163338
3163365
3163388
3163389
3163423
3163430
3163443
3163446
3163467
3164664
3164674
3164687
3164690
3164709
3164737
3164743
3164752
3164787
3164801
3164811
3164865
3164911
3164922
3164923
3164958
3164978
3164981
3164989
3165028
3165030
3165038
3165065
3165105
3165133
3165134
3165144
3165148
3165159
3165185
3165205
3165223
3165231
3165236
3165254
3165256
3165267
3165269
3165280
3165300
3165310
3165340
3165355
3165356
3165372
3165396
3165398
3165401
3165418
3165422
3165437
3165458
3165461
3165462
3165469
3165470
3165486
3165487
3165500
3165502
3165550
3165559
3165568
3165575
3165597
3165606
3165640
3165694
3165717
3165768
3165769
3165770
3165772
3165777
3165784
3165806
3165820
3165829
3165836
3165837
3165843
3165859
3165869
3165899
3165915
3165918
3165922
3166012
3166013
3166020
3166022
3166026
3166040
3166063
3166066
3166068
3166087
3166090
3166102
3166106
3166150
3166154
3166159
3166258
3166267
3166323
3167369
3167370
3167391
3167412
3167435
3167448
3167451
3167454
3167469
3167475
3167477
3167484
3167492
3167516
3167544
3167551
3167556
3167584
3167592
3167604
3167617
3167630
3167635
3167647
3167668
3167673
3167711
3167725
3167771
3167796
3167797
3167801
3167805
3167843
3167848
3167863
3167875
3167893
3167906
3167923
3167934
3167939
3167953
3167954
3167982
3167984
3167995
3167996
3168004
3168022
3168031
3168036
3168038
3168045
3168059
3168070
3168071
3168072
3168098
3168120
3168129
3168137
3168142
3168184
3168194
3168199
3168209
3168219
3168221
3168229
3168236
3168261
3168294
3168298
3168299
3168340
3168361
3168378
3168386
3168403
3168454
3168458
3168461
3168477
3168480
3168500
3168505
3168520
3168533
3168547
3168550
3168552
3168558
3168562
3168564
3168566
3168603
3168608
3168619
3168626
3168654
3168672
3168683
3168707
3168712
3168730
3168746
3168766
3168769
3168775
3168793
3168798
3168816
3168899
3168911
3168929
3168938
3168950
3168953
3168955
3168963
3168981
3170074
3170077
3170145
3170148
3170150
3170170
3170171
3170203
3170217
3170229
3170247
3170257
3170266
3170273
3170279
3170280
3170315
3170328
3170341
3170349
3170354
3170373
3170400
3170424
3170425
3170431
3170437
3170450
3170466
3170473
3170490
3170525
3170528
3170541
3170549
3170559
3170561
3170566
3170568
3170583
3170584
3170604
3170615
3170651
3170672
3170700
3170710
3170731
3170732
3170742
3170752
3170759
3170764
3170791
3170805
3170810
3170825
3170834
3170851
3170868
3170869
3170878
3170895
3170917
3170952
3170959
3170963
3170967
3170973
3170982
3171017
3171021
3171035
3171096
3171116
3171126
3171140
3171152
3171160
3171169
3171172
3171187
3171212
3171243
3171248
3171264
3171280
3171296
3171318
3171322
3171335
3171347
3171379
3171384
3171385
3171412
3171413
3171471
3171473
3171488
3171507
3171528
3171611
3171621
3171622
3171630
3171636
3171641
3171647
3171652
3171657
3171659
3171664
3171672
3171766
3172877
3172881
3172926
3172934
3172941
3172979
3172981
3172984
3172985
3173021
3173044
3173045
3173060
3173065
3173073
3173078
3173083
3173128
3173159
3173164
3173187
3173204
3173211
3173220
3173238
3173280
3173290
3173316
3173322
3173343
3173361
3173369
3173393
3173452
3173461
3173463
3173464
3173469
3173476
3173487
3173489
3173503
3173515
3173531
3173570
3173578
3173616
3173618
3173645
3173674
3173678
3173679
3173683
3173693
3173701
3173722
3173728
3173751
3173767
3173776
3173792
3173793
3173802
3173805
3173817
3173840
3173853
3173865
3173866
3173869
3173871
3173885
3173923
3173926
3173928
3173930
3173935
3173968
3173978
3173985
3173993
3173996
3174006
3174014
3174023
3174032
3174057
3174064
3174065
3174083
3174092
3174099
3174105
3174110
3174125
3174131
3174137
3174144
3174154
3174191
3174200
3174209
3174213
3174256
3174267
3174309
3174341
3174364
3174365
3174381
3174387
3174389
3174428
3174435
3174457
3174465
3174467
3174473
3174474
3174481
3174486
3175593
3175597
3175601
3175602
3175630
3175717
3175731
3175739
3175754
3175755
3175774
3175784
3175787
3175820
3175822
3175829
3175841
3175852
3175864
3175880
3175932
3175952
3175997
3176006
3176010
3176016
3176023
3176055
3176077
3176090
3176101
3176104
3176126
3176127
3176141
3176148
3176172
3176219
3176224
3176237
3176246
3176272
3176284
3176296
3176314
3176333
3176346
3176357
3176370
3176379
3176416
3176435
3176457
3176458
3176465
3176470
3176482
3176493
3176497
3176520
3176533
3176617
3176639
3176642
3176643
3176645
3176652
3176658
3176669
3176676
3176688
3176689
3176691
3176722
3176728
3176734
3176751
3176758
3176759
3176767
3176769
3176808
3176821
3176828
3176837
3176848
3176868
3176878
3176899
3176908
3176932
3176937
3176939
3176986
3176989
3177007
3177015
3177017
3177020
3177037
3177041
3177066
3177069
3177091
3177094
3177096
3177105
3177106
3177129
3177131
3177136
3177148
3178326
3178328
3178332
3178352
3178415
3178439
3178497
3178502
3178504
3178522
3178539
3178547
3178563
3178580
3178597
3178599
3178612
3178615
3178637
3178638
3178646
3178650
3178651
3178673
3178679
3178681
3178689
3178706
3178715
3178716
3178747
3178752
3178775
3178777
3178784
3178788
3178834
3178836
3178840
3178859
3178876
3178919
3178922
3178935
3178958
3178976
3179027
3179045
3179070
3179073
3179074
3179085
3179089
3179097
3179100
3179138
3179149
3179152
3179171
3179174
3179186
3179189
3179193
3179215
3179224
3179225
3179244
3179260
3179267
3179284
3179285
3179340
3179353
3179374
3179384
3179389
3179420
3179427
3179446
3179461
3179479
3179500
3179530
3179549
3179574
3179584
3179611
3179628
3179654
3179701
3179705
3179709
3179762
3179771
3179772
3179778
3179795
3179811
3179815
3179821
3179842
3179852
3179855
3179868
3179933
3179941
3179944
3179945
3179961
3179964
3179984
3180011
3181170
3181186
3181204
3181207
3181243
3181267
3181274
3181288
3181343
3181346
3181353
3181371
3181386
3181398
3181401
3181402
3181407
3181425
3181437
3181448
3181451
3181462
3181473
3181484
3181493
3181502
3181505
3181508
3181520
3181524
3181525
3181538
3181555
3181597
3181618
3181630
3181642
3181679
3181710
3181727
3181729
3181737
3181822
3181826
3181839
3181845
3181896
3181941
3181968
3181970
3181974
3182029
3182041
3182049
3182057
3182071
3182078
3182088
3182100
3182104
3182131
3182133
3182155
3182165
3182185
3182194
3182196
3182231
3182235
3182297
3182299
3182300
3182303
3182312
3182330
3182363
3182367
3182400
3182406
3182411
3182431
3182433
3182463
3182572
3182583
3182610
3182648
3182651
3182656
3182682
3183844
3183857
3183871
3183872
3183877
3183880
3183925
3183950
3183969
3183970
3183976
3183996
3184012
3184030
3184037
3184055
3184073
3184091
3184092
3184101
3184116
3184132
3184153
3184157
3184161
3184171
3184179
3184188
3184194
3184238
3184277
3184282
3184329
3184337
3184357
3184358
3184360
3184371
3184387
3184389
3184399
3184432
3184458
3184522
3184525
3184533
3184554
3184571
3184604
3184607
3184612
3184634
3184637
3184643
3184669
3184685
3184693
3184712
3184719
3184720
3184740
3184754
3184758
3184772
3184795
3184796
3184813
3184818
3184823
3184827
3184856
3184898
3184904
3184915
3184916
3184920
3184941
3184961
3184985
3184995
3184997
3185001
3185015
3185024
3185035
3185085
3185094
3185096
3185099
3185115
3185142
3185171
3185221
3185228
3185237
3185256
3185279
3185288
3185345
3185378
3185429
3186568
3186569
3186583
3186601
3186615
3186618
3186619
3186626
3186688
3186700
3186713
3186725
3186732
3186743
3186764
3186823
3186836
3186948
3186951
3187006
3187007
3187015
3187029
3187032
3187050
3187053
3187062
3187068
3187070
3187078
3187092
3187099
3187122
3187134
3187167
3187190
3187199
3187215
3187222
3187231
3187248
3187257
3187291
3187307
3187309
3187346
3187371
3187392
3187452
3187470
3187472
3187476
3187481
3187486
3187563
3187610
3187613
3187624
3187645
3187686
3187731
3187762
3187781
3187793
3187797
3187812
3187848
3187876
3187902
3187932
3187969
3187974
3187984
3187988
3187991
3187992
3188018
3188019
3188020
3188022
3188033
3188057
3188062
3188094
3188114
3189230
3190232
3190236
3190259
3190263
3190277
3190284
3190287
3190303
3190304
3190309
3190400
3190412
3190417
3190418
3190423
3190428
3190435
3190451
3190469
3190503
3190513
3190678
3190711
3190727
3190744
3190788
3190824
3190854
3191951
3191955
3192020
3192053
3192068
3192070
3192082
3192132
3192141
3192291
3192347
3192368
3192478
3192524
3192554
3192571
3192612
3192704
3192728
3192737
3192766
3192789
3192792
3192796
3192800
3192845
3192861
3192866
3192878
3192879
3192886
3192892
3192919
3192936
3192938
3192956
3192977
3193054
3193062
3193090
3193104
3193119
3193123
3193130
3193140
3193160
3193193
3193227
3193231
3193246
3193363
3193377
3193394
3193438
3193523
3193534
3193632
3193668
3193671
3194747
3194802
3194867
3194878
3194911
3194962
3195027
3195052
3195091
3195098
3195135
3195162
3195281
3195284
3195287
3195300
3195311
3195332
3195361
3195365
3195373
3195379
3195380
3195420
3195438
3195471
3195485
3195494
3195497
3195498
3195500
3195509
3195516
3195530
3195535
3195538
3195588
3195593
3195602
3195607
3195610
3195654
3195682
3195683
3195688
3195689
3195690
3195692
3195698
3195763
3195778
3195779
3195792
3195795
3195800
3195808
3195819
3195932
3195938
3195946
3195979
3195982
3195984
3195987
3196009
3196038
3196051
3196071
3196075
3196082
3196091
3196118
3196127
3196163
3196183
3196274
3196289
3196300
3196320
3196331
3197651
3197678
3197680
3197691
3197726
3197732
3197828
3197855
3197876
3197890
3197915
3197916
3197949
3197967
3198021
3198026
3198044
3198053
3198092
3198113
3198156
3198266
3198318
3198357
3198369
3198370
3198465
3198467
3198498
3198698
3198725
3198740
3198951
3199096
3199222
3199232
3199339
3199341
3199364
3199368
3199614
3199629
3199656
3199732
3199734
3199736
3199772
3199778
3199805
3199814
3199828
3199835
3200000
3200017
3200019
3200025
3200088
3200104
3200169
3200190
3200328
3200338
3200384
3200390
3200426
3200429
3200465
3200521
3200524
3200539
3200558
3200572
3200585
3200650
3200735
3200761
3200842
3202966
3202968
3203011
3203031
3203050
3203058
3203088
3203111
3203123
3203179
3203204
3203279
3203370
3203399
3203862
3203943
3203953
3204084
3204205
3204227
3204240
3204256
3204268
3204270
3204275
3204289
3204298
3204306
3204340
3204344
3204375
3204415
3204449
3204462
3208289
3208336
3208362
3208370
3208386
3208407
3208463
3208538
3208573
3208610
3208650
3208736
3208747
3208764
3208783
3208917
3208925
3209139
3209151
3209226
3209276
3209278
3209364
3209368
3209370
3209532
3209779
3209849
3210503
3210644
3210646
3210654
3210714
3210785
3213596
3213619
3213663
3213756
3213783
3213805
3213823
3213889
3214027
3214031
3214039
3214079
3214135
3214155
3214169
3214172
3214177
3214229
3214272
3214293
3214307
3214322
3214386
3214394
3214421
3214423
3214561
3214585
3214587
3214610
3214614
3214626
3214657
3214692
3214737
3214741
3214786
3214792
3214800
3214803
3214807
3214827
3214894
3214951
3214982
3215056
3215082
3215115
3215136
3215205
3215253
3215275
3215292
3215309
3215319
3215329
3215333
3215340
3215367
3215451
3215468
3215496
3215503
3215509
3215527
3215540
3215544
3215592
3215596
3215611
3215635
3215652
3215660
3215724
3215791
3215803
3215826
3215834
3215878
3215880
3215966
3216007
3216014
3216030
3216061
3216101
3216105
3216128
3216147
3216158
3216162
3216240
3216272
3216281
3216296
3216321
3216347
3216362
3216401
3216430
3216441
3216455
3216531
3216551
3216575
3218768
3218840
3218954
3218968
3218977
3218987
3219011
3219036
3219057
3219111
3219115
3219176
3219228
3219255
3219274
3219278
3219314
3219437
3219439
3219471
3219490
3219508
3219512
3219535
3219546
3219565
3219602
3219629
3219654
3219675
3219681
3219707
3219713
3219725
3219740
3219782
3219792
3219819
3219828
3219847
3219857
3219878
3219905
3219984
3220000
3220044
3220114
3220116
3220125
3220131
3220204
3220229
3220239
3220304
3220316
3220438
3220479
3220494
3220521
3220567
3220605
3220655
3220664
3220688
3220690
3220693
3220724
3220797
3220827
3220886
3220890
3220908
3220919
3220954
3220980
3221002
3221044
3221082
3221115
3221125
3221144
3221149
3221165
3221170
3221194
3221240
3221244
3221275
3221296
3221333
3221337
3221349
3221362
3221380
3221415
3221465
3221477
3221570
3221572
3221607
3221628
3221642
3221665
3221679
3221696
3221698
3221727
3221778
3223799
3224019
3224031
3224081
3224085
3224086
3224129
3224148
3224291
3224300
3224340
3224394
3224463
3224465
3224503
3224534
3224537
3224676
3224684
3224730
3224822
3224860
3224898
3224910
3224943
3224945
3224948
3224952
3224966
3225027
3225031
3225130
3225134
3225157
3225182
3225229
3225266
3225287
3225315
3225379
3225404
3225406
3225422
3225482
3225492
3225502
3225508
3225512
3225527
3225555
3225582
3225648
3225656
3225660
3225677
3225683
3225700
3225730
3225740
3225749
3225778
3225788
3225815
3225881
3226015
3226021
3226029
3226073
3226096
3226142
3226187
3226266
3226312
3226360
3226366
3226370
3226410
3226416
3226422
3226424
3226456
3226509
3226566
3226609
3226643
3226670
3226678
3226686
3226687
3226716
3226726
3226734
3226786
3226790
3226792
3226822
3226826
3226838
3226855
3226970
3226974
3226994
3227000
3227007
3227023
3227030
3227048
3227059
3227069
3227080
3227091
3227163
3227170
3228967
3229082
3229109
3229151
3229190
3229209
3229232
3229273
3229343
3229349
3229359
3229363
3229365
3229393
3229411
3229448
3229484
3229548
3229550
3229554
3229556
3229570
3229626
3229633
3229638
3229648
3229654
3229670
3229676
3229693
3229716
3229721
3229728
3229754
3229783
3229832
3229842
3229844
3229846
3229872
3229878
3229899
3229914
3230045
3230070
3230086
3230121
3230155
3230205
3230217
3230375
3230399
3230446
3230507
3230515
3230541
3230551
3230564
3230580
3230588
3230592
3230656
3230818
3230828
3230832
3230851
3230925
3230981
3231002
3231022
3231041
3231049
3231058
3231109
3231144
3231179
3231205
3231218
3231222
3231238
3231263
3231272
3231323
3231381
3231390
3231462
3231468
3231479
3231514
3231545
3231593
3231597
3231620
3231633
3231655
3231756
3231773
3231787
3231823
3231835
3231839
3231847
3231850
3231861
3231900
3231966
3231968
3232006
3232012
3232014
3232106
3232121
3232134
3232159
3232186
3232199
3234295
3234334
3234344
3234348
3234369
3234427
3234450
3234468
3234470
3234586
3234589
3234606
3234645
3234657
3234681
3234691
3234755
3234763
3234769
3234810
3234822
3234872
3234923
3234942
3234946
3234992
3235021
3235023
3235060
3235068
3235074
3235081
3235172
3235175
3235210
3235233
3235285
3235316
3235408
3235429
3235458
3235464
3235516
3235539
3235560
3235575
3235719
3235722
3235733
3235736
3235749
3235753
3235772
3235778
3235788
3235789
3235802
3235830
3235836
3235842
3235857
3235883
3235892
3235893
3235916
3235920
3235941
3235952
3235958
3235986
3235996
3236085
3236091
3236097
3236115
3236128
3236173
3236213
3236242
3236263
3236294
3236313
3236376
3236386
3236388
3236390
3236436
3236455
3236464
3236466
3236491
3236512
3236561
3236625
3236636
3236638
3236655
3236676
3236751
3236801
3236803
3236824
3236840
3236878
3236882
3236897
3236949
3236966
3236972
3237001
3237020
3237070
3237083
3237125
3237145
3237199
3237222
3237313
3237330
3237369
3237454
3239395
3239400
3239408
3239475
3239480
3239488
3239539
3239585
3239622
3239686
3239698
3239707
3239721
3239734
3239742
3239744
3239762
3239773
3239826
3239914
3239949
3239957
3239960
3240024
3240031
3240041
3240045
3240068
3240079
3240097
3240111
3240151
3240155
3240162
3240212
3240229
3240234
3240243
3240249
3240292
3240344
3240346
3240358
3240367
3240407
3240484
3240514
3240664
3240711
3240777
3240889
3240903
3240935
3240951
3240957
3240976
3241000
3241016
3241055
3241072
3241084
3241110
3241135
3241145
3241178
3241180
3241202
3241271
3241300
3241318
3241329
3241387
3241393
3241424
3241507
3241563
3241583
3241584
3241631
3241643
3241649
3241683
3241701
3241702
3241741
3241751
3241843
3241878
3241884
3241886
3241944
3241974
3241986
3241992
3242007
3242017
3242023
3242027
3242049
3242055
3242060
3242072
3242082
3242092
3242182
3242188
3242198
3242235
3242241
3242387
3242418
3244403
3244425
3244427
3244478
3244496
3244509
3244526
3244530
3244531
3244537
3244610
3244664
3244675
3244692
3244693
3244714
3244732
3244762
3244813
3244840
3244850
3244898
3244920
3244931
3244933
3244959
3245005
3245011
3245015
3245040
3245075
3245078
3245090
3245095
3245151
3245160
3245210
3245218
3245221
3245227
3245282
3245352
3245355
3245403
3245409
3245414
3245429
3245440
3245455
3245460
3245496
3245499
3245501
3245505
3245521
3245525
3245528
3245535
3245537
3245564
3245580
3245585
3245586
3245594
3245595
3245616
3245617
3245620
3245629
3245647
3245657
3245694
3245699
3245714
3245716
3245721
3245728
3245730
3245739
3245791
3245840
3245846
3245849
3245856
3245881
3245900
3245901
3245909
3245911
3245912
3245922
3245931
3245933
3245944
3245948
3245957
3245967
3245975
3245985
3245993
3245996
3246026
3246034
3246053
3246080
3246082
3247192
3247206
3247237
3247315
3247327
3247340
3247351
3247409
3247425
3247451
3247454
3247465
3247510
3247558
3247572
3247603
3247607
3247612
3247621
3247634
3247641
3247645
3247647
3247661
3247672
3247683
3247703
3247722
3247723
3247724
3247730
3247759
3247760
3247789
3247795
3247798
3247801
3247812
3247824
3247831
3247844
3247853
3247876
3247915
3247951
3247957
3247987
3248004
3248006
3248007
3248014
3248028
3248034
3248038
3248040
3248050
3248073
3248075
3248084
3248087
3248104
3248135
3248140
3248150
3248155
3248175
3248186
3248201
3248214
3248231
3248233
3248240
3248247
3248253
3248256
3248262
3248273
3248295
3248296
3248308
3248322
3248351
3248362
3248366
3248368
3248390
3248406
3248409
3248419
3248424
3248435
3248445
3248450
3248451
3248453
3248470
3248494
3248509
3248514
3248515
3248521
3248539
3248549
3248568
3248570
3248572
3248579
3248582
3248584
3248588
3248605
3248662
3248684
3248710
3248736
3248756
3248759
3248761
3248763
3249957
3249962
3249971
3249975
3249986
3250004
3250022
3250030
3250037
3250046
3250050
3250056
3250059
3250060
3250072
3250075
3250085
3250090
3250131
3250132
3250141
3250147
3250148
3250163
3250178
3250182
3250185
3250192
3250193
3250205
3250208
3250218
3250225
3250262
3250271
3250274
3250281
3250289
3250297
3250302
3250330
3250339
3250347
3250348
3250357
3250377
3250402
3250408
3250409
3250478
3250497
3250520
3250569
3250576
3250589
3250592
3250623
3250626
3250634
3250667
3250678
3250686
3250731
3250767
3250768
3250789
3250813
3250815
3250818
3250843
3250846
3250850
3250853
3250861
3250885
3250889
3250902
3250904
3250911
3250920
3250931
3250939
3250946
3250971
3250973
3251003
3251004
3251005
3251006
3251010
3251029
3251034
3251036
3251037
3251043
3251046
3251048
3251078
3251092
3251102
3251110
3251111
3251115
3251129
3251133
3251136
3251141
3251166
3251235
3251248
3251271
3251282
3251292
3251305
3251310
3251318
3251322
3251346
3251347
3251377
3251383
3251395
3251399
3251429
3251466
3251478
3251493
3251497
3251513
3251527
3251566
3252674
3252701
3252809
3252835
3252856
3252883
3252904
3252916
3252917
3253040
3253041
3253166
3253223
3253267
3253347
3253381
3253383
3253408
3253415
3253429
3253431
3253443
3253451
3253527
3253533
3253535
3253585
3253606
3253674
3253683
3253710
3253718
3253734
3253758
3253765
3253770
3253799
3253814
3253822
3253841
3253853
3253878
3253889
3253893
3253898
3253913
3253916
3253936
3253940
3253947
3253952
3253961
3253996
3254009
3254044
3254050
3254073
3254074
3254124
3254125
3254129
3254131
3254150
3254156
3254181
3254206
3254212
3254274
3255369
3255370
3255391
3255424
3255425
3255455
3255458
3255497
3255502
3255543
3255566
3255593
3255602
3255605
3255608
3255611
3255623
3255639
3255643
3255644
3255649
3255656
3255680
3255687
3255693
3255720
3255732
3255743
3255749
3255805
3255833
3255846
3255911
3255945
3255972
3255978
3255981
3255984
3256027
3256043
3256051
3256072
3256088
3256114
3256118
3256119
3256120
3256129
3256149
3256153
3256201
3256221
3256231
3256233
3256313
3256322
3256337
3256340
3256352
3256355
3256373
3256378
3256389
3256401
3256416
3256426
3256427
3256440
3256441
3256452
3256463
3256497
3256498
3256508
3256532
3256576
3256596
3256599
3256612
3256615
3256621
3256627
3256631
3256637
3256663
3256669
3256695
3256696
3256698
3256715
3256733
3256788
3256790
3256791
3256793
3256801
3256814
3256815
3256817
3256822
3256824
3256828
3256831
3256841
3256858
3256860
3256912
3256917
3256950
3256959
3257006
3258025
3258082
3258160
3258173
3258176
3258178
3258241
3258245
3258251
3258263
3258267
3258291
3258321
3258324
3258347
3258357
3258358
3258374
3258378
3258395
3258425
3258449
3258450
3258465
3258503
3258512
3258514
3258517
3258521
3258559
3258575
3258588
3258594
3258595
3258623
3258631
3258649
3258666
3258672
3258696
3258711
3258712
3258764
3258805
3258808
3258835
3259142
3259160
3259163
3259183
3259209
3259235
3259253
3259327
3259336
3259342
3259370
3259406
3259413
3259451
3259453
3259460
3259476
3259496
3259500
3259523
3259571
3259596
3259614
3259627
3259649
3259665
3259714
3259756
3259759
3259803
3259806
3260850
3260851
3260914
3260917
3260921
3261009
3261011
3261017
3261030
3261075
3261077
3261095
3261098
3261099
3261527
3261546
3261554
3261564
3261568
3261576
3261596
3261622
3261644
3261648
3261670
3261672
3261702
3261706
3261713
3261753
3261755
3261756
3261759
3261782
3261783
3261786
3261805
3261822
3261825
3261828
3261886
3261895
3261897
3261900
3261906
3261911
3261915
3261945
3261961
3261966
3261972
3261990
3261999
3262004
3262007
3262013
3262019
3262022
3262050
3262070
3262077
3262096
3262103
3262111
3262112
3262128
3262141
3262149
3262152
3262156
3262166
3262168
3262188
3262190
3262197
3262207
3262250
3262269
3262273
3262286
3262298
3262305
3262307
3262308
3262317
3262336
3262338
3262342
3262475
3262493
3262495
3263666
3263789
3263793
3263798
3263808
3263837
3263850
3263866
3263901
3263907
3263923
3263963
3263971
3264011
3264043
3264062
3264119
3264122
3264132
3264136
3264148
3264178
3264184
3264187
3264206
3264224
3264237
3264248
3264265
3264288
3264292
3264302
3264310
3264322
3264327
3264347
3264398
3264405
3264409
3264413
3264417
3264432
3264443
3264455
3264509
3264529
3264533
3264572
3264589
3264677
3264679
3264730
3264795
3264814
3264820
3264857
3264865
3264892
3264900
3264908
3264918
3264934
3265001
3265017
3265048
3265069
3265139
3265159
3265167
3265200
3265201
3265205
3265225
3265279
3265382
3265386
3265400
3265404
3265468
3265481
3265503
3265524
3265553
3265615
3265621
3265633
3265732
3265795
3265928
3265935
3265944
3265950
3265962
3267988
3268053
3268055
3268059
3268144
3268184
3268188
3268205
3268207
3268217
3268221
3268232
3268244
3268269
3268281
3268312
3268363
3268422
3268610
3268641
3268743
3268809
3268851
3268985
3269025
3269029
3269205
3269219
3269295
3269467
3269514
3269519
3269543
3269549
3269556
3269584
3269607
3269617
3269628
3269646
3269675
3269731
3269826
3269847
3269862
3269876
3269885
3269906
3269929
3269938
3269972
3270003
3270005
3270021
3270023
3270134
3270146
3270206
3270218
3270256
3270338
3270353
3270531
3270681
3270687
3270761
3270851
3270985
3270995
3271000
3271044
3271058
3271071
3271077
3273337
3273339
3273507
3273521
3273531
3273567
3273591
3273645
3273654
3273656
3273658
3273660
3273682
3273730
3273750
3273759
3273773
3273783
3273816
3273836
3273851
3273855
3273861
3273866
3273884
3273897
3273924
3273940
3273957
3273982
3274007
3274013
3274083
3274093
3274112
3274159
3274194
3274215
3274246
3274283
3274381
3274393
3274412
3274474
3274513
3274515
3274517
3274539
3274566
3274574
3274578
3274606
3274632
3274637
3274665
3274675
3274712
3274760
3274782
3274786
3274790
3274794
3274815
3274847
3274911
3274938
3274999
3275059
3275106
3275122
3275132
3275163
3275207
3275233
3275264
3275283
3275303
3275309
3275362
3275420
3275501
3275519
3275554
3275556
3275583
3275627
3275629
3275645
3275657
3275659
3275712
3275726
3275736
3275752
3275774
3275801
3275829
3275846
3275859
3275887
3275891
3275913
3275952
3276019
3276031
3276039
3276057
3276158
3276174
3276507
3278696
3278729
3278735
3278743
3322349
3322387
3322427
3322466
3322555
3322971
3323051
3323074
3323143
3323156
3323367
3323397
3323500
3323588
3324027
3330584
3330589
3330649
3330732
3331289
3331451
3331486
3331582
3331588
3331799
3331947
3332377
3334631
3334667
3334775
3334806
3334810
3334822
3334830
3335444
3335494
3335498
3335639
3335667
3335724
3336081
3336112
3336156
3336164
3336180
3336204
3336220
3336318
3336501
3340342
3340362
3341515
3341586
3341696
3341707
3341756
3341770
3341774
3341782
3341798
3341799
3341829
3341850
3341870
3341876
3341881
3341885
3341960
3342120
3342132
3342168
3342175
3342211
3342217
3342324
3342357
3342362
3342385
3342405
3342409
3342425
3342444
3342447
3342456
3342466
3342479
3342510
3342516
3342533
3342548
3342554
3342605
3342608
3342623
3342641
3342653
3342662
3342669
3342696
3342700
3342712
3342718
3342724
3342729
3342741
3342745
3342769
3342780
3342785
3342797
3342821
3342847
3342849
3342869
3342886
3342899
3342962
3343002
3343030
3343116
3343120
3343123
3343142
3343152
3343189
3343197
3343203
3343208
3343212
3343214
3343235
3343236
3343252
3343259
3343271
3343323
3343327
3343330
3343348
3343353
3343366
3343384
3343389
3343461
3343465
3343470
3343519
3343538
3343543
3343555
3343608
3343657
3343659
3343665
3343680
3343687
3343693
3343700
3343709
3343714
3343721
3343729
3343738
3343753
3343757
3343760
3343772
3343785
3343789
3343804
3343810
3343821
3343853
3343854
3343873
3343891
3343913
3343926
3343930
3343936
3343940
3343955
3343958
3343983
3343998
3344012
3344043
3344054
3344067
3344073
3344088
3344104
3344109
3344117
3344144
3344152
3344177
3344180
3344190
3344267
3344300
3344301
3344325
3344338
3344370
3344445
3344468
3344476
3344489
3344498
3344510
3344517
3344522
3344533
3344558
3344570
3344583
3344607
3344619
3344624
3344633
3344637
3344641
3344642
3344652
3344656
3344674
3344708
3344723
3344765
3344777
3344829
3344833
3344869
3344895
3344915
3344928
3344932
3344947
3345025
3345029
3345033
3345041
3345052
3345081
3345087
3345126
3345129
3345135
3345148
3345164
3345167
3345175
3345180
3345188
3345196
3345201
3345202
3345212
3345225
3345226
3345291
3345302
3345306
3345314
3345315
3345339
3345364
3345380
3345381
3345384
3345387
3345408
3345413
3345424
3345437
3345447
3345451
3345462
3345464
3345472
3345489
3345535
3345563
3345565
3345578
3345598
3345640
3345651
3345667
3345725
3345736
3345748
3345750
3345761
3345766
3345772
3345777
3345786
3345854
3345863
3345879
3345899
3345902
3345908
3345917
3345934
3345940
3345946
3345983
3346008
3346036
3346042
3346053
3346059
3346079
3346082
3346089
3346091
3346093
3346129
3346136
3346140
3346144
3346189
3346217
3346250
3346255
3346257
3346263
3346272
3346293
3346317
3346332
3346348
3346360
3346376
3346380
3346394
3346458
3346504
3346519
3346549
3346592
3346640
3346678
3346698
3346730
3346734
3346763
3346768
3346776
3346830
3346864
3346883
3346885
3346941
3346965
3346971
3347029
3347030
3347054
3347056
3347068
3347104
3347114
3347125
3347144
3347165
3347173
3347193
3347200
3347217
3347222
3347230
3347281
3347298
3347333
3347344
3347370
3347382
3347403
3347410
3347462
3347466
3347490
3347505
3347547
3347561
3347562
3347571
3347596
3347620
3347653
3347654
3347668
3347679
3347704
3347706
3347741
3347754
3347777
3347781
3347787
3347802
3347808
3347810
3347819
3347823
3347826
3347862
3347886
3347909
3347955
3347983
3347994
3348039
3348071
3348075
3348083
3348092
3348095
3348144
3348150
3348155
3348168
3348172
3348180
3348210
3348229
3348558
3348648
3348683
3348707
3348922
3348938
3348971
3349004
3351807
3351854
3351896
3351908
3351909
3351926
3351944
3351954
3351961
3351979
3352022
3352024
3352036
3352042
3352076
3352089
3352091
3352093
3352100
3352275
3352281
3352315
3352454
3352455
3352458
3352539
3352542
3352545
3352551
3352553
3352555
3352558
3352569
3352591
3352595
3352596
3352607
3352632
3352634
3352650
3352654
3352657
3352670
3352679
3352696
3352697
3352711
3352714
3352726
3352750
3352782
3352790
3352793
3352802
3352823
3352830
3352831
3352832
3352855
3352860
3352870
3352897
3352901
3352909
3352921
3352931
3352945
3352950
3352966
3352971
3352976
3353000
3353004
3353013
3353030
3353036
3353038
3353062
3353071
3353078
3353092
3353118
3353139
3353144
3353160
3353167
3353200
3353202
3353203
3353205
3353208
3353218
3353230
3353231
3353277
3353278
3353297
3353328
3353338
3353346
3353388
3353396
3353399
3353422
3353428
3353458
3353461
3353465
3353477
3353488
3353489
3353499
3353506
3353526
3353529
3353534
3353557
3353578
3353601
3353614
3353619
3353655
3353663
3353664
3353682
3353685
3353691
3353692
3353697
3353744
3353745
3353748
3353752
3353762
3353807
3353814
3353831
3353836
3353841
3353842
3353849
3353850
3353863
3353864
3353866
3353896
3353911
3353914
3353920
3353931
3353960
3353975
3353987
3354004
3354009
3354032
3354037
3354039
3354040
3354045
3354057
3354066
3354073
3354080
3354082
3354086
3354088
3354101
3354105
3354109
3354178
3354191
3354242
3354269
3354279
3354292
3354345
3354356
3354361
3354370
3354396
3354398
3354401
3354423
3354438
3354445
3354474
3354479
3354480
3354490
3354497
3354504
3354527
3354533
3354538
3354556
3354570
3354574
3354584
3354599
3354602
3354607
3354609
3354610
3354611
3354613
3354622
3354627
3354661
3354669
3354672
3354681
3354730
3354738
3354774
3354780
3354792
3354798
3354800
3354821
3354831
3354839
3354843
3354848
3354850
3354862
3354912
3354940
3354944
3354952
3354960
3354986
3354992
3355008
3355021
3355064
3355070
3355108
3355122
3355124
3355152
3355161
3355177
3355299
3355314
3355388
3356161
3356397
3356456
3356476
3356480
3356532
3356540
3356722
3356857
3356877
3356914
3356975
3357061
3357110
3357173
3357183
3357394
3357709
3357728
3357815
3357819
3357923
3357975
3358011
3358015
3358060
3358076
3358132
3358185
3358226
3358340
3358405
3358527
3358575
3358585
3358599
3358609
3358625
3358639
3358640
3358656
3358676
3358682
3358718
3358772
3358776
3358781
3358785
3358789
3358796
3358808
3358838
3358856
3358870
3358895
3358901
3358919
3359024
3359028
3359030
3359034
3359060
3359081
3359088
3359105
3359137
3359150
3359205
3359224
3359230
3359236
3359241
3359266
3359292
3359297
3359303
3359312
3359315
3359323
3359337
3359338
3359348
3359373
3359380
3359398
3359427
3359429
3359436
3359452
3359465
3359493
3359507
3359508
3359511
3359514
3359530
3359535
3359554
3359560
3359566
3359601
3359603
3359608
3359620
3359642
3359660
3359692
3359721
3359733
3359741
3359759
3359775
3359801
3359802
3359826
3359835
3359882
3359885
3359891
3359926
3359954
3359965
3359993
3360003
3360005
3360014
3360015
3360017
3360027
3360077
3360086
3360116
3360122
3360123
3360134
3360148
3360161
3360176
3360194
3360199
3360239
3360299
3360302
3360332
3360380
3360424
3360431
3360451
3360491
3360508
3360514
3360517
3360529
3360557
3360584
3360596
3360688
3360725
3360730
3360742
3360761
3360784
3360810
3360827
3360834
3360837
3360843
3360845
3360846
3360861
3360867
3360869
3360881
3360905
3360928
3360940
3360968
3361005
3361006
3361026
3361042
3361045
3361056
3361057
3361069
3361104
3361128
3361161
3361164
3361190
3361196
3361197
3361202
3361237
3361276
3361282
3361288
3361326
3361340
3361341
3361380
3361391
3361394
3361496
3361525
3361548
3361561
3361567
3361569
3361582
3361591
3361605
3361644
3361660
3361677
3361678
3361727
3361774
3361777
3361795
3361892
3361921
3361930
3361986
3362025
3362028
3362059
3362090
3362112
3362180
3362183
3362200
3362212
3362215
3362217
3362226
3362232
3362236
3362241
3362244
3362263
3362287
3362298
3362344
3362359
3362422
3362497
3362500
3362586
3362682
3362691
3362694
3362726
3362744
3362759
3362787
3362800
3362855
3362861
3362864
3362903
3362908
3362937
3362980
3362983
3362992
3363082
3363140
3363161
3363162
3363184
3363196
3363205
3363210
3363217
3363275
3363280
3363290
3363314
3363316
3363395
3363401
3363429
3363441
3363442
3363444
3363459
3363473
3363558
3363573
3363580
3363601
3363616
3363634
3363637
3363660
3363700
3363729
3363730
3363756
3363758
3363760
3363761
3363796
3363811
3363828
3363833
3363902
3363906
3363946
3363979
3363992
3364018
3364037
3364069
3364072
3364079
3364088
3364096
3364108
3364113
3364115
3364133
3364136
3364142
3364165
3364168
3364177
3364181
3364189
3364221
3364236
3364262
3364267
3364301
3364306
3364342
3364343
3364388
3364391
3364394
3364398
3364456
3364472
3364478
3364505
3364508
3364552
3364581
3364618
3364619
3364652
3364656
3364693
3364698
3364700
3364721
3364722
3364735
3364766
3364781
3364787
3364791
3364798
3364800
3364811
3364836
3364843
3364904
3364911
3364919
3364923
3364924
3364946
3364964
3365000
3365009
3365030
3365033
3365046
3365048
3365050
3365059
3365070
3365113
3365117
3365124
3365145
3365163
3365177
3365185
3365190
3365195
3365200
3365204
3365214
3365269
3365307
3365328
3365339
3365344
3365360
3365474
3365475
3365479
3365532
3365541
3365561
3365562
3365564
3365590
3365594
3365602
3365610
3365623
3365633
3365677
3365698
3365709
3365755
3365765
3365791
3365810
3365886
3365898
3365914
3365944
3365951
3365955
3365956
3365986
3366034
3366037
3366041
3366070
3366071
3366090
3366109
3366113
3366133
3366143
3366157
3366166
3366167
3366170
3366190
3366239
3366252
3366256
3366267
3366346
3366356
3366376
3366402
3366412
3366416
3366431
3366437
3366452
3366466
3366493
3366522
3366532
3366555
3366560
3366564
3366565
3366579
3366621
3366637
3366639
3366687
3366690
3366702
3366712
3366725
3366761
3366763
3366768
3366807
3366809
3366820
3366837
3366844
3366850
3366863
3366896
3366924
3366940
3366944
3366950
3366955
3366964
3366970
3366995
3367029
3367052
3367086
3367095
3367097
3367160
3367167
3367174
3367181
3367214
3367226
3367242
3367250
3367263
3367320
3367338
3367343
3367353
3367379
3367438
3367449
3367452
3367468
3367502
3367605
3367611
3367648
3367651
3367653
3367656
3367680
3367687
3367740
3367763
3367777
3367803
3367806
3367808
3367813
3367828
3367853
3367859
3367872
3367949
3367958
3367975
3368009
3368014
3368019
3368031
3368046
3368054
3368087
3368170
3368191
3368266
3368272
3368288
3368299
3368340
3368355
3368367
3368369
3368372
3368408
3368419
3368439
3368483
3368494
3368541
3368546
3368619
3368633
3368645
3368649
3368655
3368668
3368688
3368704
3368708
3368713
3368739
3368766
3368805
3368815
3368829
3368834
3368856
3368869
3373600
3373604
3373633
3373694
3373707
3373738
3373739
3373749
3373773
3373774
3373796
3373797
3373801
3373818
3373820
3373836
3373840
3373848
3373889
3373950
3373978
3374011
3374013
3374015
3374074
3374086
3374091
3374158
3374190
3374239
3374241
3374261
3374272
3374276
3374298
3374314
3374345
3374403
3374405
3374420
3374478
3374482
3374514
3374537
3374543
3374557
3374590
3374601
3374607
3374630
3374653
3374670
3374675
3374689
3374691
3374713
3374729
3374747
3374753
3374794
3374801
3374802
3374818
3374883
3374896
3374900
3374907
3374914
3374937
3374942
3374952
3374995
3374999
3375000
3375021
3375039
3375043
3375052
3375151
3375158
3375185
3375187
3375278
3375305
3375366
3375384
3375386
3375397
3375399
3375427
3375433
3375446
3375467
3375472
3375481
3375498
3375503
3375507
3375522
3375578
3375592
3375604
3375661
3375666
3375667
3375673
3375691
3375705
3375733
3375769
3375814
3375817
3375829
3375949
3375964
3375968
3375991
3375994
3376005
3376022
3376037
3376050
3376096
3376117
3376121
3376137
3376144
3376161
3376163
3376168
3376198
3376208
3376236
3376247
3376266
3376272
3376282
3376290
3376337
3376349
3376358
3376365
3376388
3376412
3376435
3376448
3376475
3376484
3376486
3376490
3376502
3376510
3376518
3376525
3376530
3376561
3376570
3376636
3376648
3376759
3376763
3376778
3376792
3376794
3376829
3376854
3376863
3376921
3376922
3376941
3376980
3377028
3377102
3377139
3377159
3377225
3377247
3377279
3377338
3377355
3377395
3377411
3377419
3377435
3377492
3377498
3377511
3377531
3377544
3377566
3377571
3377590
3377632
3377650
3377652
3377662
3377664
3377674
3377713
3377745
3377769
3377772
3377795
3377796
3377854
3377880
3377882
3377919
3377927
3377942
3377953
3377970
3377982
3377985
3377987
3378000
3378064
3378065
3378077
3378116
3378119
3378177
3378197
3378208
3378296
3378301
3378305
3378309
3378325
3378332
3378360
3378379
3378384
3378420
3378446
3378448
3378470
3378543
3378571
3378618
3378631
3378634
3378639
3378669
3378673
3378678
3378704
3378717
3378771
3378787
3378809
3378810
3378827
3378835
3378885
3378888
3378891
3378898
3378934
3378964
3378966
3379055
3379090
3379091
3379103
3379116
3379126
3379128
3379165
3379188
3379212
3379229
3379249
3379252
3379256
3379260
3379301
3379312
3379344
3379357
3379361
3379362
3379374
3379382
3379402
3379418
3379428
3379449
3379484
3379488
3379499
3379512
3379527
3379547
3379555
3379561
3379575
3379587
3379591
3379602
3379611
3379641
3379647
3379659
3379700
3379727
3379731
3379777
3379781
3379785
3379797
3379876
3379917
3379920
3379928
3380079
3380362
3380404
3380491
3380520
3380545
3380646
3380663
3380794
3380812
3380865
3380943
3380955
3380975
3381026
3381052
3381101
3381109
3381133
3381139
3381171
3381229
3381367
3381391
3381442
3381534
3381557
3381573
3381621
3381658
3381664
3381760
3381773
3381780
3381888
3381904
3381934
3381975
3381976
3381980
3382001
3382007
3382009
3382086
3382133
3382289
3382337
3382432
3382460
3382490
3382526
3382628
3382636
3382673
3382701
3382737
3382741
3382781
3382796
3382833
3382892
3382908
3382924
3382928
3382929
3382952
3383044
3383442
3383450
3383462
3383518
3383539
3383547
3383551
3383563
3383589
3383643
3383681
3383748
3383851
3383869
3383906
3383953
3383955
3383971
3383984
3384003
3384046
3384048
3384064
3384103
3384112
3384195
3384204
3384223
3384230
3384234
3384235
3384305
3384326
3384343
3384363
3384369
3384393
3384397
3384401
3384408
3384467
3384486
3384498
3384504
3384576
3384588
3384600
3384607
3384639
3384706
3384756
3384791
3384821
3384902
3384984
3384988
3385014
3385101
3385111
3385118
3385142
3385147
3385156
3385170
3385182
3385183
3385196
3385202
3385210
3385221
3385232
3385251
3385253
3385254
3385279
3385309
3385351
3385412
3385415
3385423
3385468
3385510
3385576
3385578
3385582
3385591
3385618
3385696
3385702
3385752
3385753
3385754
3385780
3385821
3385874
3385892
3385904
3385919
3385926
3385929
3385939
3385997
3386030
3386053
3386094
3386107
3386117
3386128
3386131
3386145
3386149
3386168
3386186
3386240
3386244
3386250
3386308
3386315
3386322
3386326
3386343
3386378
3386406
3386442
3386466
3386483
3386514
3386525
3386574
3386575
3386602
3386604
3386626
3386632
3386661
3386670
3386734
3386747
3386760
3386775
3386779
3386800
3386803
3386812
3386863
3386887
3386926
3386964
3386999
3387042
3387089
3387094
3387107
3387117
3387133
3387145
3387153
3387169
3387173
3387187
3387189
3387190
3387200
3387204
3387210
3387221
3387254
3387258
3387287
3387288
3387304
3387308
3387316
3387319
3387323
3387324
3387328
3387370
3387374
3387422
3387465
3387470
3387478
3387498
3387543
3387545
3387561
3387572
3387580
3387616
3387629
3387634
3387645
3387649
3387664
3387671
3387685
3387691
3387701
3387718
3387731
3387741
3387758
3387761
3387763
3387769
3387781
3387785
3387800
3387814
3387820
3387828
3387834
3387844
3387880
3387883
3387901
3387907
3387963
3387979
3387982
3387987
3387991
3388004
3388008
3388016
3388036
3388059
3388075
3388094
3388104
3388126
3388133
3388213
3388237
3388269
3388273
3388285
3388299
3388300
3388303
3388327
3388331
3388335
3388347
3388350
3388359
3388363
3388431
3388460
3388487
3388491
3388496
3388519
3388542
3388580
3388613
3388665
3388719
3388742
3388746
3388770
3388834
3388872
3388918
3388936
3388964
3389002
3389006
3389027
3389041
3389048
3389079
3389088
3389095
3389107
3389115
3389192
3389228
3389247
3389256
3389261
3389276
3389284
3389299
3389310
3389348
3389361
3389376
3389402
3389426
3389442
3389464
3389469
3389477
3389478
3389511
3389587
3389640
3389642
3389712
3389743
3389798
3389806
3389824
3389838
3389846
3389849
3389923
3389999
3390015
3390031
3390034
3390057
3390074
3390090
3390117
3390135
3390143
3390156
3390172
3390200
3390239
3390269
3390291
3390303
3390309
3390323
3390330
3390331
3390372
3390388
3390394
3390449
3390531
3390543
3390558
3390692
3390752
3390897
3390904
3390908
3390990
3391004
3391093
3391112
3391132
3391222
3391296
3391304
3391351
3391379
3391394
3391421
3395190
3395215
3395216
3395264
3395265
3395279
3395297
3395327
3395352
3395371
3395399
3395416
3395438
3395465
3395474
3395502
3395522
3395563
3395572
3395589
3395603
3395604
3395608
3395668
3395672
3395711
3395730
3395778
3395790
3395808
3395850
3395906
3395908
3395922
3395948
3395949
3395980
3395993
3395997
3396014
3396018
3396032
3396037
3396050
3396073
3396131
3396133
3396151
3396198
3396201
3396209
3396225
3396237
3396252
3396298
3396303
3396330
3396345
3396346
3396387
3396401
3396419
3396429
3396441
3396456
3396469
3396471
3396489
3396496
3396505
3396518
3396539
3396556
3396567
3396574
3396589
3396590
3396591
3396606
3396621
3396675
3396676
3396682
3396696
3396699
3396723
3396734
3396735
3396782
3396800
3396803
3396807
3396823
3396825
3396836
3396852
3396858
3396866
3396867
3396895
3396897
3396899
3396909
3396914
3396924
3396936
3396937
3396946
3396954
3396959
3396966
3396978
3396982
3396990
3396994
3396995
3397021
3397046
3397061
3397082
3397090
3397186
3397189
3397261
3397263
3397265
3397299
3397341
3397343
3397412
3397443
3397455
3397490
3397543
3397548
3397619
3397624
3397639
3397724
3397736
3397743
3397813
3397817
3397820
3397836
3397852
3397875
3397885
3397888
3397950
3397981
3397985
3398010
3398016
3398071
3398088
3398101
3398121
3398123
3398128
3398139
3398163
3398204
3398207
3398232
3398258
3398281
3398290
3398291
3398296
3398303
3398327
3398355
3398360
3398392
3398426
3398427
3398440
3398465
3398475
3398491
3398547
3398608
3398633
3398697
3398703
3398713
3398723
3398778
3398799
3398841
3398930
3398937
3398960
3398991
3399069
3399074
3399092
3399121
3399124
3399152
3399232
3399235
3399306
3399311
3399326
3399349
3399385
3399411
3399446
3399482
3399581
3399587
3399616
3399655
3399670
3399687
3399739
3399740
3399750
3399811
3399849
3399958
3400011
3400018
3400052
3400079
3400085
3400115
3400136
3400173
3400184
3400199
3400213
3400239
3400248
3400279
3400333
3400353
3400356
3400371
3400423
3400440
3400455
3400466
3400509
3400515
3400534
3400537
3400723
3400738
3400747
3400830
3400900
3400938
3400953
3401022
3401025
3401036
3401061
3401139
3401155
3401174
3401205
3401220
3401290
3401323
3401328
3401334
3401345
3401422
3401468
3401489
3401647
3401649
3401664
3401669
3401832
3401893
3401908
3401929
3401966
3401981
3402089
