0.000000 0.523810 0.588235 0.588235
0.025000 0.523810 0.588235 0.588235
0.050000 0.523810 0.588235 0.588235
0.075000 0.523810 0.542683 0.542683
0.100000 0.442424 0.485714 0.485714
0.125000 0.404444 0.473016 0.473016
0.150000 0.396364 0.454315 0.454315
0.175000 0.373178 0.446581 0.446581
0.200000 0.368687 0.424512 0.424512
0.225000 0.336066 0.411043 0.411043
0.250000 0.318739 0.386511 0.386511
0.275000 0.298220 0.352688 0.352688
0.300000 0.254355 0.308621 0.308621
0.325000 0.227885 0.276157 0.276157
0.350000 0.206952 0.210685 0.210685
0.375000 0.184885 0.137581 0.137581
0.400000 0.132788 0.063566 0.063566
0.425000 0.080373 0.028629 0.028629
0.450000 0.022951 0.000000 0.000000
0.475000 0.019365 0.000000 0.000000
0.500000 0.000000 0.000000 0.000000
0.525000 0.000000 0.000000 0.000000
0.550000 0.000000 0.000000 0.000000
0.575000 0.000000 0.000000 0.000000
0.600000 0.000000 0.000000 0.000000
0.625000 0.000000 0.000000 0.000000
0.650000 0.000000 0.000000 0.000000
0.675000 0.000000 0.000000 0.000000
0.700000 0.000000 0.000000 0.000000
0.725000 0.000000 0.000000 0.000000
0.750000 0.000000 0.000000 0.000000
0.775000 0.000000 0.000000 0.000000
0.800000 0.000000 0.000000 0.000000
0.825000 0.000000 0.000000 0.000000
0.850000 0.000000 0.000000 0.000000
0.875000 0.000000 0.000000 0.000000
0.900000 0.000000 0.000000 0.000000
0.925000 0.000000 0.000000 0.000000
0.950000 0.000000 0.000000 0.000000
0.975000 0.000000 0.000000 0.000000
1.000000 0.000000 0.000000 0.000000
