0.000000 1.000000 1.000000 1.000000
0.025000 0.686275 0.712994 0.712994
0.050000 0.617363 0.673971 0.673971
0.075000 0.578525 0.635813 0.635813
0.100000 0.538731 0.617647 0.617647
0.125000 0.516546 0.583828 0.583828
0.150000 0.484034 0.553715 0.553715
0.175000 0.449649 0.523024 0.523024
0.200000 0.419959 0.493437 0.493437
0.225000 0.393174 0.460470 0.460470
0.250000 0.363086 0.425549 0.425549
0.275000 0.330517 0.386992 0.386992
0.300000 0.299208 0.341423 0.341423
0.325000 0.261058 0.283650 0.283650
0.350000 0.213942 0.211229 0.211229
0.375000 0.164953 0.120375 0.120375
0.400000 0.098433 0.041140 0.041140
0.425000 0.036300 0.031763 0.031763
0.450000 0.021148 0.000000 0.000000
0.475000 0.000000 0.000000 0.000000
0.500000 0.000000 0.000000 0.000000
0.525000 0.000000 0.000000 0.000000
0.550000 0.000000 0.000000 0.000000
0.575000 0.000000 0.000000 0.000000
0.600000 0.000000 0.000000 0.000000
0.625000 0.000000 0.000000 0.000000
0.650000 0.000000 0.000000 0.000000
0.675000 0.000000 0.000000 0.000000
0.700000 0.000000 0.000000 0.000000
0.725000 0.000000 0.000000 0.000000
0.750000 0.000000 0.000000 0.000000
0.775000 0.000000 0.000000 0.000000
0.800000 0.000000 0.000000 0.000000
0.825000 0.000000 0.000000 0.000000
0.850000 0.000000 0.000000 0.000000
0.875000 0.000000 0.000000 0.000000
0.900000 0.000000 0.000000 0.000000
0.925000 0.000000 0.000000 0.000000
0.950000 0.000000 0.000000 0.000000
0.975000 0.000000 0.000000 0.000000
1.000000 0.000000 0.000000 0.000000
