2979151
2979168
2979171
2979201
2979839
3035016
3035285
3035303
3035352
3035751
3035826
3035849
3035868
3036135
3036166
3036194
3036213
3036240
3037556
3037895
3037908
3037922
3038170
3038189
3038316
3038378
3038449
3038455
3038782
3038794
3038801
3038805
3038809
3038856
3038944
3038977
3039025
3039051
3039075
3039154
3039171
3039183
3040489
3040540
3040544
3040626
3040690
3040710
3040733
3040835
3040899
3040935
3040953
3040958
3040974
3040983
3041098
3041129
3041179
3041193
3041207
3041259
3041287
3041318
3041607
3041678
3041708
3041712
3041777
3041789
3041946
3043095
3043384
3043455
3043484
3043513
3043735
3043740
3043777
3043796
3043830
3043845
3043849
3043883
3043921
3043944
3044002
3044086
3044095
3044156
3044200
3044390
3044456
3045718
3045733
3045743
3045915
3045990
3046042
3046048
3046156
3046166
3046184
3046345
3046353
3046423
3046441
3046476
3046655
3046719
3046824
3046934
3046980
3046981
3047064
3047187
3047199
3047218
3048462
3048480
3048500
3048615
3048721
3048773
3048779
3048879
3049019
3049111
3049325
3049405
3049867
3049870
3049970
3049972
3051254
3051325
3051397
3051450
3051489
3051563
3051705
3051742
3051907
3051957
3052007
3052062
3052112
3052161
3052369
3052425
3052465
3052505
3052745
3052802
3052823
3052838
3052917
3053074
3053092
3053158
3053274
3053321
3053377
3054431
3054466
3054497
3054499
3054617
3054795
3054913
3055087
3055566
3055659
3055661
3056030
3056042
3056105
3056626
3056666
3056745
3056795
3056805
3056964
3057115
3057310
3057338
3057446
3057469
3057525
3057580
3058734
3059262
3059411
3059478
3059504
3059519
3059567
3059584
3059836
3059865
3059904
3059919
3059956
3060065
3060187
3060289
3061452
3061557
3061561
3061726
3061751
3061768
3061769
3061911
3061962
3062016
3062127
3062181
3062268
3062325
3062406
3062461
3062610
3062633
3062657
3062687
3062708
3062734
3062743
3062782
3062821
3062831
3063065
3063169
3064318
3064509
3064550
3064819
3064855
3064880
3064920
3064971
3064990
3065333
3065398
3065456
3065461
3065510
3065522
3065524
3065564
3065565
3065571
3067093
3067210
3067434
3067473
3067479
3067555
3067602
3067722
3067768
3067858
3067894
3067955
3068032
3068060
3068224
3068432
3068438
3069765
3069788
3069853
3069887
3069906
3069915
3070271
3070299
3070321
3070495
3070580
3070581
3070928
3071117
3071203
3072537
3072538
3072811
3072815
3072913
3072974
3072994
3073083
3073335
3073405
3073433
3073446
3073521
3073616
3073636
3073653
3073657
3073773
3073806
3073951
3074955
3074999
3075137
3075203
3075232
3075241
3075303
3075395
3075408
3075409
3075430
3075559
3075685
3075700
3075705
3075970
3076000
3076085
3076132
3076147
3076157
3076173
3076201
3076365
3076382
3076474
3077709
3077755
3077776
3077784
3077892
3077895
3077945
3078039
3078341
3078360
3078382
3078452
3078465
3078521
3078535
3078744
3078756
3078800
3079019
3079047
3079155
3079168
3079289
3079294
3079384
3080427
3080588
3080609
3080653
3080820
3080947
3081094
3081111
3081169
3081221
3081287
3081292
3081334
3081543
3081557
3081558
3081599
3081627
3081807
3081849
3081937
3081940
3081960
3082095
3082099
3083221
3083365
3083408
3083454
3083551
3083603
3083764
3083802
3083843
3083986
3084012
3084014
3084062
3084078
3084084
3084252
3084285
3084316
3084319
3084446
3084615
3084625
3084742
3085782
3086097
3086101
3086223
3086292
3086295
3086306
3086451
3086496
3086503
3086648
3086653
3086679
3086719
3086757
3086835
3086891
3086895
3086920
3086974
3086975
3087177
3087218
3087275
3088588
3088589
3088905
3089032
3089095
3089237
3089274
3089338
3089483
3089614
3089691
3089744
3089946
3089948
3090028
3090057
3090195
3091287
3091336
3091359
3091381
3091830
3091843
3091884
3091994
3092035
3092044
3092057
3092066
3092087
3092155
3092229
3092363
3092385
3092399
3092473
3092630
3092639
3092747
3092785
3092798
3092862
3093948
3094247
3094290
3094296
3094389
3094451
3094517
3094548
3094588
3094637
3094669
3094672
3094764
3094809
3094905
3094934
3095116
3095125
3095159
3095262
3095320
3095334
3096704
3096763
3096816
3096822
3096832
3096945
3096951
3097007
3097020
3097118
3097273
3097305
3097342
3097542
3097558
3097579
3097617
3097720
3097826
3097837
3097968
3098005
3098197
3098261
3099391
3099398
3099435
3099695
3099803
3099972
3100032
3100053
3100130
3100166
3100198
3100550
3100671
3100731
3100836
3101063
3102119
3102243
3102247
3102248
3102572
3102671
3102726
3102767
3102880
3102902
3103029
3103034
3103159
3103168
3103239
3103277
3103292
3103298
3103478
3103528
3103570
3103637
3103679
3103705
3104754
3104774
3104864
3104958
3104978
3105045
3105051
3105076
3105127
3105161
3105176
3105398
3105430
3105539
3105598
3105671
3105699
3105742
3105873
3105895
3106026
3106111
3106129
3106308
3107250
3107438
3107513
3107533
3107555
3107574
3107619
3107791
3107867
3108568
3108630
3108929
3108932
3108981
3109115
3109299
3109458
3110507
3110531
3110897
3110964
3111243
3111374
3111487
3111591
3111639
3111705
3111903
3111991
3112027
3113378
3113432
3113447
3113513
3113526
3113544
3113756
3113778
3113821
3113846
3113893
3114019
3114311
3114451
3114673
3114723
3116119
3116397
3117201
3117239
3117243
3117286
3117409
3117430
3117451
3117461
3117476
3117655
3117666
3117675
3117864
3117973
3117983
3118099
3118167
3118306
3118532
3118559
3118619
3119803
3119857
3119909
3120083
3120099
3120106
3120250
3120332
3120374
3120378
3120379
3120462
3120504
3120507
3120956
3120991
3121115
3121161
3121241
3121791
3122436
3122452
3122473
3122784
3122933
3122940
3122963
3122968
3122978
3123023
3123125
3123170
3123187
3123271
3123436
3123459
3123557
3123578
3123618
3123765
3123826
3123879
3123902
3123993
3124042
3124080
3124096
3125098
3125162
3125199
3125208
3125283
3125604
3125614
3125615
3125658
3125776
3125863
3125895
3126039
3126099
3126279
3126315
3126324
3126471
3126488
3126499
3126502
3126508
3126555
3126563
3126607
3126633
3126688
3126729
3126818
3127843
3127893
3127925
3128038
3128060
3128116
3128124
3128300
3128346
3128489
3128494
3128648
3128758
3128825
3128827
3128851
3128879
3128943
3128956
3128999
3129067
3129375
3129401
3130618
3130677
3130710
3130751
3130770
3130774
3130780
3130811
3130876
3130937
3131000
3131107
3131154
3131173
3131297
3131398
3131449
3131523
3131548
3131668
3131706
3131730
3131748
3131811
3131905
3132007
3132113
3132120
3132167
3132207
3133273
3133343
3133393
3133407
3133408
3133421
3133484
3133508
3133523
3133801
3133933
3134293
3134396
3134462
3134469
3134493
3134593
3134675
3134694
3134698
3134730
3134750
3134821
3134841
3134852
3134858
3134882
3135995
3136036
3136037
3136244
3136388
3136419
3136440
3136489
3136533
3136568
3136822
3136856
3136881
3137045
3137106
3137192
3137198
3137346
3137351
3137503
3137505
3137581
3138825
3138842
3138904
3139036
3139239
3139364
3139489
3139659
3139670
3139913
3139925
3139935
3139950
3139978
3140229
3140237
3140321
3142188
3142196
3142380
3142635
3142782
3142992
3143030
3143055
3143214
3143326
3143587
3143711
3143799
3143903
3143907
3144296
3147194
3147217
3147253
3147272
3147330
3147390
3147780
3147951
3148131
3148145
3148254
3148599
3148775
3149030
3149096
3149151
3149220
3149475
3149873
3152402
3152418
3152849
3152910
3152970
3153087
3153108
3153301
3153631
3154250
3154318
3154467
3154587
3154797
3154808
3155049
3155058
3155063
3155142
3155163
3155193
3156385
3156489
3156497
3156518
3156630
3156659
3156680
3156717
3156750
3156832
3157107
3157198
3157208
3157231
3157249
3157487
3157541
3157557
3157570
3157672
3157903
3157943
3157950
3157953
3157968
3159246
3159271
3159636
3159651
3159684
3159763
3160079
3160200
3160423
3160582
3160608
3160660
3160679
3160796
3162180
3162224
3162236
3162288
3162315
3162359
3162380
3162479
3162526
3162538
3162564
3162587
3162647
3162759
3162777
3162784
3162788
3162851
3162972
3162998
3163176
3164670
3164734
3164832
3164858
3165003
3165148
3165255
3165278
3165353
3165379
3165383
3165641
3165719
3165795
3165876
3165878
3165994
3165996
3166214
3167357
3167441
3167638
3167685
3167735
3167904
3167920
3167936
3168033
3168128
3168247
3168297
3168352
3168384
3168429
3168689
3168702
3168716
3168745
3168792
3168957
3168988
3169000
3170148
3170153
3170344
3170352
3170450
3170515
3170523
3170544
3170551
3170599
3170800
3170837
3170963
3171136
3171259
3171272
3171467
3171570
3171625
3173098
3173184
3173208
3173250
3173495
3173544
3173603
3173650
3173660
3173888
3173915
3173931
3174015
3174185
3174186
3174188
3174361
3174463
3175640
3175853
3175878
3176058
3176132
3176177
3176223
3176225
3176324
3176513
3176565
3176583
3176584
3176649
3176812
3176868
3176893
3177074
3177114
3178309
3178340
3178451
3178529
3178541
3178572
3178601
3178636
3178707
3178725
3178839
3178858
3178921
3179048
3179055
3179066
3179109
3179271
3179330
3179411
3179412
3179471
3179472
3179510
3179539
3179638
3179692
3179749
3179775
3179834
3179943
3181136
3181328
3181371
3181414
3181428
3181458
3181482
3181651
3181678
3181692
3181988
3182011
3182131
3182299
3182300
3182647
3182649
3182665
3184049
3184108
3184306
3184339
3184367
3184451
3184537
3184569
3184734
3184803
3184807
3184932
3185026
3185086
3185087
3185145
3185220
3185226
3185346
3186587
3186606
3186623
3186693
3186743
3186766
3186890
3187048
3187225
3187381
3187458
3187467
3187501
3187529
3187730
3187742
3187773
3187775
3187855
3187906
3187928
3188064
3190234
3190449
3190671
3190673
3190715
3192161
3192785
3192906
3192921
3193069
3193141
3193276
3194850
3194961
3195115
3195128
3195300
3195302
3195476
3195494
3195525
3195544
3195618
3195669
3195739
3195749
3195773
3195795
3195855
3195879
3195903
3195916
3195917
3196000
3196030
3196034
3196092
3196101
3196401
3197855
3198167
3198187
3198320
3198574
3198590
3198968
3199090
3199309
3199627
3200390
3200465
3200773
3203110
3203176
3203190
3203225
3203992
3204206
3204210
3204235
3204239
3208129
3208301
3208351
3208524
3208580
3208652
3209133
3209231
3209514
3209828
3210654
3213667
3213772
3214280
3214295
3214392
3214427
3214463
3214511
3214888
3214890
3214947
3214962
3214984
3215313
3215367
3215503
3215864
3216045
3216049
3216101
3216252
3216594
3218945
3218962
3218991
3219027
3219105
3219130
3219161
3219243
3219488
3219681
3219774
3219867
3219951
3220008
3220100
3220104
3220191
3220502
3220736
3220773
3220823
3220952
3221330
3221333
3221361
3221543
3221584
3224056
3224075
3224319
3224432
3224866
3225040
3225451
3225549
3225671
3225814
3226177
3226241
3226277
3226489
3226749
3226990
3227114
3229076
3229092
3229322
3229432
3229530
3229554
3229596
3229613
3229819
3229945
3230217
3230680
3230744
3231016
3231406
3231545
3231552
3231688
3231823
3231837
3231983
3232126
3232163
3234284
3234911
3234923
3235221
3235305
3235468
3235660
3235837
3236090
3236190
3236322
3236485
3236642
3236663
3236673
3236909
3236932
3237164
3237348
3237383
3239876
3239888
3239896
3240029
3240047
3240101
3240181
3240183
3240208
3240367
3240514
3240525
3240551
3240696
3240933
3240943
3241008
3241119
3241476
3241538
3241586
3241982
3242084
3242351
3242391
3244452
3244481
3244700
3244912
3244922
3245281
3245604
3245720
3245860
3245955
3245962
3247324
3247589
3247616
3247638
3247684
3247688
3247742
3247756
3247843
3247845
3247849
3248115
3248193
3248243
3248275
3248595
3248647
3248662
3248689
3248709
3249981
3250073
3250271
3250386
3250540
3250725
3250823
3250895
3250972
3250973
3251096
3251105
3251138
3251428
3251471
3251480
3251610
3253142
3253435
3253669
3253741
3253845
3254006
3254016
3254037
3254078
3254085
3255370
3255405
3255457
3255605
3255675
3255757
3255815
3255820
3255831
3255863
3255871
3255873
3255892
3255993
3256014
3256032
3256042
3256116
3256136
3256143
3256325
3256376
3256446
3256450
3256469
3256497
3256604
3256679
3256682
3256780
3256936
3256960
3258136
3258234
3258253
3258301
3258315
3258409
3258579
3258604
3258672
3258677
3258795
3258807
3259201
3259222
3259352
3259371
3259577
3260879
3261035
3261042
3261595
3261723
3261735
3261789
3261800
3261970
3261985
3262193
3262256
3262339
3263691
3263764
3263802
3263857
3263859
3263870
3264037
3264081
3264158
3264232
3264262
3264291
3264427
3264458
3264467
3264477
3264533
3264574
3264759
3264799
3264828
3265081
3265116
3265137
3265252
3265400
3265617
3265641
3265698
3265738
3265948
3268044
3268182
3268271
3268367
3268664
3269173
3269245
3269409
3269440
3269481
3269540
3269733
3269908
3270227
3270317
3270418
3270668
3270708
3270981
3271037
3273503
3273678
3273744
3273820
3273832
3273901
3274267
3274548
3274576
3274881
3274935
3274974
3275293
3275338
3275362
3275371
3275420
3275479
3275521
3275544
3275637
3275827
3275881
3275958
3276140
3278630
3323042
3323056
3323367
3323937
3324032
3331481
3334707
3334782
3335921
3336619
3341687
3341778
3341909
3342087
3342377
3342548
3342575
3342801
3342851
3342904
3342950
3343132
3343170
3343182
3343194
3343242
3343252
3343350
3343418
3343485
3343543
3343628
3343687
3343785
3343912
3343919
3343966
3343976
3343994
3344029
3344152
3344153
3344157
3344206
3344257
3344545
3344655
3344814
3344853
3344855
3344861
3344873
3344941
3345014
3345176
3345214
3345381
3345388
3345459
3345512
3345565
3345579
3345641
3345792
3345915
3345951
3345976
3346148
3346196
3346260
3346508
3346625
3346666
3346679
3346718
3347155
3347222
3347422
3347461
3347469
3347486
3347694
3347746
3347909
3350888
3351849
3351970
3352092
3352198
3352275
3352555
3352577
3352604
3352779
3352789
3352819
3352827
3352938
3353194
3353291
3353440
3353451
3353460
3353499
3353518
3353609
3353658
3353706
3353735
3353761
3354003
3354036
3354098
3354147
3354164
3354176
3354187
3354331
3354410
3354449
3354482
3354496
3354590
3354635
3354738
3354863
3354866
3354891
3354914
3356612
3356833
3357258
3357374
3358052
3358597
3358623
3358711
3359201
3359226
3359326
3359439
3359483
3359596
3359677
3359712
3359752
3359792
3359863
3359897
3359899
3360075
3360140
3360143
3360404
3360407
3360418
3360471
3360473
3360547
3360571
3360701
3360807
3360843
3360855
3360861
3360999
3361024
3361173
3361197
3361208
3361332
3361394
3361412
3361492
3361701
3361715
3361733
3361768
3361795
3361862
3362209
3362215
3362592
3363031
3363055
3363138
3363152
3363180
3363198
3363429
3363525
3363553
3363733
3363858
3363908
3363932
3364128
3364217
3364224
3364588
3364600
3364641
3364745
3364796
3365118
3365184
3365257
3365277
3365294
3365454
3365572
3365597
3365985
3366064
3366104
3366113
3366239
3366387
3366569
3366590
3366607
3366631
3366632
3366637
3366700
3366763
3366918
3367123
3367192
3367232
3367309
3367384
3367441
3367473
3367531
3367688
3367763
3367821
3367954
3368113
3368438
3368645
3373679
3373881
3373913
3373999
3374029
3374130
3374276
3374399
3374502
3374567
3374571
3374722
3374851
3374911
3374932
3374944
3375063
3375088
3375164
3375204
3375302
3375336
3375397
3375466
3375544
3375742
3375825
3375890
3375917
3375964
3376053
3376320
3376337
3376496
3376820
3376932
3376973
3377114
3377482
3377706
3377793
3377890
3377923
3377931
3378327
3378339
3378369
3378411
3378536
3378586
3378705
3378795
3378954
3379039
3379147
3379159
3379305
3379413
3379445
3379567
3379773
3379917
3380267
3381087
3381469
3381796
3381918
3382007
3382097
3382392
3382408
3382490
3382888
3383232
3383579
3383643
3383955
3384030
3384132
3384135
3384138
3384257
3384383
3384435
3384584
3384870
3384906
3384944
3385069
3385415
3385441
3385490
3385602
3385692
3385708
3385749
3385812
3385954
3386198
3386278
3386366
3386381
3386382
3386383
3386517
3386826
3386857
3387113
3387189
3387287
3387316
3387499
3387621
3387637
3387693
3387785
3387959
3387976
3388004
3388129
3388173
3388220
3388221
3388269
3388510
3388517
3388526
3388698
3388699
3388918
3389018
3389092
3389132
3389283
3389330
3389344
3389368
3389446
3389883
3390151
3390287
3390317
3390319
3390323
3390327
3390610
3390795
3390853
3390861
3391441
3395220
3395263
3395272
3395492
3395796
3395888
3396106
3396270
3396413
3396427
3396443
3396560
3396578
3396681
3396686
3396712
3396714
3396748
3396769
3396861
3396926
3396939
3397114
3397340
3397606
3397843
3397957
3398073
3398170
3398361
3398364
3398369
3398411
3398497
3398688
3399069
3399372
3399451
3399587
3399734
3399847
3400027
3400382
3400603
3400664
3400669
3400727
3400747
3400762
3400806
3400990
3401005
3401333
3401574
3401713
3402006
3402037
