2979678
2979704
2979759
2979794
2979856
3034966
3034967
3035049
3035071
3035272
3035856
3035901
3036008
3036011
3036064
3036130
3036375
3036419
3036473
3037769
3038190
3038274
3038307
3038310
3038486
3038499
3038520
3038541
3038547
3038639
3038658
3038680
3038697
3038700
3038806
3038995
3039158
3040411
3040542
3040674
3040703
3040736
3040802
3040817
3040931
3040944
3040949
3040972
3041063
3041117
3041151
3041235
3041322
3041339
3041426
3041463
3041602
3041652
3041683
3041726
3041931
3041952
3043151
3043197
3043402
3043498
3043616
3043649
3043665
3043683
3043738
3043771
3044078
3044123
3044245
3044622
3044643
3045955
3046029
3046104
3046240
3046351
3046373
3046476
3046724
3046853
3046886
3046891
3047077
3047144
3047149
3047292
3047422
3048548
3048556
3048691
3048844
3048961
3049004
3049036
3049133
3049266
3049405
3049524
3049628
3049643
3049842
3049914
3049952
3051121
3051205
3051319
3051390
3051420
3051562
3051595
3051602
3051638
3051650
3051815
3051996
3052058
3052125
3052180
3052208
3052284
3052307
3052312
3052483
3052513
3052557
3052643
3052673
3052737
3052865
3052952
3053096
3053125
3053148
3053216
3053267
3054465
3054496
3054545
3054596
3054612
3054690
3054705
3055046
3055662
3056123
3056705
3056791
3056970
3057029
3057042
3057097
3057110
3057145
3057165
3057390
3057415
3057445
3057568
3057658
3058767
3058828
3058847
3059087
3059214
3059485
3059519
3059610
3059666
3059697
3059808
3060134
3060225
3061022
3061453
3061494
3061630
3061665
3061670
3061692
3061764
3061848
3061919
3061944
3061983
3062029
3062107
3062172
3062220
3062250
3062413
3062544
3062601
3062679
3062776
3064244
3064246
3064251
3064280
3064322
3064345
3064384
3064446
3064611
3064628
3064632
3064688
3064723
3064798
3064861
3064897
3065080
3065359
3065360
3065371
3065379
3065384
3065578
3065583
3065873
3066915
3066962
3067094
3067307
3067357
3067385
3067392
3067570
3067588
3067668
3067697
3067727
3067742
3067747
3067950
3067973
3068000
3068038
3068078
3068118
3068261
3068336
3068381
3068382
3068457
3069659
3069709
3069916
3069969
3070053
3070316
3070340
3070408
3070409
3070475
3070482
3070494
3070591
3070804
3071019
3071222
3072647
3072721
3072727
3072846
3072856
3072949
3073086
3073121
3073144
3073276
3073285
3073351
3073398
3073460
3073563
3073575
3073670
3073681
3073762
3073787
3073801
3074932
3074956
3074999
3075054
3075072
3075157
3075267
3075319
3075379
3075391
3075396
3075428
3075525
3075691
3075699
3075930
3075972
3076042
3076229
3076278
3076328
3076478
3076483
3076496
3077787
3077851
3077957
3078126
3078213
3078252
3078314
3078335
3078383
3078411
3078414
3078430
3078511
3078624
3078645
3078652
3078759
3078778
3078786
3078828
3078860
3078936
3079163
3079231
3079274
3079304
3079342
3079865
3080581
3080877
3080963
3081006
3081079
3081167
3081179
3081225
3081318
3081519
3081612
3081667
3081824
3081856
3081889
3081904
3081924
3082012
3082475
3082486
3083194
3083274
3083426
3083471
3083498
3083539
3083632
3083694
3083732
3083774
3083818
3083886
3083918
3083949
3083985
3084023
3084151
3084177
3084257
3084266
3084284
3084323
3084347
3084356
3084534
3084584
3084607
3084727
3086040
3086270
3086289
3086326
3086342
3086354
3086362
3086368
3086374
3086510
3086516
3086562
3086693
3086792
3086846
3086908
3087166
3087230
3087265
3088663
3088854
3088948
3088963
3088976
3089003
3089061
3089171
3089173
3089180
3089219
3089429
3089530
3089544
3089625
3089630
3089656
3089680
3089822
3089831
3089869
3089925
3089959
3090004
3091328
3091336
3091362
3091429
3091649
3091729
3091737
3091771
3091801
3091870
3091884
3091906
3091912
3091914
3091935
3091937
3091997
3092070
3092073
3092079
3092104
3092194
3092203
3092245
3092300
3092332
3092335
3092391
3092396
3092409
3092529
3092563
3092649
3092853
3092933
3094284
3094338
3094388
3094497
3094541
3094553
3094581
3094649
3094674
3094721
3094752
3094833
3094863
3094870
3094921
3095106
3095280
3095290
3095339
3095482
3096677
3096695
3096853
3096883
3096888
3096918
3097042
3097079
3097096
3097146
3097227
3097263
3097348
3097428
3097449
3097463
3097486
3097580
3097633
3097834
3097843
3097849
3097913
3097939
3097994
3098065
3098240
3098251
3098287
3098339
3099382
3099392
3099405
3099489
3099491
3099538
3099543
3099676
3099682
3099750
3099761
3099864
3099988
3100049
3100080
3100182
3100188
3100205
3100300
3100330
3100411
3100422
3100423
3100438
3100598
3100613
3100893
3102257
3102299
3102361
3102365
3102398
3102453
3102554
3102567
3102621
3102654
3102718
3102880
3102964
3103208
3103254
3103275
3103362
3103386
3103532
3103533
3103568
3103605
3103610
3103620
3103674
3104861
3105036
3105208
3105252
3105293
3105303
3105366
3105379
3105443
3105488
3105558
3105590
3105658
3105703
3105750
3105759
3105835
3105884
3106089
3106091
3106146
3106242
3107200
3107260
3107307
3107381
3107426
3107439
3107480
3107956
3108028
3108543
3108544
3108601
3108651
3109277
3109309
3110504
3110908
3110934
3110954
3110969
3110970
3111040
3111118
3111147
3111198
3111256
3111265
3111280
3111314
3111341
3111345
3111351
3111360
3111433
3111656
3111684
3111900
3111935
3111953
3112019
3112029
3112159
3113318
3113433
3113453
3113541
3113715
3113731
3113743
3113775
3113780
3113792
3113891
3114158
3114161
3114368
3115861
3117037
3117245
3117353
3117983
3118023
3118038
3118043
3118222
3118320
3118353
3118611
3119705
3119737
3119836
3119890
3119895
3119934
3120091
3120161
3120205
3120271
3120349
3120439
3120526
3120792
3120844
3120862
3121176
3121201
3121254
3121261
3121337
3121339
3122393
3122432
3122437
3122442
3122460
3122476
3122507
3122535
3122545
3122551
3122792
3122854
3122934
3122973
3122995
3123009
3123017
3123036
3123205
3123303
3123324
3123485
3123557
3123590
3123610
3123615
3123636
3123674
3123774
3123789
3123834
3123841
3124072
3124090
3124101
3125118
3125240
3125365
3125412
3125438
3125448
3125467
3125565
3125621
3125693
3125779
3125861
3125931
3126088
3126180
3126222
3126223
3126236
3126241
3126553
3126607
3126625
3126676
3126713
3126721
3126765
3127824
3127902
3128015
3128133
3128194
3128210
3128278
3128284
3128437
3128441
3128516
3128635
3128667
3128670
3128792
3128797
3128971
3129066
3129072
3129199
3130651
3130686
3130745
3130951
3131121
3131148
3131300
3131401
3131556
3131568
3131572
3131680
3131802
3131875
3132014
3132054
3133261
3133311
3133339
3133343
3133528
3133535
3133567
3133568
3133718
3133754
3133759
3133792
3133862
3133874
3133926
3133944
3134003
3134110
3134217
3134421
3134457
3134508
3134593
3134661
3134679
3134824
3134851
3134895
3135945
3136075
3136101
3136275
3136360
3136535
3136567
3136929
3137078
3137083
3137251
3137452
3137478
3137562
3137566
3137607
3139000
3139375
3139427
3139505
3139603
3139661
3139892
3140030
3140232
3140379
3142138
3142205
3142411
3142755
3143166
3143756
3143946
3144177
3144372
3144376
3144403
3144409
3145030
3145134
3147222
3147427
3147568
3147821
3147938
3148087
3148254
3148296
3148314
3148384
3148461
3148475
3148584
3148675
3148677
3148822
3149050
3149055
3149546
3149560
3149614
3149923
3150359
3152700
3152826
3152881
3152883
3152900
3152943
3152977
3153282
3153284
3153294
3153353
3153610
3154037
3154062
3154135
3154206
3154277
3154416
3154481
3154631
3154859
3155043
3155050
3155097
3155159
3155177
3156381
3156489
3156501
3156509
3156690
3156745
3156747
3157037
3157078
3157233
3157260
3157261
3157287
3157360
3157408
3157462
3157524
3157573
3157587
3157661
3157711
3157743
3157796
3157942
3159249
3159518
3159526
3159765
3159772
3159856
3159895
3159968
3160032
3160259
3160267
3160330
3160335
3160367
3160372
3160472
3160489
3160565
3160626
3160799
3160829
3162085
3162107
3162195
3162230
3162292
3162308
3162309
3162333
3162366
3162399
3162498
3162550
3162665
3162699
3162710
3162937
3163251
3163392
3163479
3164709
3164817
3164872
3164908
3165064
3165109
3165201
3165247
3165267
3165276
3165396
3165412
3165442
3165480
3165541
3165576
3165814
3165959
3166016
3166215
3167374
3167375
3167489
3167532
3167708
3167916
3168068
3168277
3168292
3168303
3168484
3168492
3168493
3168610
3168699
3168752
3168769
3170186
3170263
3170540
3170678
3170680
3170747
3170947
3171107
3171114
3171295
3171320
3171360
3171438
3171444
3171493
3171590
3171592
3172910
3172976
3173058
3173098
3173135
3173156
3173167
3173178
3173215
3173275
3173330
3173393
3173421
3173451
3173472
3173498
3173602
3173662
3173713
3173736
3173766
3173928
3173952
3174076
3174092
3174116
3174133
3174143
3174251
3174272
3174316
3174361
3174363
3174468
3175577
3175638
3175689
3175753
3175830
3175902
3175904
3175945
3175973
3175998
3176149
3176243
3176301
3176320
3176326
3176335
3176351
3176528
3176555
3176680
3176724
3176727
3176752
3176815
3176823
3176840
3176919
3177074
3177079
3177095
3177141
3178461
3178507
3178597
3178614
3178729
3178750
3178803
3178869
3178978
3179038
3179132
3179153
3179154
3179186
3179212
3179264
3179282
3179356
3179391
3179431
3179459
3179520
3179532
3179577
3179589
3179591
3179745
3179816
3179963
3179966
3181144
3181604
3181729
3181738
3181744
3181776
3181817
3181877
3181882
3181904
3181959
3182045
3182049
3182052
3182063
3182083
3182093
3182126
3182172
3182207
3182220
3182356
3182487
3182497
3182498
3183924
3184009
3184017
3184134
3184163
3184197
3184217
3184269
3184283
3184296
3184526
3184590
3184630
3184659
3184932
3184947
3184969
3185087
3185114
3185128
3185206
3186521
3186595
3186652
3186653
3186718
3186848
3187035
3187066
3187182
3187220
3187244
3187300
3187307
3187407
3187450
3187489
3187558
3187583
3187596
3187628
3187637
3187677
3187896
3187897
3187980
3187985
3190240
3190857
3192069
3192479
3192514
3192747
3192751
3192786
3192805
3192833
3192884
3192919
3192956
3193133
3193206
3193240
3193417
3193523
3194711
3194789
3194861
3194941
3194947
3194993
3195208
3195308
3195544
3195634
3195823
3195845
3195849
3195941
3195968
3195978
3196086
3196154
3196212
3197676
3197687
3197853
3197911
3198132
3198134
3198446
3198465
3198486
3198929
3198946
3199014
3199050
3199713
3199816
3199983
3200137
3200363
3200458
3200617
3200737
3200809
3203889
3203966
3203988
3204267
3204347
3204417
3204456
3208650
3209168
3209357
3209538
3209791
3210781
3213692
3213961
3214025
3214258
3214293
3214443
3214466
3214634
3214688
3214860
3215084
3215250
3215383
3215578
3215741
3215847
3215880
3216288
3216328
3216351
3216575
3216582
3218899
3219258
3219813
3219920
3220146
3220314
3220460
3220481
3220812
3221003
3221084
3221103
3221149
3221170
3221230
3221242
3221378
3221630
3221814
3223870
3224902
3224945
3225009
3225115
3225128
3225547
3226025
3226125
3226331
3226391
3226580
3226867
3227080
3229147
3229386
3229541
3229705
3229714
3230172
3230556
3230570
3230572
3230674
3230687
3231272
3231346
3231359
3231506
3231514
3231688
3231791
3232079
3232148
3232197
3234249
3234371
3234571
3234638
3234680
3235025
3235297
3235298
3235577
3235638
3235773
3235862
3235878
3235883
3235927
3236009
3236083
3236225
3236330
3236545
3236738
3236761
3237001
3237176
3239391
3239511
3239515
3239640
3239799
3240083
3240210
3240332
3240468
3240606
3240619
3240656
3240863
3241029
3241033
3241157
3241213
3241731
3241940
3241962
3242021
3242229
3244426
3244478
3244586
3244726
3244729
3244797
3244857
3244918
3244924
3245069
3245330
3245566
3245663
3245848
3245858
3245873
3245919
3245996
3247320
3247390
3247411
3247461
3247626
3247675
3247738
3247752
3247962
3248046
3248185
3248302
3248350
3248371
3248391
3248417
3248477
3248492
3248512
3248530
3248632
3248645
3248650
3248671
3250029
3250072
3250177
3250210
3250268
3250271
3250323
3250336
3250421
3250444
3250530
3250597
3250794
3250807
3250813
3250999
3251109
3251124
3251126
3251160
3251223
3251262
3251267
3251332
3251368
3251470
3251524
3252829
3253346
3253768
3253782
3254044
3254078
3254079
3255377
3255447
3255479
3255637
3255881
3255888
3255927
3256051
3256088
3256111
3256145
3256297
3256514
3256515
3256572
3256602
3256714
3256793
3256798
3256856
3258106
3258123
3258139
3258297
3258373
3258423
3258435
3258566
3258675
3258781
3258800
3258811
3259105
3259404
3259424
3259514
3259526
3259572
3259585
3259762
3259790
3260882
3260914
3261581
3261660
3261752
3261864
3261908
3262038
3262058
3262083
3262113
3262126
3262178
3262194
3262255
3262352
3262383
3263706
3263813
3263827
3263879
3263931
3264137
3264219
3264307
3264341
3264373
3264417
3264424
3264468
3264628
3264838
3264853
3265106
3265122
3265250
3265382
3265537
3268067
3268111
3268302
3268427
3268950
3269067
3269291
3269312
3269454
3269735
3269936
3270005
3270242
3270246
3270430
3270481
3270672
3271035
3273517
3273654
3273748
3273982
3274046
3274161
3274209
3274267
3274275
3274495
3274641
3274735
3274887
3274944
3275011
3275069
3275270
3275440
3275663
3275844
3275964
3276131
3278721
3323588
3324050
3334834
3335719
3336046
3336097
3336176
3336350
3341559
3342030
3342203
3342213
3342322
3342353
3342402
3342564
3342735
3342754
3342853
3342907
3343064
3343312
3343313
3343499
3343603
3343652
3343680
3343782
3343835
3343848
3343853
3343933
3343948
3343950
3344068
3344129
3344190
3344325
3344375
3344414
3344422
3344423
3344456
3344486
3344608
3344635
3344699
3344767
3344824
3344956
3345013
3345224
3345393
3345616
3345640
3345653
3345656
3345778
3345802
3345873
3345885
3345902
3345961
3345999
3346005
3346044
3346082
3346087
3346160
3346221
3346318
3346412
3346420
3346437
3346513
3346535
3346574
3346636
3346731
3346982
3346993
3347025
3347102
3347265
3347357
3347395
3347527
3347575
3347661
3347745
3347767
3347799
3348063
3348210
3348227
3348274
3348350
3348550
3348910
3348918
3351899
3351908
3351968
3352086
3352123
3352281
3352287
3352600
3352641
3352665
3352857
3353063
3353096
3353098
3353099
3353141
3353156
3353283
3353392
3353401
3353479
3353498
3353564
3353688
3353740
3353768
3353833
3353931
3353941
3354091
3354141
3354165
3354222
3354280
3354455
3354457
3354510
3354631
3354720
3354775
3354847
3354936
3354951
3355132
3357278
3357579
3358549
3358619
3358758
3358806
3358817
3358826
3358920
3358981
3358989
3359060
3359150
3359219
3359346
3359430
3359472
3359541
3359561
3359575
3359588
3359646
3359673
3360029
3360176
3360232
3360250
3360461
3360501
3360520
3360581
3360665
3360819
3361014
3361020
3361154
3361421
3361533
3361816
3362019
3362087
3362099
3362102
3362172
3362247
3362298
3362440
3362707
3362781
3362920
3362926
3363099
3363150
3363178
3363227
3363275
3363461
3363758
3363822
3363896
3363921
3364311
3364374
3364387
3364495
3364503
3364652
3364681
3364748
3364799
3364974
3365036
3365197
3365198
3365220
3365377
3365421
3365429
3365764
3365827
3365950
3366032
3366195
3366282
3366289
3366480
3366504
3366507
3366813
3366887
3366951
3366964
3366970
3367028
3367159
3367204
3367206
3367286
3367398
3367746
3367943
3368121
3368323
3368563
3368675
3368718
3368861
3373636
3373784
3374009
3374025
3374387
3374420
3374606
3374649
3374681
3374986
3375132
3375150
3375157
3375216
3375261
3375276
3375329
3375581
3375650
3375836
3376121
3376178
3376318
3376360
3376422
3376452
3376547
3376558
3376672
3376777
3377015
3377027
3377066
3377348
3377470
3377504
3377579
3377670
3377727
3377742
3377784
3378371
3378373
3378603
3378705
3378767
3378864
3378951
3379132
3379190
3379217
3379230
3379280
3379414
3379527
3379590
3379611
3380354
3380400
3380699
3381065
3381115
3381248
3381395
3381534
3381649
3381670
3382005
3382007
3382125
3382685
3382833
3382841
3383076
3383756
3383963
3384003
3384008
3384483
3384559
3384563
3384898
3384988
3384994
3385192
3385404
3385655
3385794
3386025
3386335
3386370
3386474
3386634
3386644
3386679
3386710
3386733
3386857
3386871
3386920
3386996
3387076
3387106
3387171
3387186
3387311
3387337
3387630
3387653
3387927
3388063
3388173
3388323
3388458
3388719
3388928
3388967
3389032
3389276
3389383
3389396
3389580
3389652
3389737
3389805
3389879
3390223
3390716
3391304
3391367
3395199
3395335
3395500
3395660
3395746
3395817
3395868
3396089
3396098
3396113
3396325
3396530
3396578
3396602
3396603
3396616
3396719
3396872
3396942
3396972
3397042
3397075
3397098
3397241
3397322
3397336
3398086
3398112
3398133
3398354
3398412
3398446
3398475
3398517
3398603
3398633
3399227
3399487
3399636
3400053
3400447
3400496
3400618
3400860
3401007
3401060
3401109
3401160
3401255
3401544
3401756
