2979202
2979729
3035756
3035871
3036135
3036161
3036214
3036338
3036520
3038387
3038686
3038923
3038927
3039002
3041042
3041614
3041616
3041665
3041680
3043357
3043665
3043846
3043924
3044147
3044236
3044482
3046050
3046304
3046471
3046520
3046645
3046735
3047073
3048480
3049166
3051232
3051409
3051601
3051689
3052021
3052344
3052776
3052997
3053219
3055179
3056600
3056780
3056976
3057004
3057022
3057052
3057064
3057520
3057677
3058986
3059461
3060068
3060346
3060353
3060371
3061482
3061675
3062289
3062317
3062916
3063006
3064207
3064249
3064713
3065484
3065873
3066882
3067017
3067053
3067515
3067686
3067946
3068076
3068221
3068376
3070445
3071166
3073007
3073255
3073670
3073895
3075081
3075277
3075279
3075523
3076222
3077774
3077807
3078085
3078468
3078812
3078893
3078904
3079338
3080403
3080446
3080480
3080737
3081090
3081534
3081801
3081876
3082473
3083132
3083219
3083630
3084381
3084460
3084526
3084596
3085933
3086081
3086618
3088688
3089139
3089246
3089349
3089428
3089452
3089737
3091607
3091892
3092283
3092560
3094233
3094430
3094868
3095415
3096672
3096949
3097080
3097677
3097816
3097854
3098099
3099592
3099672
3099895
3099958
3100471
3100527
3100836
3102664
3104967
3104998
3105987
3106031
3106254
3106336
3108676
3111186
3111575
3111631
3111770
3113799
3117320
3117447
3117571
3117728
3118559
3119782
3120161
3120379
3120432
3120919
3120961
3121181
3121805
3122696
3123239
3123315
3123474
3123691
3125492
3125541
3125839
3126000
3126344
3126485
3126628
3128088
3128906
3128974
3128993
3129340
3130903
3131162
3131488
3131994
3132116
3132132
3133822
3133845
3134063
3134112
3134135
3136041
3136113
3136821
3137130
3137227
3137530
3138833
3138838
3139442
3139868
3148366
3148746
3149119
3152801
3153263
3154389
3154410
3154507
3156351
3157222
3157453
3157459
3157572
3157922
3159629
3159809
3159917
3160348
3160646
3162072
3162208
3162364
3162575
3162852
3164866
3164878
3165335
3165382
3165893
3167444
3167585
3167613
3167921
3168846
3168984
3170173
3170241
3170426
3171347
3171451
3172881
3173255
3173517
3173730
3173775
3173913
3173981
3174232
3175706
3175794
3175928
3175951
3175954
3176162
3176407
3176538
3176632
3177047
3178431
3178888
3178993
3179346
3179688
3179973
3181959
3182076
3182351
3182413
3184029
3184415
3184422
3184820
3184896
3184994
3185429
3186854
3187883
3192729
3192861
3195123
3195128
3195670
3195868
3198596
3198686
3199301
3204210
3208580
3210702
3213679
3213709
3213996
3216117
3219134
3219463
3219519
3219918
3220142
3220793
3221298
3221407
3224291
3224528
3224534
3224974
3224978
3225233
3226327
3226343
3226820
3226836
3226961
3229438
3229606
3229636
3230967
3231240
3231274
3231392
3231624
3231976
3234593
3234681
3234932
3235556
3235686
3236234
3236269
3237183
3237326
3240087
3240162
3240635
3240649
3241639
3241741
3241837
3241858
3242023
3244488
3244652
3244689
3244719
3244883
3245033
3245330
3245612
3248075
3248084
3250391
3250600
3250849
3251039
3251390
3253138
3253771
3253811
3253852
3254109
3254165
3255591
3255820
3256391
3256408
3258279
3258465
3261091
3261100
3261770
3261936
3262034
3262116
3264322
3264644
3265250
3265629
3265710
3269863
3270034
3270083
3271027
3273517
3273552
3273674
3274675
3274745
3275572
3275917
3276150
3276195
3322971
3330579
3333619
3334663
3336338
3343142
3343235
3344085
3344613
3344767
3345197
3346541
3346999
3347286
3347444
3348096
3348185
3348562
3348914
3351911
3352517
3353264
3353816
3354772
3356888
3356939
3357740
3357959
3358671
3359180
3359389
3359722
3359763
3360314
3360677
3360920
3360970
3361282
3365168
3365337
3365950
3366129
3366795
3367002
3367219
3367973
3373703
3373776
3374517
3375075
3375366
3375530
3375562
3375860
3376223
3377780
3378202
3378259
3378857
3378887
3378898
3378900
3379110
3379610
3379707
3381026
3381662
3381664
3381697
3382101
3384087
3385085
3385449
3385472
3385687
3385816
3386131
3386389
3386750
3387258
3387362
3387418
3387431
3387594
3387790
3387970
3388618
3389349
3389785
3389890
3390352
3391002
3397494
3398011
3398086
3398168
3398930
3400568
3401688
