2979113
2979151
2979157
2979172
2979186
2979190
2979218
2979222
2979235
2979241
2979246
2979264
2979269
2979311
2979320
2979591
2979653
2979656
2979687
2979695
2979712
2979731
2979734
2979738
2979739
2979742
2979748
2979757
2979774
2979792
2979819
2979866
2979869
2979874
2979958
3034947
3034963
3034968
3034991
3035007
3035018
3035028
3035029
3035031
3035037
3035042
3035050
3035054
3035115
3035118
3035124
3035127
3035132
3035139
3035164
3035166
3035170
3035233
3035234
3035248
3035308
3035355
3035362
3035372
3035688
3035694
3035713
3035729
3035752
3035763
3035784
3035799
3035823
3035844
3035849
3035850
3035866
3035873
3035875
3035900
3035931
3035937
3035942
3035954
3035961
3035965
3035966
3035981
3035986
3035987
3035991
3036052
3036075
3036089
3036115
3036121
3036134
3036146
3036157
3036158
3036161
3036179
3036183
3036186
3036187
3036195
3036200
3036213
3036235
3036241
3036242
3036265
3036268
3036271
3036282
3036284
3036300
3036310
3036319
3036372
3036384
3036416
3036421
3036422
3036423
3036445
3036467
3036493
3036501
3036505
3037756
3037762
3037876
3037877
3037886
3037925
3037954
3037961
3038112
3038132
3038134
3038143
3038162
3038172
3038179
3038185
3038189
3038191
3038202
3038217
3038224
3038263
3038272
3038280
3038362
3038371
3038385
3038399
3038416
3038435
3038439
3038449
3038464
3038465
3038483
3038527
3038549
3038550
3038570
3038651
3038659
3038662
3038670
3038673
3038675
3038684
3038710
3038729
3038756
3038764
3038765
3038775
3038796
3038834
3038858
3038860
3038870
3038875
3038885
3038888
3038903
3038910
3038915
3038916
3038923
3038937
3038945
3038953
3038965
3038968
3038972
3038973
3038974
3038979
3038993
3038994
3039005
3039036
3039071
3039086
3039090
3039091
3039102
3039108
3039110
3039122
3039135
3039139
3039162
3039178
3039191
3039207
3039252
3040354
3040361
3040366
3040396
3040402
3040404
3040406
3040414
3040430
3040433
3040436
3040461
3040471
3040492
3040535
3040539
3040545
3040547
3040554
3040557
3040575
3040588
3040611
3040612
3040620
3040641
3040646
3040660
3040662
3040663
3040665
3040708
3040719
3040740
3040797
3040807
3040810
3040819
3040824
3040825
3040827
3040835
3040844
3040849
3040882
3040894
3040931
3040949
3040960
3040979
3040984
3040990
3040994
3041009
3041018
3041025
3041030
3041057
3041059
3041066
3041083
3041086
3041090
3041102
3041124
3041288
3041297
3041328
3041334
3041338
3041372
3041375
3041378
3041406
3041457
3041479
3041496
3041501
3041506
3041544
3041574
3041577
3041591
3041611
3041632
3041651
3041652
3041664
3041698
3041704
3041723
3041724
3041734
3041737
3041739
3041747
3041758
3041781
3041795
3041809
3041821
3041831
3041956
3041972
3041976
3041980
3041987
3041994
3043104
3043109
3043151
3043158
3043195
3043197
3043293
3043295
3043299
3043302
3043309
3043334
3043375
3043379
3043381
3043388
3043401
3043413
3043468
3043491
3043492
3043516
3043518
3043533
3043541
3043542
3043574
3043580
3043588
3043617
3043636
3043637
3043638
3043644
3043645
3043647
3043667
3043678
3043689
3043698
3043702
3043709
3043720
3043745
3043757
3043771
3043789
3043806
3043812
3043840
3043880
3043889
3043892
3043907
3043945
3043949
3043951
3043994
3044021
3044047
3044064
3044079
3044080
3044081
3044087
3044094
3044105
3044106
3044165
3044170
3044176
3044184
3044186
3044222
3044228
3044238
3044246
3044377
3044391
3044404
3044406
3044416
3044428
3044436
3044468
3044470
3044475
3044484
3044500
3044530
3044601
3044602
3044613
3044625
3044631
3044633
3044661
3045682
3045688
3045694
3045704
3045709
3045725
3045732
3045736
3045738
3045744
3045816
3045871
3045874
3045891
3045901
3045926
3045930
3045931
3045937
3045976
3045981
3046000
3046003
3046008
3046012
3046017
3046025
3046028
3046032
3046035
3046109
3046120
3046124
3046128
3046149
3046169
3046176
3046197
3046210
3046211
3046231
3046249
3046257
3046269
3046282
3046328
3046334
3046339
3046340
3046351
3046361
3046367
3046379
3046393
3046401
3046420
3046430
3046431
3046442
3046453
3046476
3046482
3046547
3046566
3046607
3046608
3046610
3046617
3046624
3046633
3046643
3046648
3046651
3046679
3046715
3046716
3046721
3046727
3046731
3046737
3046738
3046749
3046751
3046775
3046781
3046782
3046793
3046794
3046796
3046814
3046815
3046825
3046851
3046859
3046871
3046877
3046880
3046904
3046930
3046941
3046956
3046960
3047006
3047019
3047024
3047040
3047092
3047093
3047130
3047137
3047159
3047166
3047170
3047172
3047196
3047221
3047225
3047284
3047311
3047313
3047316
3047317
3047319
3047336
3047338
3047349
3047375
3047394
3047428
3047429
3048487
3048530
3048531
3048541
3048625
3048635
3048641
3048657
3048661
3048669
3048675
3048686
3048743
3048833
3048871
3048872
3048925
3048931
3048954
3048959
3048964
3048969
3048997
3049030
3049055
3049069
3049076
3049078
3049080
3049086
3049087
3049105
3049106
3049126
3049127
3049141
3049195
3049204
3049205
3049206
3049209
3049219
3049224
3049238
3049247
3049296
3049297
3049304
3049320
3049341
3049350
3049355
3049403
3049404
3049408
3049447
3049480
3049520
3049562
3049567
3049578
3049599
3049622
3049623
3049637
3049656
3049671
3049683
3049688
3049707
3049709
3049713
3049747
3049763
3049768
3049772
3049830
3049835
3049845
3049850
3049851
3049865
3049868
3049944
3049982
3049998
3051149
3051237
3051255
3051257
3051280
3051285
3051288
3051326
3051335
3051342
3051347
3051355
3051366
3051379
3051388
3051434
3051439
3051466
3051470
3051491
3051528
3051534
3051542
3051557
3051579
3051580
3051594
3051611
3051615
3051616
3051619
3051626
3051630
3051634
3051637
3051644
3051651
3051658
3051699
3051711
3051730
3051734
3051739
3051765
3051795
3051808
3051812
3051842
3051868
3051869
3051876
3051877
3051882
3051906
3051917
3051941
3051962
3051968
3051974
3051987
3051999
3052002
3052066
3052151
3052154
3052162
3052163
3052209
3052218
3052220
3052224
3052232
3052251
3052269
3052275
3052293
3052298
3052318
3052326
3052329
3052330
3052348
3052361
3052366
3052372
3052400
3052403
3052426
3052427
3052436
3052439
3052442
3052457
3052465
3052487
3052506
3052509
3052527
3052549
3052555
3052563
3052564
3052579
3052626
3052646
3052656
3052664
3052675
3052693
3052736
3052746
3052767
3052782
3052785
3052787
3052796
3052803
3052804
3052826
3052857
3052892
3052918
3052922
3052924
3052945
3052946
3052948
3052959
3052979
3052988
3052994
3052995
3052996
3052998
3053013
3053016
3053018
3053029
3053061
3053095
3053103
3053106
3053113
3053114
3053123
3053130
3053155
3053171
3053219
3053225
3053227
3053232
3053233
3053234
3053238
3053263
3053266
3053272
3053279
3053295
3053299
3053302
3053322
3053345
3053348
3054428
3054438
3054442
3054447
3054450
3054454
3054464
3054471
3054481
3054488
3054494
3054524
3054530
3054531
3054556
3054563
3054580
3054591
3054602
3054616
3054619
3054657
3054669
3054672
3054713
3054720
3054721
3054727
3054743
3054753
3054765
3054776
3054806
3054827
3054858
3054862
3054865
3054872
3054888
3054922
3055013
3055017
3055032
3055060
3055061
3055080
3055082
3055087
3055096
3055119
3055336
3055339
3055343
3055353
3055355
3055385
3055424
3055476
3055532
3055594
3055606
3055639
3055652
3055768
3055774
3055792
3055812
3055839
3055841
3055885
3055945
3055955
3055959
3055965
3056000
3056031
3056041
3056043
3056047
3056119
3056126
3056609
3056615
3056626
3056652
3056659
3056671
3056709
3056719
3056750
3056808
3056824
3056840
3056854
3056856
3056868
3056876
3056886
3056915
3056958
3056980
3056989
3057004
3057010
3057016
3057024
3057041
3057050
3057058
3057064
3057074
3057088
3057093
3057111
3057114
3057119
3057147
3057151
3057156
3057158
3057212
3057230
3057263
3057305
3057314
3057318
3057328
3057339
3057370
3057379
3057422
3057467
3057482
3057488
3057519
3057523
3057542
3057560
3057566
3057588
3057595
3057624
3057634
3057643
3057653
3057660
3057689
3058706
3058709
3058730
3058734
3058737
3058797
3058810
3058811
3058878
3058885
3059191
3059213
3059217
3059319
3059326
3059402
3059447
3059454
3059457
3059462
3059469
3059479
3059483
3059494
3059514
3059517
3059524
3059539
3059546
3059550
3059577
3059578
3059606
3059614
3059616
3059631
3059637
3059643
3059644
3059656
3059663
3059718
3059724
3059725
3059737
3059743
3059761
3059765
3059766
3059769
3059774
3059782
3059801
3059816
3059851
3059862
3059874
3059882
3059955
3059972
3059985
3059992
3060018
3060043
3060051
3060104
3060110
3060123
3060124
3060126
3060152
3060160
3060170
3060185
3060191
3060192
3060197
3060198
3060260
3060263
3060284
3060294
3060319
3060330
3060333
3060338
3060369
3060378
3060385
3060394
3061418
3061446
3061471
3061477
3061487
3061493
3061494
3061505
3061544
3061556
3061609
3061629
3061633
3061662
3061663
3061671
3061675
3061679
3061701
3061705
3061711
3061719
3061733
3061741
3061753
3061766
3061778
3061781
3061792
3061798
3061842
3061843
3061858
3061863
3061916
3061931
3061941
3061945
3061948
3061950
3061952
3061969
3061996
3062010
3062017
3062034
3062060
3062066
3062067
3062068
3062079
3062082
3062091
3062092
3062138
3062142
3062146
3062149
3062160
3062180
3062196
3062222
3062224
3062228
3062260
3062273
3062336
3062338
3062342
3062343
3062349
3062354
3062357
3062372
3062377
3062400
3062404
3062415
3062420
3062431
3062436
3062439
3062451
3062457
3062458
3062468
3062489
3062495
3062530
3062540
3062544
3062547
3062567
3062580
3062581
3062583
3062586
3062592
3062598
3062650
3062651
3062661
3062665
3062671
3062687
3062701
3062718
3062719
3062732
3062738
3062745
3062763
3062819
3062838
3062843
3062845
3062858
3062875
3062904
3062906
3062912
3062958
3062971
3062973
3062982
3062994
3063002
3063015
3063017
3063020
3063023
3063034
3063119
3063123
3063133
3063135
3063141
3063214
3064084
3064086
3064186
3064195
3064205
3064206
3064217
3064242
3064249
3064303
3064304
3064321
3064332
3064335
3064339
3064343
3064375
3064402
3064412
3064470
3064486
3064492
3064496
3064514
3064522
3064523
3064524
3064583
3064584
3064593
3064604
3064614
3064616
3064634
3064644
3064658
3064683
3064698
3064699
3064700
3064704
3064709
3064718
3064722
3064725
3064751
3064760
3064766
3064769
3064774
3064782
3064783
3064785
3064793
3064809
3064838
3064847
3064877
3064881
3064892
3064910
3064918
3064924
3064942
3064975
3064976
3064990
3064991
3064996
3064998
3065006
3065009
3065023
3065040
3065055
3065072
3065078
3065080
3065081
3065107
3065334
3065363
3065366
3065367
3065381
3065389
3065403
3065408
3065417
3065451
3065507
3065520
3065550
3065565
3065570
3065573
3065586
3065596
3065607
3065616
3065716
3066877
3066884
3066892
3066925
3066938
3066939
3066970
3066980
3067007
3067041
3067044
3067045
3067046
3067054
3067076
3067090
3067094
3067108
3067118
3067122
3067126
3067135
3067150
3067158
3067159
3067171
3067193
3067197
3067206
3067225
3067227
3067230
3067238
3067267
3067291
3067305
3067314
3067328
3067332
3067349
3067350
3067390
3067404
3067409
3067434
3067443
3067448
3067461
3067482
3067500
3067507
3067527
3067541
3067544
3067589
3067601
3067608
3067613
3067616
3067620
3067623
3067625
3067627
3067641
3067675
3067702
3067762
3067831
3067841
3067847
3067872
3067900
3067907
3067910
3067922
3067936
3067938
3067961
3067978
3068055
3068060
3068065
3068073
3068100
3068131
3068155
3068159
3068160
3068166
3068177
3068181
3068187
3068194
3068206
3068215
3068224
3068245
3068259
3068268
3068285
3068296
3068298
3068306
3068331
3068340
3068375
3068390
3068408
3068409
3068414
3068434
3068441
3068442
3068449
3068454
3068496
3068501
3068506
3069506
3069583
3069584
3069586
3069626
3069627
3069643
3069690
3069693
3069710
3069713
3069840
3069885
3069887
3069923
3069924
3069929
3069934
3069939
3069941
3069945
3069977
3069985
3070161
3070170
3070202
3070262
3070270
3070321
3070334
3070336
3070410
3070411
3070421
3070449
3070453
3070465
3070479
3070510
3070514
3070518
3070521
3070535
3070559
3070570
3070571
3070598
3070603
3070606
3070660
3070856
3070879
3070928
3070967
3071097
3071142
3071144
3071151
3071154
3071274
3072230
3072448
3072461
3072465
3072480
3072503
3072506
3072513
3072631
3072647
3072707
3072757
3072770
3072775
3072802
3072818
3072819
3072822
3072823
3072843
3072850
3072859
3072901
3072907
3072916
3072928
3072936
3072947
3072949
3072960
3072964
3072967
3072969
3073019
3073031
3073060
3073069
3073070
3073075
3073091
3073115
3073120
3073122
3073125
3073126
3073144
3073151
3073159
3073176
3073248
3073268
3073281
3073295
3073312
3073315
3073344
3073378
3073379
3073403
3073454
3073464
3073470
3073537
3073541
3073543
3073553
3073562
3073564
3073571
3073572
3073583
3073608
3073613
3073618
3073623
3073646
3073649
3073657
3073658
3073701
3073744
3073764
3073786
3073796
3073797
3073837
3073870
3073889
3073909
3073916
3073930
3073937
3073957
3074938
3074942
3074944
3074953
3074974
3075031
3075041
3075054
3075055
3075065
3075073
3075074
3075121
3075142
3075150
3075161
3075170
3075242
3075273
3075291
3075355
3075385
3075389
3075393
3075396
3075406
3075413
3075423
3075430
3075458
3075460
3075482
3075485
3075507
3075529
3075535
3075549
3075552
3075554
3075582
3075609
3075616
3075631
3075638
3075641
3075646
3075681
3075687
3075778
3075784
3075788
3075796
3075815
3075825
3075827
3075869
3075885
3075902
3075905
3075919
3075924
3075931
3075942
3075963
3075972
3075978
3075984
3076012
3076025
3076045
3076046
3076053
3076062
3076083
3076113
3076123
3076129
3076144
3076164
3076196
3076214
3076226
3076261
3076268
3076279
3076296
3076313
3076321
3076349
3076364
3076387
3076409
3076443
3076458
3076469
3076505
3076521
3077661
3077676
3077678
3077691
3077707
3077709
3077779
3077785
3077787
3077788
3077791
3077800
3077813
3077816
3077832
3077834
3077838
3077848
3077875
3077878
3077881
3077886
3077894
3077903
3077926
3077929
3077940
3077943
3077958
3077965
3077968
3077994
3077995
3077998
3078005
3078028
3078082
3078106
3078109
3078129
3078133
3078138
3078186
3078204
3078286
3078343
3078372
3078381
3078384
3078386
3078391
3078393
3078418
3078429
3078433
3078443
3078474
3078475
3078479
3078492
3078502
3078504
3078514
3078524
3078525
3078530
3078588
3078590
3078593
3078598
3078612
3078616
3078652
3078714
3078746
3078760
3078770
3078793
3078807
3078811
3078817
3078836
3078861
3078873
3078881
3078892
3078916
3078944
3078963
3078985
3078990
3079010
3079042
3079046
3079052
3079060
3079074
3079092
3079097
3079098
3079130
3079152
3079159
3079177
3079183
3079256
3079258
3079264
3079283
3079309
3079313
3079338
3079345
3079350
3080395
3080403
3080407
3080408
3080484
3080486
3080497
3080534
3080538
3080556
3080563
3080567
3080571
3080580
3080603
3080611
3080635
3080663
3080670
3080739
3080759
3080776
3080792
3080813
3080841
3080853
3080856
3080874
3080899
3080903
3080906
3080944
3080958
3080971
3080972
3080977
3081001
3081016
3081080
3081116
3081127
3081136
3081154
3081165
3081166
3081167
3081191
3081239
3081241
3081244
3081245
3081269
3081272
3081280
3081283
3081295
3081317
3081318
3081341
3081358
3081359
3081376
3081395
3081405
3081498
3081528
3081547
3081552
3081553
3081563
3081578
3081580
3081598
3081609
3081616
3081645
3081663
3081689
3081729
3081730
3081762
3081764
3081780
3081781
3081811
3081817
3081823
3081836
3081855
3081886
3081932
3081944
3081947
3081958
3082001
3082016
3082022
3082085
3082088
3082091
3082421
3082430
3082465
3082482
3083195
3083286
3083297
3083310
3083321
3083329
3083335
3083345
3083346
3083349
3083363
3083379
3083380
3083408
3083437
3083453
3083455
3083458
3083488
3083498
3083499
3083500
3083536
3083557
3083576
3083586
3083595
3083612
3083631
3083641
3083686
3083735
3083742
3083743
3083755
3083764
3083788
3083790
3083798
3083883
3083890
3083891
3083910
3083915
3083922
3083926
3083940
3083981
3084008
3084023
3084079
3084080
3084106
3084117
3084118
3084121
3084126
3084130
3084169
3084238
3084280
3084310
3084323
3084324
3084325
3084351
3084353
3084357
3084379
3084415
3084422
3084437
3084457
3084465
3084466
3084474
3084482
3084486
3084522
3084557
3084568
3084619
3084634
3084694
3084696
3084722
3084725
3084740
3084746
3084753
3084789
3084799
3084804
3084805
3085752
3085761
3085767
3085777
3085790
3085806
3085827
3085829
3085865
3085894
3085973
3085975
3085984
3086019
3086078
3086093
3086114
3086134
3086160
3086161
3086166
3086222
3086223
3086235
3086253
3086278
3086323
3086345
3086354
3086357
3086361
3086401
3086474
3086525
3086530
3086534
3086550
3086571
3086612
3086620
3086621
3086637
3086679
3086687
3086691
3086696
3086713
3086714
3086738
3086750
3086795
3086796
3086829
3086833
3086835
3086840
3086853
3086861
3086885
3086925
3086932
3086945
3086953
3086966
3087006
3087040
3087049
3087060
3087077
3087100
3087106
3087123
3087170
3087176
3087218
3087263
3087278
3087302
3087316
3087322
3087345
3087433
3088513
3088517
3088528
3088535
3088595
3088610
3088650
3088693
3088715
3088733
3088735
3088743
3088769
3088792
3088795
3088821
3088822
3088824
3088830
3088834
3088841
3088847
3088859
3088867
3088873
3088875
3088886
3088893
3088899
3088940
3088942
3088961
3088962
3088985
3089000
3089002
3089014
3089044
3089052
3089053
3089089
3089094
3089106
3089116
3089121
3089123
3089131
3089136
3089182
3089199
3089210
3089216
3089221
3089245
3089246
3089271
3089282
3089294
3089317
3089372
3089424
3089430
3089439
3089445
3089463
3089487
3089489
3089493
3089502
3089520
3089535
3089537
3089557
3089558
3089560
3089567
3089570
3089573
3089576
3089612
3089625
3089627
3089642
3089651
3089672
3089691
3089702
3089710
3089714
3089725
3089726
3089739
3089762
3089775
3089779
3089790
3089792
3089799
3089811
3089818
3089831
3089878
3089904
3089924
3089969
3090001
3090002
3090008
3090019
3090051
3090053
3090066
3090158
3090175
3090201
3090232
3091236
3091244
3091258
3091280
3091297
3091301
3091308
3091315
3091344
3091402
3091461
3091547
3091576
3091602
3091607
3091609
3091615
3091626
3091681
3091692
3091700
3091737
3091773
3091779
3091782
3091783
3091784
3091788
3091813
3091856
3091861
3091864
3091890
3091891
3091917
3091919
3091929
3091939
3091955
3091957
3091964
3091991
3092001
3092004
3092135
3092137
3092151
3092172
3092178
3092183
3092204
3092211
3092213
3092222
3092227
3092241
3092248
3092251
3092262
3092269
3092272
3092278
3092288
3092300
3092320
3092331
3092344
3092354
3092357
3092381
3092387
3092458
3092460
3092471
3092479
3092488
3092496
3092502
3092507
3092528
3092570
3092594
3092637
3092649
3092650
3092667
3092686
3092692
3092706
3092716
3092726
3092727
3092743
3092839
3092852
3092867
3093296
3093907
3093926
3093935
3093937
3093938
3093955
3094093
3094119
3094196
3094203
3094205
3094206
3094210
3094247
3094251
3094254
3094269
3094272
3094285
3094298
3094332
3094354
3094360
3094361
3094401
3094405
3094411
3094414
3094428
3094433
3094472
3094481
3094491
3094517
3094526
3094528
3094537
3094552
3094570
3094571
3094583
3094589
3094632
3094637
3094650
3094664
3094671
3094678
3094695
3094700
3094704
3094716
3094717
3094776
3094786
3094799
3094868
3094884
3094901
3094917
3094933
3094934
3094935
3094962
3094964
3095064
3095069
3095092
3095100
3095142
3095145
3095165
3095189
3095195
3095214
3095225
3095253
3095289
3095296
3095302
3095305
3095319
3095338
3095387
3095415
3095418
3095439
3095444
3095448
3095472
3095494
3095499
3095500
3095502
3095584
3096631
3096689
3096710
3096717
3096741
3096781
3096787
3096789
3096797
3096802
3096804
3096811
3096812
3096816
3096818
3096828
3096831
3096847
3096855
3096887
3096897
3096906
3096911
3096913
3096914
3096936
3096964
3096975
3096981
3096997
3097006
3097018
3097021
3097028
3097046
3097059
3097063
3097070
3097080
3097086
3097094
3097108
3097117
3097119
3097120
3097129
3097141
3097144
3097149
3097152
3097175
3097183
3097190
3097205
3097216
3097218
3097221
3097228
3097243
3097246
3097247
3097248
3097256
3097261
3097269
3097274
3097306
3097320
3097332
3097333
3097343
3097375
3097506
3097522
3097528
3097570
3097601
3097604
3097609
3097611
3097620
3097672
3097686
3097709
3097735
3097737
3097748
3097810
3097817
3097823
3097847
3097860
3097861
3097884
3097909
3097916
3097948
3098008
3098018
3098026
3098034
3098047
3098058
3098062
3098076
3098078
3098080
3098086
3098087
3098091
3098116
3098123
3098165
3098184
3098192
3098195
3098218
3098224
3098232
3098255
3098262
3098273
3098279
3098284
3098291
3098293
3098296
3098341
3098392
3098395
3098912
3099358
3099391
3099402
3099424
3099434
3099446
3099451
3099473
3099482
3099492
3099504
3099544
3099576
3099592
3099613
3099616
3099621
3099628
3099646
3099649
3099681
3099684
3099725
3099752
3099753
3099755
3099765
3099769
3099777
3099865
3099888
3099901
3099914
3099920
3099937
3099956
3099991
3099992
3100016
3100033
3100048
3100065
3100078
3100129
3100158
3100163
3100167
3100170
3100183
3100213
3100215
3100239
3100262
3100270
3100288
3100331
3100341
3100357
3100374
3100376
3100400
3100428
3100430
3100435
3100456
3100479
3100500
3100509
3100520
3100533
3100562
3100576
3100605
3100612
3100613
3100620
3100626
3100632
3100638
3100645
3100674
3100683
3100691
3100722
3100745
3100747
3100754
3100758
3100766
3100769
3100771
3100791
3100805
3100810
3100812
3100831
3100836
3100840
3100857
3100859
3100864
3100868
3100880
3100889
3100890
3100924
3100925
3101038
3101043
3101049
3101073
3102080
3102101
3102136
3102146
3102164
3102190
3102209
3102216
3102218
3102249
3102272
3102285
3102296
3102325
3102374
3102394
3102406
3102411
3102433
3102451
3102452
3102454
3102479
3102483
3102486
3102495
3102496
3102522
3102543
3102577
3102585
3102591
3102614
3102623
3102628
3102642
3102658
3102665
3102706
3102737
3102741
3102744
3102745
3102748
3102786
3102819
3102825
3102831
3102845
3102847
3102850
3102871
3102878
3102889
3102924
3102936
3102946
3102962
3102964
3102969
3102972
3103001
3103026
3103035
3103177
3103196
3103207
3103209
3103210
3103217
3103229
3103236
3103253
3103254
3103271
3103277
3103314
3103315
3103377
3103401
3103402
3103404
3103460
3103461
3103483
3103499
3103503
3103519
3103606
3103607
3103612
3103616
3103635
3103636
3103643
3103683
3103688
3103698
3103710
3104755
3104841
3104845
3104854
3104855
3104858
3104860
3104863
3104874
3104887
3104890
3104897
3104909
3104911
3104929
3104930
3104939
3104943
3104944
3104956
3104962
3104973
3104980
3104983
3105002
3105013
3105027
3105032
3105045
3105047
3105074
3105075
3105087
3105114
3105119
3105151
3105152
3105172
3105177
3105216
3105235
3105245
3105263
3105264
3105282
3105312
3105323
3105346
3105366
3105376
3105392
3105407
3105442
3105453
3105454
3105468
3105487
3105497
3105505
3105509
3105617
3105620
3105658
3105688
3105701
3105712
3105734
3105755
3105756
3105771
3105775
3105780
3105826
3105833
3105843
3105845
3105866
3105870
3105875
3105912
3105954
3105973
3106008
3106014
3106029
3106034
3106035
3106037
3106046
3106085
3106107
3106128
3106142
3106145
3106152
3106157
3106160
3106217
3106242
3106246
3106255
3106268
3106347
3106363
3106392
3107177
3107187
3107231
3107240
3107250
3107253
3107307
3107308
3107312
3107329
3107334
3107353
3107400
3107402
3107406
3107427
3107451
3107466
3107472
3107474
3107497
3107523
3107535
3107539
3107552
3107556
3107574
3107591
3107592
3107595
3107618
3107635
3107656
3107661
3107664
3107678
3107689
3107717
3107724
3107739
3107746
3107755
3107756
3107765
3107785
3107789
3107843
3107845
3107857
3107874
3107875
3107879
3107886
3107941
3107944
3107951
3107956
3107987
3108005
3108024
3108502
3108510
3108539
3108558
3108578
3108601
3108606
3108609
3108625
3108630
3108667
3108675
3108695
3108709
3108713
3108923
3108929
3108936
3108950
3108953
3108954
3108963
3108975
3108996
3109001
3109003
3109011
3109036
3109042
3109043
3109053
3109071
3109080
3109081
3109082
3109107
3109118
3109140
3109281
3109299
3109443
3109446
3109479
3110505
3110518
3110617
3110621
3110633
3110649
3110710
3110748
3110789
3110869
3110875
3110892
3110897
3110903
3110970
3110997
3110998
3111002
3111007
3111024
3111029
3111035
3111038
3111066
3111116
3111141
3111151
3111197
3111213
3111223
3111227
3111239
3111254
3111265
3111274
3111287
3111296
3111320
3111343
3111387
3111400
3111405
3111407
3111416
3111422
3111427
3111436
3111466
3111478
3111503
3111517
3111545
3111558
3111572
3111585
3111588
3111609
3111623
3111628
3111636
3111655
3111671
3111686
3111706
3111733
3111790
3111817
3111821
3111832
3111877
3111885
3111892
3111894
3111896
3111902
3111908
3111924
3111932
3111943
3111955
3111990
3112001
3112005
3112018
3112019
3112043
3112058
3112147
3112149
3112150
3112161
3113196
3113231
3113292
3113301
3113308
3113325
3113330
3113337
3113343
3113347
3113380
3113384
3113453
3113489
3113490
3113496
3113502
3113509
3113512
3113538
3113542
3113546
3113587
3113597
3113607
3113608
3113615
3113618
3113640
3113663
3113670
3113696
3113698
3113716
3113725
3113737
3113742
3113751
3113778
3113792
3113795
3113805
3113831
3113869
3113870
3113894
3113915
3113961
3113965
3113990
3114025
3114029
3114041
3114045
3114049
3114051
3114057
3114061
3114134
3114170
3114173
3114190
3114264
3114269
3114274
3114313
3114331
3114348
3114352
3114364
3114377
3114389
3114434
3114452
3114453
3114469
3114476
3114482
3114484
3114487
3114503
3114509
3114545
3114573
3114723
3114781
3115657
3115784
3115800
3115805
3115809
3115816
3115825
3115840
3115857
3115864
3115886
3115898
3115900
3115936
3115949
3116102
3116103
3116104
3116110
3116968
3116992
3117012
3117059
3117078
3117087
3117093
3117101
3117139
3117198
3117210
3117226
3117227
3117244
3117250
3117261
3117270
3117288
3117319
3117325
3117346
3117377
3117384
3117403
3117404
3117407
3117410
3117411
3117416
3117432
3117434
3117455
3117461
3117495
3117501
3117544
3117566
3117627
3117636
3117643
3117652
3117696
3117729
3117736
3117744
3117768
3117778
3117785
3117791
3117810
3117818
3117839
3117847
3117850
3117853
3117908
3117915
3117921
3117942
3117959
3117981
3118020
3118032
3118038
3118053
3118055
3118066
3118073
3118080
3118082
3118083
3118100
3118134
3118147
3118167
3118198
3118200
3118220
3118231
3118232
3118259
3118293
3118301
3118311
3118320
3118339
3118340
3118346
3118362
3118376
3118389
3118392
3118419
3118421
3118428
3118440
3118453
3118475
3118526
3118529
3118536
3118548
3118599
3118643
3119707
3119712
3119725
3119749
3119750
3119753
3119758
3119771
3119772
3119780
3119807
3119809
3119821
3119833
3119859
3119876
3119902
3119904
3119915
3119924
3119931
3119974
3119992
3119993
3119994
3120009
3120024
3120031
3120032
3120044
3120066
3120083
3120101
3120126
3120135
3120153
3120188
3120195
3120228
3120234
3120235
3120239
3120244
3120251
3120252
3120283
3120311
3120325
3120355
3120362
3120378
3120379
3120403
3120416
3120458
3120467
3120484
3120543
3120549
3120587
3120698
3120711
3120851
3120856
3120859
3120863
3120899
3120914
3120935
3120937
3120945
3120951
3120956
3120971
3120986
3120990
3120999
3121010
3121016
3121024
3121049
3121072
3121074
3121084
3121131
3121160
3121196
3121226
3121229
3121260
3121271
3121277
3121282
3121312
3121340
3121343
3121789
3121795
3121803
3121812
3121816
3122433
3122435
3122437
3122440
3122443
3122450
3122455
3122459
3122462
3122533
3122547
3122608
3122618
3122629
3122644
3122650
3122651
3122667
3122669
3122676
3122686
3122688
3122689
3122692
3122697
3122719
3122722
3122753
3122759
3122763
3122777
3122782
3122805
3122820
3122845
3122849
3122850
3122863
3122864
3122872
3122874
3122893
3122905
3122915
3122935
3122936
3122995
3122998
3123032
3123033
3123036
3123078
3123079
3123084
3123100
3123109
3123132
3123136
3123145
3123167
3123189
3123205
3123239
3123246
3123265
3123272
3123280
3123297
3123308
3123321
3123348
3123372
3123387
3123389
3123404
3123421
3123455
3123489
3123491
3123492
3123497
3123511
3123525
3123545
3123572
3123591
3123593
3123617
3123627
3123639
3123663
3123687
3123688
3123697
3123718
3123727
3123737
3123742
3123751
3123753
3123755
3123767
3123812
3123829
3123836
3123847
3123848
3123856
3123906
3123907
3123908
3123912
3123913
3123936
3123963
3123972
3123997
3124012
3124024
3124028
3124044
3124404
3125113
3125120
3125123
3125126
3125136
3125143
3125150
3125160
3125169
3125213
3125217
3125238
3125243
3125251
3125291
3125305
3125315
3125320
3125324
3125326
3125327
3125328
3125335
3125345
3125348
3125365
3125384
3125385
3125387
3125467
3125487
3125488
3125523
3125533
3125537
3125541
3125542
3125568
3125581
3125599
3125601
3125602
3125615
3125636
3125642
3125646
3125656
3125658
3125668
3125679
3125688
3125700
3125713
3125718
3125726
3125748
3125758
3125764
3125772
3125780
3125787
3125856
3125883
3125904
3125914
3125918
3125922
3125932
3125961
3125978
3125993
3125994
3126021
3126039
3126044
3126049
3126083
3126098
3126123
3126157
3126186
3126193
3126243
3126253
3126263
3126270
3126291
3126292
3126317
3126319
3126328
3126338
3126376
3126387
3126403
3126424
3126441
3126442
3126455
3126465
3126468
3126477
3126479
3126486
3126490
3126492
3126529
3126544
3126547
3126567
3126598
3126600
3126609
3126622
3126629
3126631
3126643
3126650
3126652
3126676
3126680
3126695
3126701
3126702
3126718
3126794
3126820
3126826
3126828
3127812
3127824
3127829
3127831
3127872
3127873
3127877
3127878
3127879
3127884
3127912
3127915
3127935
3127939
3127982
3127993
3128002
3128003
3128004
3128027
3128028
3128063
3128072
3128099
3128112
3128148
3128168
3128184
3128195
3128217
3128223
3128231
3128234
3128249
3128252
3128254
3128258
3128265
3128299
3128325
3128356
3128382
3128461
3128493
3128498
3128507
3128509
3128520
3128521
3128522
3128551
3128579
3128581
3128598
3128599
3128601
3128609
3128613
3128638
3128703
3128710
3128732
3128738
3128742
3128746
3128808
3128819
3128820
3128848
3128892
3128912
3128921
3128925
3128928
3128941
3128957
3128975
3129040
3129044
3129059
3129094
3129101
3129107
3129129
3129139
3129158
3129167
3129175
3129180
3129182
3129184
3129206
3129217
3129233
3129235
3129252
3129314
3129317
3129324
3129360
3130652
3130655
3130663
3130665
3130672
3130690
3130693
3130696
3130708
3130727
3130728
3130729
3130757
3130759
3130769
3130792
3130808
3130810
3130818
3130832
3130870
3130883
3130890
3130901
3130917
3130918
3130939
3130943
3130968
3131006
3131009
3131025
3131041
3131047
3131056
3131105
3131120
3131123
3131140
3131150
3131170
3131171
3131177
3131184
3131197
3131221
3131267
3131311
3131323
3131345
3131352
3131389
3131419
3131445
3131460
3131481
3131483
3131484
3131485
3131489
3131502
3131504
3131506
3131511
3131514
3131519
3131580
3131581
3131584
3131643
3131646
3131652
3131669
3131715
3131717
3131721
3131724
3131732
3131747
3131758
3131785
3131789
3131812
3131855
3131856
3131862
3131872
3131905
3131912
3131916
3131923
3131928
3131943
3131950
3131958
3131976
3131978
3132010
3132017
3132087
3132111
3132120
3132170
3132177
3132182
3132192
3132204
3132229
3132233
3133216
3133217
3133289
3133296
3133307
3133320
3133334
3133337
3133376
3133411
3133415
3133425
3133464
3133467
3133479
3133493
3133499
3133512
3133524
3133533
3133555
3133559
3133647
3133692
3133701
3133710
3133715
3133783
3133788
3133792
3133818
3133822
3133827
3133867
3133871
3133883
3133898
3133913
3133945
3133949
3133982
3134029
3134061
3134084
3134085
3134097
3134114
3134121
3134127
3134128
3134131
3134136
3134179
3134188
3134190
3134191
3134194
3134198
3134218
3134238
3134246
3134251
3134253
3134281
3134286
3134297
3134317
3134401
3134403
3134415
3134421
3134423
3134443
3134454
3134460
3134463
3134486
3134552
3134575
3134579
3134583
3134617
3134625
3134629
3134642
3134672
3134679
3134683
3134707
3134711
3134723
3134729
3134735
3134742
3134743
3134746
3134751
3134756
3134777
3134780
3134782
3134816
3134836
3134837
3134840
3134848
3134877
3134892
3134902
3134916
3134927
3134928
3134934
3134968
3135942
3135944
3135959
3135960
3135962
3135975
3135995
3136000
3136002
3136005
3136020
3136038
3136056
3136057
3136079
3136080
3136096
3136110
3136117
3136129
3136154
3136161
3136177
3136178
3136181
3136187
3136206
3136236
3136251
3136253
3136260
3136263
3136272
3136273
3136275
3136280
3136284
3136314
3136320
3136336
3136340
3136372
3136388
3136390
3136401
3136405
3136467
3136490
3136506
3136520
3136526
3136538
3136540
3136545
3136558
3136839
3136842
3136854
3136856
3136874
3136881
3136892
3136897
3136915
3136920
3136922
3136934
3136945
3136950
3136980
3136981
3136985
3137022
3137058
3137075
3137076
3137084
3137131
3137138
3137153
3137155
3137164
3137173
3137225
3137237
3137252
3137263
3137275
3137278
3137279
3137291
3137316
3137342
3137349
3137421
3137431
3137436
3137455
3137486
3137510
3137544
3137584
3137585
3137601
3137689
3137691
3138799
3138802
3138821
3138826
3138827
3138836
3138848
3138849
3138916
3138952
3138958
3138962
3138967
3138971
3138995
3139008
3139012
3139016
3139018
3139021
3139023
3139028
3139036
3139079
3139086
3139095
3139097
3139119
3139143
3139154
3139263
3139282
3139300
3139318
3139350
3139367
3139375
3139410
3139424
3139434
3139439
3139460
3139478
3139482
3139483
3139488
3139489
3139518
3139540
3139581
3139582
3139587
3139598
3139608
3139638
3139656
3139660
3139678
3139703
3139722
3139772
3139840
3139861
3139867
3139888
3139907
3139935
3139940
3139956
3139957
3139991
3140015
3140053
3140072
3140091
3140092
3140095
3140104
3140227
3140231
3140233
3140240
3140281
3140295
3140301
3140309
3140318
3140338
3140360
3140388
3142122
3142169
3142215
3142219
3142233
3142278
3142316
3142333
3142353
3142447
3142464
3142483
3142526
3142619
3142664
3142692
3142695
3142782
3142821
3142844
3142850
3142857
3142867
3142877
3142910
3142973
3142977
3143032
3143036
3143052
3143147
3143174
3143195
3143212
3143243
3143258
3143278
3143300
3143302
3143313
3143342
3143404
3143462
3143482
3143518
3143522
3143525
3143610
3143653
3143658
3143666
3143722
3143745
3143766
3143774
3143777
3143781
3143813
3143845
3143894
3143907
3143942
3143964
3143973
3144017
3144053
3144061
3144207
3144231
3144252
3144258
3144285
3144313
3144323
3144341
3144343
3144354
3144376
3144393
3144427
3144477
3144491
3144506
3144631
3144644
3144666
3144668
3144691
3144702
3144724
3144726
3144741
3144772
3144780
3144815
3144818
3144836
3144851
3144865
3144888
3144986
3145052
3145054
3145120
3145143
3145145
3145149
3145173
3147179
3147209
3147226
3147261
3147265
3147272
3147307
3147313
3147347
3147367
3147410
3147437
3147507
3147616
3147627
3147704
3147706
3147727
3147752
3147788
3147805
3147823
3147844
3147869
3147884
3147974
3147982
3148101
3148106
3148118
3148146
3148194
3148223
3148267
3148269
3148280
3148347
3148360
3148430
3148452
3148469
3148515
3148530
3148567
3148594
3148621
3148648
3148652
3148693
3148702
3148710
3148716
3148735
3148787
3148789
3148797
3148807
3148811
3148850
3148867
3148871
3148889
3148899
3148914
3148935
3148949
3149030
3149050
3149065
3149073
3149108
3149196
3149237
3149325
3149356
3149366
3149385
3149527
3149531
3149574
3149639
3149650
3149692
3149733
3149848
3149917
3149948
3149986
3150005
3150038
3150043
3150063
3150105
3150235
3150293
3150331
3150359
3152377
3152402
3152410
3152484
3152492
3152500
3152525
3152596
3152600
3152651
3152680
3152694
3152711
3152723
3152724
3152734
3152816
3152830
3152839
3152849
3152881
3152889
3152899
3152920
3152941
3153010
3153016
3153021
3153046
3153048
3153060
3153068
3153069
3153075
3153091
3153108
3153110
3153190
3153220
3153251
3153269
3153294
3153313
3153347
3153393
3153395
3153401
3153451
3153452
3153460
3153525
3153531
3153569
3153598
3153610
3153625
3153686
3153688
3153738
3153778
3153822
3153907
3153912
3153953
3153960
3153966
3153980
3153983
3153987
3154020
3154026
3154031
3154047
3154049
3154051
3154101
3154246
3154318
3154389
3154390
3154500
3154527
3154552
3154595
3154608
3154614
3154633
3154767
3154781
3154785
3154857
3154863
3154882
3154888
3154912
3154925
3154933
3154958
3154963
3155006
3155026
3155029
3155040
3155049
3155069
3155108
3155132
3155141
3155150
3155171
3155180
3155183
3155194
3155208
3155222
3155229
3155248
3156352
3156369
3156426
3156429
3156431
3156434
3156453
3156462
3156464
3156479
3156499
3156500
3156501
3156506
3156514
3156531
3156535
3156595
3156602
3156615
3156622
3156634
3156635
3156653
3156673
3156681
3156683
3156693
3156712
3156745
3156748
3156761
3156815
3156818
3156825
3156831
3156859
3156867
3156876
3156895
3156921
3156924
3156925
3156977
3157039
3157040
3157068
3157115
3157125
3157137
3157142
3157162
3157181
3157226
3157232
3157233
3157243
3157252
3157259
3157271
3157294
3157311
3157313
3157325
3157331
3157358
3157373
3157378
3157389
3157415
3157426
3157456
3157460
3157479
3157495
3157510
3157514
3157515
3157517
3157520
3157528
3157539
3157546
3157556
3157582
3157583
3157591
3157597
3157600
3157610
3157618
3157619
3157634
3157648
3157658
3157663
3157678
3157696
3157712
3157717
3157726
3157769
3157795
3157796
3157798
3157824
3157832
3157842
3157850
3157855
3157859
3157867
3157869
3157905
3157910
3157937
3157951
3157965
3159179
3159180
3159233
3159237
3159247
3159252
3159271
3159275
3159283
3159288
3159297
3159341
3159343
3159370
3159372
3159375
3159379
3159380
3159390
3159400
3159401
3159417
3159418
3159483
3159493
3159519
3159528
3159534
3159540
3159556
3159574
3159586
3159591
3159592
3159593
3159604
3159616
3159617
3159626
3159650
3159656
3159661
3159662
3159675
3159688
3159692
3159693
3159699
3159700
3159715
3159718
3159726
3159735
3159739
3159782
3159790
3159803
3159813
3159821
3159849
3159861
3159864
3159867
3159869
3159879
3159893
3159895
3159898
3159902
3159909
3159917
3159940
3159948
3159959
3159961
3159975
3159983
3159990
3160015
3160016
3160030
3160038
3160073
3160087
3160112
3160123
3160126
3160129
3160198
3160201
3160210
3160215
3160238
3160242
3160264
3160268
3160274
3160284
3160286
3160334
3160378
3160388
3160412
3160416
3160419
3160421
3160429
3160435
3160448
3160470
3160485
3160488
3160536
3160557
3160560
3160570
3160591
3160597
3160600
3160602
3160606
3160630
3160641
3160649
3160652
3160674
3160678
3160709
3160769
3160795
3160811
3161890
3161896
3161906
3161927
3161938
3161946
3161955
3161957
3161974
3161994
3162000
3162007
3162009
3162027
3162047
3162087
3162091
3162108
3162132
3162133
3162184
3162198
3162200
3162268
3162271
3162277
3162284
3162305
3162310
3162324
3162328
3162329
3162332
3162335
3162336
3162340
3162367
3162390
3162392
3162429
3162439
3162449
3162463
3162466
3162479
3162490
3162517
3162521
3162536
3162543
3162549
3162585
3162599
3162616
3162624
3162642
3162751
3162767
3162770
3162777
3162780
3162810
3162818
3162829
3162840
3162841
3162848
3162853
3162880
3162897
3162903
3162907
3162916
3162923
3162927
3162986
3162988
3162996
3163002
3163008
3163027
3163030
3163035
3163036
3163044
3163045
3163069
3163072
3163081
3163089
3163111
3163122
3163123
3163128
3163130
3163171
3163172
3163176
3163191
3163197
3163198
3163315
3163317
3163336
3163370
3163387
3163388
3163402
3163414
3163431
3164675
3164707
3164736
3164748
3164750
3164761
3164765
3164771
3164786
3164787
3164795
3164799
3164801
3164834
3164841
3164844
3164849
3164853
3164862
3164888
3164893
3164904
3164938
3164943
3164969
3164983
3164986
3165000
3165003
3165011
3165020
3165027
3165040
3165043
3165057
3165072
3165096
3165111
3165124
3165136
3165176
3165184
3165190
3165215
3165219
3165241
3165253
3165254
3165267
3165295
3165298
3165330
3165339
3165342
3165360
3165374
3165397
3165438
3165441
3165449
3165451
3165470
3165476
3165516
3165519
3165526
3165527
3165558
3165561
3165564
3165577
3165582
3165583
3165587
3165620
3165624
3165627
3165634
3165642
3165691
3165713
3165714
3165718
3165720
3165746
3165768
3165805
3165812
3165832
3165839
3165893
3165914
3165925
3165962
3165995
3166002
3166015
3166067
3166069
3166106
3166113
3166129
3166147
3166172
3166256
3167352
3167361
3167370
3167390
3167407
3167411
3167424
3167432
3167435
3167440
3167454
3167517
3167523
3167531
3167550
3167575
3167588
3167595
3167601
3167621
3167663
3167666
3167667
3167678
3167680
3167713
3167727
3167752
3167763
3167778
3167783
3167804
3167810
3167824
3167842
3167850
3167852
3167858
3167878
3167899
3167908
3167924
3167946
3167965
3167969
3167970
3167998
3168006
3168049
3168051
3168081
3168100
3168101
3168103
3168118
3168191
3168198
3168213
3168220
3168222
3168229
3168234
3168240
3168248
3168249
3168255
3168273
3168283
3168289
3168290
3168321
3168322
3168329
3168353
3168356
3168376
3168379
3168384
3168390
3168428
3168434
3168443
3168444
3168450
3168452
3168456
3168459
3168485
3168488
3168494
3168515
3168531
3168552
3168567
3168598
3168602
3168608
3168620
3168631
3168645
3168708
3168713
3168740
3168764
3168771
3168785
3168787
3168791
3168813
3168815
3168819
3168850
3168867
3168891
3168911
3168922
3168927
3168935
3170133
3170150
3170185
3170193
3170254
3170270
3170295
3170342
3170353
3170359
3170360
3170380
3170400
3170419
3170424
3170435
3170448
3170453
3170473
3170504
3170524
3170541
3170542
3170544
3170552
3170553
3170575
3170581
3170600
3170645
3170661
3170692
3170702
3170735
3170749
3170753
3170797
3170807
3170818
3170830
3170855
3170858
3170904
3170923
3170924
3170941
3170951
3170952
3170962
3170967
3171039
3171094
3171108
3171110
3171126
3171177
3171194
3171202
3171203
3171227
3171244
3171273
3171276
3171295
3171300
3171306
3171385
3171403
3171404
3171410
3171439
3171450
3171457
3171486
3171500
3171503
3171549
3171557
3171568
3171605
3171617
3171619
3171636
3171665
3171674
3171749
3171758
3172883
3172887
3172908
3172915
3172918
3172960
3172970
3172985
3172990
3172996
3173009
3173026
3173040
3173046
3173062
3173070
3173071
3173085
3173106
3173116
3173125
3173140
3173153
3173162
3173170
3173173
3173190
3173204
3173224
3173228
3173251
3173258
3173260
3173265
3173273
3173274
3173289
3173294
3173317
3173318
3173324
3173338
3173352
3173365
3173367
3173377
3173392
3173404
3173405
3173409
3173454
3173478
3173486
3173491
3173500
3173503
3173522
3173533
3173534
3173536
3173558
3173565
3173595
3173627
3173643
3173644
3173648
3173654
3173666
3173696
3173701
3173715
3173717
3173730
3173755
3173759
3173777
3173783
3173811
3173813
3173817
3173831
3173857
3173877
3173892
3173894
3173906
3173919
3173922
3173939
3173947
3173977
3174009
3174028
3174039
3174062
3174076
3174119
3174120
3174121
3174129
3174134
3174136
3174147
3174157
3174166
3174169
3174171
3174175
3174184
3174192
3174208
3174212
3174222
3174246
3174271
3174287
3174309
3174319
3174370
3174374
3174377
3174386
3174426
3174465
3174469
3174486
3175597
3175721
3175752
3175787
3175857
3175869
3175895
3175914
3175971
3175977
3175991
3176021
3176034
3176037
3176038
3176070
3176097
3176122
3176144
3176163
3176183
3176190
3176195
3176197
3176204
3176217
3176238
3176252
3176255
3176262
3176270
3176292
3176303
3176312
3176348
3176353
3176358
3176372
3176387
3176435
3176460
3176503
3176524
3176528
3176550
3176553
3176571
3176582
3176598
3176610
3176619
3176671
3176701
3176704
3176714
3176723
3176732
3176734
3176749
3176761
3176783
3176801
3176820
3176829
3176833
3176848
3176867
3176872
3176913
3176967
3176971
3176983
3176987
3176994
3176996
3177004
3177039
3177049
3177050
3177066
3177071
3177088
3177100
3177125
3177135
3177152
3177154
3177162
3178299
3178301
3178348
3178359
3178412
3178418
3178421
3178432
3178439
3178450
3178452
3178465
3178475
3178496
3178515
3178539
3178549
3178593
3178612
3178619
3178659
3178662
3178673
3178676
3178687
3178695
3178705
3178729
3178767
3178788
3178795
3178803
3178806
3178815
3178816
3178817
3178866
3178883
3178892
3178906
3178932
3178953
3178973
3178993
3178997
3179005
3179006
3179013
3179015
3179021
3179031
3179048
3179078
3179089
3179095
3179098
3179121
3179156
3179197
3179198
3179227
3179240
3179244
3179253
3179264
3179281
3179291
3179294
3179314
3179322
3179369
3179380
3179391
3179393
3179397
3179405
3179407
3179414
3179430
3179434
3179440
3179444
3179445
3179461
3179466
3179467
3179474
3179485
3179491
3179503
3179519
3179523
3179535
3179552
3179553
3179568
3179575
3179586
3179588
3179591
3179595
3179600
3179610
3179615
3179629
3179635
3179651
3179677
3179715
3179748
3179762
3179765
3179835
3179845
3179920
3179930
3179937
3179967
3179968
3179972
3179979
3179989
3181057
3181066
3181122
3181136
3181141
3181145
3181187
3181199
3181250
3181270
3181283
3181297
3181298
3181361
3181382
3181383
3181420
3181492
3181495
3181524
3181529
3181539
3181551
3181553
3181558
3181561
3181565
3181578
3181588
3181589
3181597
3181598
3181614
3181634
3181650
3181663
3181669
3181707
3181708
3181733
3181765
3181779
3181827
3181837
3181839
3181843
3181850
3181864
3181877
3181901
3181911
3181914
3181925
3181927
3181961
3181967
3182002
3182043
3182050
3182053
3182069
3182083
3182089
3182092
3182093
3182099
3182101
3182107
3182123
3182124
3182165
3182171
3182177
3182178
3182214
3182219
3182225
3182251
3182258
3182284
3182293
3182297
3182319
3182325
3182335
3182338
3182341
3182355
3182363
3182392
3182401
3182407
3182413
3182419
3182450
3182467
3182472
3182475
3182483
3182527
3182531
3182546
3182621
3182649
3182669
3183845
3183852
3183877
3183880
3183921
3183926
3183932
3183933
3183957
3183971
3183979
3183980
3183987
3184000
3184029
3184073
3184090
3184107
3184114
3184128
3184133
3184140
3184142
3184150
3184165
3184187
3184194
3184204
3184241
3184243
3184251
3184265
3184266
3184272
3184285
3184304
3184314
3184316
3184327
3184331
3184357
3184378
3184381
3184387
3184398
3184428
3184432
3184435
3184465
3184466
3184472
3184481
3184501
3184533
3184538
3184543
3184559
3184561
3184574
3184576
3184591
3184598
3184604
3184627
3184634
3184640
3184651
3184656
3184666
3184678
3184683
3184702
3184726
3184734
3184742
3184752
3184755
3184764
3184769
3184776
3184786
3184788
3184797
3184861
3184873
3184901
3184937
3184949
3184986
3185004
3185009
3185015
3185022
3185033
3185057
3185066
3185067
3185095
3185102
3185114
3185116
3185131
3185135
3185194
3185218
3185224
3185237
3185260
3185270
3185274
3185284
3185321
3185322
3185323
3185328
3185336
3185339
3185347
3186514
3186522
3186523
3186556
3186561
3186586
3186611
3186625
3186627
3186633
3186640
3186645
3186668
3186677
3186682
3186700
3186738
3186748
3186751
3186787
3186808
3186822
3186824
3186868
3186973
3186993
3187003
3187009
3187023
3187037
3187055
3187057
3187059
3187070
3187100
3187101
3187111
3187135
3187154
3187160
3187161
3187166
3187169
3187189
3187208
3187216
3187226
3187231
3187242
3187255
3187279
3187299
3187313
3187340
3187349
3187359
3187369
3187380
3187391
3187421
3187433
3187437
3187438
3187440
3187475
3187514
3187527
3187561
3187592
3187613
3187666
3187677
3187679
3187685
3187687
3187697
3187716
3187732
3187767
3187773
3187779
3187829
3187835
3187841
3187845
3187850
3187867
3187905
3187972
3187973
3187977
3187980
3187985
3188004
3188030
3188058
3188070
3188084
3190235
3190253
3190273
3190279
3190302
3190314
3190413
3190425
3190432
3190454
3190466
3190473
3190478
3190498
3190514
3190672
3190694
3190710
3190716
3190727
3190729
3190758
3190804
3190821
3190855
3192021
3192124
3192170
3192171
3192195
3192277
3192334
3192434
3192451
3192493
3192582
3192584
3192608
3192768
3192770
3192777
3192800
3192801
3192815
3192816
3192817
3192825
3192840
3192857
3192886
3192898
3192909
3192916
3192919
3192937
3192947
3192972
3193063
3193065
3193095
3193102
3193103
3193125
3193129
3193136
3193137
3193140
3193162
3193166
3193181
3193207
3193210
3193245
3193365
3193376
3193415
3193461
3193504
3193526
3193540
3193541
3193572
3193641
3193667
3194700
3194703
3194705
3194791
3194847
3194879
3194888
3194920
3194931
3194944
3194995
3195037
3195086
3195088
3195100
3195121
3195142
3195143
3195162
3195166
3195178
3195182
3195188
3195193
3195202
3195224
3195274
3195286
3195295
3195298
3195325
3195333
3195338
3195341
3195358
3195359
3195388
3195393
3195409
3195414
3195427
3195437
3195440
3195441
3195444
3195490
3195495
3195514
3195523
3195533
3195551
3195560
3195583
3195590
3195598
3195600
3195630
3195635
3195648
3195656
3195663
3195668
3195678
3195686
3195689
3195697
3195706
3195710
3195711
3195717
3195729
3195740
3195746
3195782
3195786
3195797
3195807
3195825
3195827
3195828
3195860
3195901
3195912
3195947
3195972
3195980
3196002
3196020
3196030
3196036
3196041
3196067
3196093
3196101
3196114
3196121
3196146
3196183
3196273
3196278
3196281
3196308
3196309
3196315
3196333
3197646
3197682
3197718
3197732
3197736
3197793
3197799
3197834
3197847
3197878
3197916
3197951
3197997
3198005
3198034
3198036
3198042
3198051
3198096
3198098
3198111
3198138
3198142
3198185
3198212
3198369
3198370
3198436
3198438
3198440
3198482
3198486
3198511
3198566
3198580
3198677
3198740
3198775
3198885
3198964
3198968
3198987
3198999
3199020
3199086
3199153
3199249
3199311
3199362
3199608
3199612
3199614
3199720
3199761
3199763
3199774
3199876
3199878
3199892
3199965
3200056
3200086
3200177
3200183
3200231
3200233
3200280
3200340
3200367
3200423
3200492
3200513
3200526
3200535
3200634
3200670
3200673
3200721
3200788
3200804
3200821
3200832
3200834
3203033
3203041
3203050
3203068
3203123
3203135
3203179
3203196
3203224
3203246
3203296
3203438
3203912
3203924
3203935
3203949
3203981
3204004
3204021
3204111
3204169
3204193
3204225
3204227
3204296
3204298
3204330
3204342
3204347
3204375
3204406
3208059
3208152
3208168
3208171
3208285
3208326
3208328
3208334
3208339
3208341
3208424
3208467
3208474
3208484
3208499
3208524
3208552
3208588
3208902
3208907
3209122
3209129
3209145
3209147
3209149
3209278
3209347
3209462
3209773
3209783
3209802
3209826
3209829
3209831
3210495
3210497
3210505
3210631
3210702
3210777
3213328
3213334
3213604
3213642
3213700
3213704
3213770
3213775
3213779
3213799
3213801
3213879
3213906
3213922
3213967
3213986
3214023
3214033
3214077
3214091
3214124
3214198
3214247
3214252
3214254
3214291
3214307
3214355
3214441
3214546
3214567
3214599
3214618
3214637
3214639
3214669
3214690
3214706
3214710
3214723
3214731
3214788
3214800
3214813
3214833
3214850
3214896
3214900
3214978
3215009
3215068
3215076
3215089
3215105
3215133
3215134
3215170
3215178
3215193
3215197
3215230
3215236
3215290
3215311
3215340
3215373
3215381
3215420
3215430
3215443
3215463
3215465
3215488
3215507
3215511
3215582
3215627
3215633
3215646
3215650
3215668
3215670
3215695
3215749
3215779
3215808
3215822
3215839
3215853
3215868
3215966
3215984
3215992
3216012
3216018
3216039
3216041
3216049
3216052
3216061
3216095
3216101
3216107
3216131
3216135
3216171
3216187
3216298
3216308
3216342
3216344
3216401
3216414
3216445
3216451
3216503
3216518
3216519
3216557
3216559
3216569
3218692
3218943
3218993
3219004
3219057
3219080
3219130
3219174
3219220
3219224
3219232
3219270
3219312
3219320
3219326
3219442
3219500
3219517
3219525
3219562
3219569
3219589
3219594
3219598
3219621
3219682
3219702
3219727
3219740
3219778
3219786
3219809
3219811
3219822
3219951
3219992
3220042
3220070
3220142
3220179
3220181
3220248
3220266
3220270
3220337
3220444
3220460
3220461
3220465
3220467
3220511
3220551
3220570
3220601
3220605
3220639
3220659
3220806
3220900
3220911
3220948
3220959
3221030
3221034
3221046
3221047
3221057
3221067
3221076
3221084
3221094
3221103
3221136
3221182
3221190
3221236
3221254
3221320
3221347
3221370
3221372
3221382
3221393
3221417
3221436
3221465
3221485
3221512
3221545
3221588
3221601
3221640
3221655
3221661
3221696
3221712
3221753
3223817
3223863
3223914
3223922
3224029
3224044
3224056
3224088
3224165
3224179
3224302
3224354
3224522
3224732
3224747
3224757
3224783
3224823
3224837
3224850
3224874
3224875
3224906
3224960
3224964
3225025
3225027
3225031
3225149
3225161
3225163
3225167
3225175
3225176
3225223
3225231
3225256
3225262
3225297
3225325
3225359
3225392
3225400
3225422
3225433
3225461
3225508
3225523
3225551
3225605
3225648
3225658
3225660
3225679
3225706
3225710
3225712
3225718
3225767
3225773
3225815
3225827
3225869
3225889
3225922
3225932
3225979
3225988
3226046
3226081
3226096
3226114
3226194
3226208
3226233
3226237
3226274
3226304
3226308
3226312
3226320
3226324
3226382
3226385
3226391
3226395
3226399
3226416
3226470
3226485
3226505
3226541
3226551
3226565
3226595
3226597
3226633
3226647
3226687
3226720
3226728
3226756
3226776
3226790
3226865
3226877
3226963
3226988
3227040
3227055
3227083
3227170
3229086
3229105
3229119
3229144
3229153
3229267
3229269
3229290
3229320
3229338
3229419
3229427
3229457
3229472
3229495
3229517
3229537
3229560
3229606
3229640
3229648
3229659
3229672
3229689
3229697
3229719
3229769
3229777
3229801
3229809
3229819
3229834
3229852
3229854
3229881
3229903
3229926
3229934
3230059
3230092
3230186
3230211
3230229
3230245
3230260
3230389
3230418
3230446
3230492
3230504
3230580
3230582
3230646
3230697
3230721
3230738
3230742
3230779
3230806
3230853
3230870
3230874
3230936
3230967
3230983
3231008
3231113
3231173
3231230
3231331
3231371
3231386
3231435
3231454
3231470
3231481
3231529
3231535
3231564
3231688
3231719
3231723
3231740
3231798
3231800
3231818
3231823
3231827
3231860
3231867
3231884
3231886
3231902
3231926
3231931
3231937
3231946
3231949
3231990
3232022
3232062
3232104
3232125
3232128
3232152
3232204
3234175
3234307
3234326
3234336
3234340
3234359
3234392
3234400
3234502
3234540
3234553
3234580
3234586
3234591
3234597
3234603
3234666
3234685
3234719
3234769
3234775
3234849
3234855
3234913
3234938
3234940
3234950
3234952
3235002
3235004
3235026
3235051
3235054
3235060
3235066
3235083
3235158
3235172
3235210
3235214
3235218
3235235
3235245
3235248
3235260
3235268
3235324
3235337
3235339
3235370
3235410
3235487
3235506
3235554
3235604
3235645
3235655
3235674
3235726
3235727
3235733
3235740
3235754
3235770
3235773
3235788
3235809
3235821
3235835
3235841
3235863
3235872
3235960
3235999
3236023
3236046
3236144
3236150
3236166
3236173
3236185
3236203
3236265
3236280
3236286
3236317
3236338
3236372
3236436
3236453
3236478
3236537
3236580
3236586
3236630
3236638
3236688
3236699
3236725
3236748
3236797
3236816
3236826
3236876
3236911
3236947
3236961
3236970
3236999
3237087
3237139
3237176
3237297
3237299
3237305
3237313
3237369
3239379
3239422
3239447
3239455
3239457
3239480
3239488
3239523
3239572
3239587
3239630
3239647
3239680
3239686
3239758
3239769
3239771
3239916
3239927
3239957
3239960
3240029
3240051
3240081
3240099
3240119
3240121
3240127
3240131
3240185
3240214
3240259
3240267
3240296
3240299
3240326
3240336
3240371
3240395
3240420
3240436
3240438
3240500
3240551
3240557
3240612
3240664
3240670
3240682
3240688
3240694
3240696
3240719
3240721
3240732
3240754
3240760
3240803
3240807
3240811
3240982
3241041
3241043
3241049
3241112
3241121
3241159
3241178
3241213
3241223
3241248
3241277
3241293
3241316
3241325
3241518
3241524
3241553
3241649
3241691
3241708
3241710
3241731
3241737
3241829
3241837
3241882
3241927
3241932
3241964
3241976
3241996
3242009
3242086
3242111
3242115
3242208
3242212
3242257
3242263
3242387
3244437
3244447
3244470
3244476
3244477
3244495
3244513
3244515
3244533
3244542
3244549
3244557
3244596
3244631
3244633
3244640
3244661
3244666
3244673
3244675
3244680
3244694
3244696
3244712
3244739
3244747
3244749
3244762
3244792
3244794
3244824
3244833
3244845
3244863
3244870
3244884
3244886
3244891
3244895
3244904
3244924
3244927
3244949
3244972
3245020
3245039
3245049
3245074
3245077
3245091
3245092
3245099
3245111
3245199
3245218
3245223
3245281
3245323
3245337
3245341
3245423
3245445
3245453
3245471
3245492
3245533
3245562
3245571
3245573
3245580
3245595
3245623
3245624
3245669
3245683
3245742
3245765
3245767
3245768
3245790
3245798
3245817
3245822
3245823
3245849
3245887
3245916
3245924
3245931
3245945
3245961
3245962
3245964
3245992
3245997
3246011
3246013
3246032
3246061
3246072
3246087
3247208
3247216
3247244
3247342
3247388
3247403
3247420
3247507
3247558
3247572
3247580
3247588
3247611
3247614
3247620
3247639
3247649
3247690
3247695
3247697
3247722
3247733
3247740
3247753
3247757
3247788
3247794
3247808
3247814
3247815
3247818
3247822
3247826
3247834
3247837
3247839
3247850
3247864
3247882
3247939
3247947
3247968
3247978
3247994
3248005
3248019
3248031
3248035
3248043
3248076
3248080
3248097
3248101
3248103
3248127
3248135
3248136
3248141
3248164
3248167
3248184
3248187
3248194
3248202
3248226
3248230
3248251
3248255
3248278
3248292
3248313
3248327
3248334
3248361
3248366
3248409
3248425
3248428
3248439
3248464
3248472
3248504
3248514
3248520
3248535
3248550
3248551
3248579
3248580
3248581
3248602
3248622
3248648
3248674
3248675
3248681
3248691
3248694
3248697
3248716
3248725
3248734
3248757
3248758
3248759
3248769
3249143
3249920
3249942
3249953
3249963
3249964
3249975
3249980
3249993
3249996
3250005
3250015
3250025
3250027
3250035
3250053
3250063
3250065
3250070
3250084
3250090
3250095
3250097
3250129
3250144
3250161
3250168
3250171
3250205
3250206
3250207
3250208
3250281
3250282
3250317
3250325
3250327
3250329
3250335
3250348
3250350
3250354
3250383
3250456
3250459
3250464
3250471
3250474
3250476
3250525
3250569
3250580
3250595
3250598
3250603
3250615
3250617
3250628
3250641
3250660
3250661
3250675
3250693
3250731
3250756
3250757
3250760
3250770
3250775
3250791
3250796
3250800
3250807
3250820
3250834
3250848
3250854
3250863
3250910
3250917
3250940
3250974
3250980
3250981
3250988
3251014
3251038
3251052
3251073
3251088
3251094
3251097
3251115
3251124
3251142
3251153
3251175
3251177
3251178
3251201
3251211
3251219
3251225
3251238
3251241
3251258
3251280
3251288
3251306
3251320
3251325
3251326
3251329
3251334
3251339
3251349
3251376
3251383
3251396
3251405
3251407
3251462
3251482
3251488
3251494
3251500
3251522
3251533
3251536
3251538
3252680
3252698
3252704
3252729
3252834
3252985
3253034
3253054
3253130
3253139
3253141
3253161
3253228
3253358
3253378
3253381
3253428
3253440
3253464
3253515
3253526
3253538
3253551
3253628
3253679
3253704
3253724
3253727
3253734
3253740
3253749
3253762
3253771
3253775
3253818
3253819
3253825
3253874
3253893
3253926
3253927
3253942
3253945
3253951
3253960
3253977
3253992
3253997
3254030
3254051
3254072
3254117
3254129
3254141
3254142
3254166
3254183
3254196
3254242
3254257
3254259
3255372
3255376
3255390
3255393
3255441
3255457
3255468
3255469
3255472
3255523
3255534
3255546
3255568
3255595
3255597
3255601
3255630
3255646
3255663
3255673
3255683
3255692
3255704
3255706
3255721
3255736
3255740
3255758
3255762
3255764
3255814
3255824
3255826
3255837
3255881
3255890
3255893
3255911
3255913
3255921
3255940
3255943
3255944
3255948
3255953
3255956
3255962
3255970
3255984
3255989
3256020
3256025
3256040
3256056
3256070
3256095
3256133
3256138
3256146
3256148
3256178
3256225
3256229
3256275
3256289
3256297
3256299
3256323
3256354
3256362
3256381
3256397
3256436
3256441
3256446
3256462
3256475
3256492
3256502
3256540
3256555
3256585
3256592
3256601
3256603
3256615
3256643
3256653
3256664
3256671
3256681
3256686
3256689
3256692
3256708
3256718
3256774
3256849
3256869
3256873
3256880
3256910
3256930
3258021
3258078
3258104
3258120
3258128
3258139
3258229
3258248
3258263
3258266
3258271
3258276
3258309
3258364
3258365
3258373
3258385
3258438
3258464
3258488
3258497
3258498
3258507
3258533
3258534
3258546
3258551
3258570
3258571
3258573
3258578
3258598
3258608
3258632
3258643
3258680
3258685
3258686
3258763
3258764
3258767
3258816
3258824
3259109
3259111
3259113
3259134
3259139
3259170
3259190
3259206
3259234
3259238
3259246
3259305
3259322
3259351
3259357
3259360
3259365
3259385
3259416
3259423
3259448
3259470
3259473
3259501
3259511
3259515
3259536
3259537
3259539
3259566
3259567
3259568
3259579
3259589
3259613
3259619
3259640
3259643
3259645
3259646
3259670
3259688
3259811
3259813
3260895
3260972
3260995
3261002
3261007
3261009
3261039
3261058
3261066
3261067
3261077
3261531
3261535
3261538
3261546
3261556
3261558
3261573
3261577
3261600
3261612
3261641
3261650
3261659
3261669
3261677
3261689
3261694
3261700
3261738
3261750
3261763
3261768
3261773
3261775
3261778
3261782
3261786
3261790
3261832
3261833
3261844
3261847
3261880
3261886
3261895
3261937
3261945
3261950
3261958
3261970
3261974
3261981
3261983
3261987
3261998
3262014
3262020
3262023
3262026
3262066
3262080
3262086
3262087
3262110
3262111
3262116
3262128
3262154
3262157
3262168
3262188
3262197
3262203
3262205
3262226
3262236
3262308
3262372
3262380
3262381
3262400
3262479
3262488
3262491
3263663
3263666
3263680
3263683
3263721
3263731
3263762
3263766
3263769
3263778
3263790
3263821
3263822
3263827
3263841
3263847
3263850
3263852
3263861
3263862
3263905
3263914
3263916
3263940
3263955
3263959
3263988
3263989
3263992
3264002
3264007
3264010
3264038
3264059
3264065
3264068
3264096
3264123
3264138
3264141
3264144
3264173
3264174
3264216
3264265
3264282
3264289
3264290
3264308
3264311
3264315
3264326
3264327
3264343
3264345
3264356
3264364
3264369
3264384
3264387
3264390
3264398
3264409
3264422
3264525
3264583
3264589
3264601
3264658
3264669
3264679
3264711
3264744
3264769
3264806
3264845
3264849
3264877
3264898
3264900
3264932
3264951
3264993
3264995
3265007
3265038
3265073
3265118
3265122
3265163
3265178
3265211
3265262
3265295
3265316
3265322
3265349
3265368
3265406
3265418
3265518
3265546
3265556
3265585
3265617
3265625
3265637
3265706
3265724
3265726
3265736
3265792
3265948
3265970
3268036
3268051
3268073
3268088
3268119
3268136
3268186
3268192
3268242
3268321
3268361
3268387
3268431
3268443
3268464
3268524
3268528
3268535
3268572
3268666
3268675
3268714
3268776
3268964
3268979
3268996
3269086
3269088
3269119
3269171
3269173
3269299
3269307
3269312
3269324
3269335
3269337
3269388
3269411
3269425
3269427
3269434
3269440
3269489
3269497
3269522
3269578
3269605
3269681
3269704
3269718
3269739
3269745
3269753
3269771
3269814
3269816
3269862
3269878
3269910
3269984
3270046
3270083
3270129
3270134
3270140
3270158
3270235
3270298
3270346
3270351
3270361
3270449
3270537
3270571
3270573
3270670
3270761
3270773
3270782
3270835
3270981
3270987
3271056
3271063
3271084
3271218
3273333
3273364
3273368
3273488
3273511
3273550
3273591
3273627
3273684
3273691
3273699
3273814
3273818
3273851
3273861
3273880
3273907
3273950
3273957
3273973
3274001
3274015
3274017
3274027
3274040
3274044
3274060
3274067
3274071
3274083
3274103
3274143
3274159
3274239
3274258
3274281
3274338
3274367
3274393
3274433
3274435
3274493
3274535
3274556
3274578
3274594
3274596
3274598
3274627
3274633
3274645
3274686
3274690
3274714
3274720
3274794
3274805
3274823
3274835
3274843
3274847
3274849
3274885
3274901
3275022
3275044
3275101
3275102
3275130
3275145
3275167
3275203
3275217
3275241
3275258
3275262
3275367
3275391
3275420
3275473
3275483
3275503
3275595
3275597
3275609
3275653
3275663
3275677
3275687
3275740
3275744
3275767
3275774
3275791
3275863
3275867
3275952
3276013
3276015
3276017
3276062
3276105
3276472
3276522
3278749
3322362
3322377
3322387
3322442
3322446
3322476
3322481
3322490
3323004
3323412
3323887
3323930
3324099
3324104
3324142
3324147
3330594
3331175
3331274
3331289
3331466
3331582
3331603
3331764
3331799
3332303
3332313
3332428
3332439
3334527
3334539
3334575
3334717
3334721
3334722
3334734
3334738
3334874
3334878
3335486
3336184
3336212
3336615
3336627
3340342
3341606
3341671
3341677
3341683
3341696
3341708
3341811
3341886
3341932
3341972
3341987
3341988
3342000
3342021
3342030
3342057
3342062
3342095
3342118
3342133
3342162
3342166
3342179
3342242
3342284
3342287
3342301
3342323
3342342
3342349
3342359
3342362
3342381
3342408
3342435
3342443
3342471
3342507
3342570
3342601
3342609
3342625
3342635
3342643
3342660
3342686
3342698
3342699
3342727
3342749
3342790
3342805
3342837
3342851
3342864
3342902
3342904
3342919
3342931
3342940
3342948
3342969
3342997
3343002
3343046
3343048
3343051
3343066
3343089
3343096
3343113
3343116
3343124
3343167
3343169
3343176
3343187
3343191
3343206
3343216
3343222
3343273
3343295
3343297
3343306
3343345
3343378
3343429
3343441
3343444
3343448
3343453
3343457
3343513
3343525
3343539
3343550
3343587
3343597
3343623
3343624
3343626
3343659
3343671
3343684
3343687
3343690
3343712
3343721
3343756
3343765
3343794
3343828
3343831
3343866
3343895
3343898
3343900
3343902
3343913
3343928
3343940
3343956
3343957
3343990
3343991
3343996
3344011
3344018
3344034
3344042
3344066
3344129
3344131
3344183
3344194
3344206
3344217
3344228
3344250
3344254
3344268
3344272
3344312
3344313
3344341
3344350
3344423
3344432
3344446
3344448
3344485
3344505
3344516
3344517
3344549
3344566
3344568
3344584
3344587
3344607
3344610
3344646
3344667
3344693
3344747
3344758
3344768
3344780
3344792
3344800
3344830
3344843
3344844
3344847
3344850
3344889
3344894
3344917
3344921
3344931
3344935
3344970
3344973
3345005
3345024
3345049
3345069
3345074
3345081
3345090
3345093
3345097
3345127
3345137
3345153
3345161
3345162
3345170
3345178
3345182
3345201
3345206
3345218
3345222
3345244
3345257
3345259
3345270
3345286
3345309
3345312
3345354
3345401
3345425
3345437
3345440
3345448
3345449
3345455
3345478
3345485
3345516
3345538
3345545
3345549
3345561
3345603
3345604
3345614
3345637
3345647
3345652
3345653
3345671
3345678
3345682
3345689
3345706
3345743
3345746
3345756
3345757
3345780
3345794
3345802
3345808
3345817
3345830
3345833
3345847
3345890
3345906
3345911
3345940
3345942
3345952
3345972
3345995
3345997
3346002
3346009
3346016
3346023
3346028
3346036
3346037
3346040
3346047
3346052
3346053
3346059
3346068
3346087
3346102
3346115
3346122
3346129
3346135
3346140
3346176
3346197
3346223
3346277
3346292
3346297
3346313
3346320
3346327
3346347
3346349
3346367
3346368
3346372
3346382
3346390
3346421
3346427
3346428
3346474
3346519
3346536
3346537
3346541
3346542
3346562
3346567
3346587
3346598
3346599
3346656
3346671
3346686
3346693
3346703
3346725
3346728
3346814
3346815
3346823
3346825
3346846
3346853
3346879
3346883
3346889
3346892
3346895
3346920
3346929
3346940
3346950
3346968
3346970
3347000
3347003
3347020
3347040
3347048
3347049
3347067
3347069
3347079
3347081
3347106
3347113
3347127
3347150
3347163
3347191
3347199
3347208
3347209
3347284
3347290
3347312
3347313
3347341
3347350
3347376
3347378
3347390
3347408
3347436
3347446
3347498
3347503
3347513
3347544
3347566
3347595
3347606
3347613
3347637
3347641
3347649
3347652
3347678
3347684
3347685
3347687
3347690
3347698
3347746
3347759
3347782
3347784
3347786
3347799
3347830
3347862
3347908
3347940
3347975
3347982
3348007
3348120
3348144
3348153
3348158
3348162
3348172
3348194
3348196
3348208
3348218
3348251
3348274
3348296
3348615
3348619
3348675
3348679
3348967
3349025
3351810
3351828
3351833
3351876
3351890
3351894
3351911
3351919
3351929
3351964
3351976
3351986
3352028
3352030
3352077
3352096
3352111
3352114
3352121
3352133
3352142
3352166
3352181
3352263
3352280
3352299
3352304
3352308
3352312
3352317
3352342
3352348
3352350
3352351
3352365
3352373
3352391
3352464
3352513
3352551
3352561
3352575
3352589
3352596
3352619
3352628
3352631
3352638
3352659
3352670
3352682
3352704
3352719
3352722
3352753
3352760
3352763
3352776
3352839
3352840
3352843
3352860
3352877
3352886
3352893
3352895
3352933
3352939
3352946
3352948
3352968
3352994
3352998
3353002
3353011
3353016
3353026
3353046
3353049
3353068
3353071
3353083
3353097
3353120
3353128
3353148
3353159
3353165
3353166
3353183
3353193
3353199
3353205
3353216
3353220
3353226
3353234
3353242
3353248
3353249
3353262
3353284
3353289
3353319
3353320
3353362
3353365
3353368
3353371
3353374
3353378
3353422
3353446
3353483
3353498
3353523
3353524
3353532
3353562
3353577
3353581
3353603
3353615
3353636
3353649
3353658
3353671
3353674
3353680
3353687
3353710
3353712
3353737
3353772
3353804
3353815
3353827
3353848
3353849
3353857
3353869
3353902
3353930
3353934
3353945
3353958
3353963
3353969
3353970
3353976
3353977
3354001
3354037
3354059
3354080
3354107
3354120
3354136
3354149
3354157
3354163
3354189
3354201
3354217
3354256
3354259
3354270
3354278
3354304
3354333
3354363
3354384
3354426
3354429
3354452
3354454
3354470
3354474
3354493
3354501
3354502
3354510
3354521
3354524
3354538
3354566
3354584
3354609
3354622
3354675
3354676
3354696
3354699
3354705
3354716
3354721
3354725
3354751
3354762
3354801
3354809
3354858
3354861
3354880
3354889
3354891
3354892
3354915
3354916
3354942
3354969
3354981
3354994
3355000
3355002
3355052
3355136
3355138
3355148
3355193
3355269
3355283
3356428
3356448
3356509
3356555
3356564
3356568
3356615
3356654
3356662
3356682
3356741
3356843
3356873
3356881
3357223
3357512
3357520
3357556
3357575
3357666
3357713
3357721
3357799
3357835
3357839
3357987
3358124
3358481
3358513
3358525
3358599
3358640
3358671
3358675
3358680
3358731
3358735
3358794
3358804
3358816
3358833
3358895
3358910
3358913
3358950
3358958
3358961
3359001
3359005
3359028
3359068
3359071
3359077
3359093
3359111
3359112
3359124
3359130
3359133
3359171
3359203
3359230
3359245
3359267
3359272
3359297
3359302
3359304
3359316
3359324
3359374
3359405
3359412
3359413
3359428
3359431
3359467
3359474
3359477
3359491
3359498
3359524
3359527
3359561
3359569
3359590
3359591
3359601
3359618
3359635
3359651
3359655
3359662
3359676
3359690
3359708
3359733
3359745
3359756
3359763
3359765
3359817
3359843
3359849
3359852
3359939
3359949
3359957
3360017
3360027
3360093
3360113
3360123
3360128
3360157
3360172
3360178
3360194
3360209
3360247
3360260
3360265
3360284
3360310
3360349
3360376
3360386
3360395
3360440
3360446
3360455
3360465
3360479
3360507
3360516
3360522
3360550
3360565
3360572
3360597
3360605
3360627
3360635
3360645
3360683
3360755
3360764
3360804
3360828
3360882
3360888
3360890
3360899
3360917
3360932
3360952
3360955
3360967
3360974
3361051
3361081
3361084
3361120
3361140
3361166
3361202
3361209
3361211
3361214
3361269
3361346
3361395
3361401
3361504
3361507
3361516
3361584
3361645
3361669
3361678
3361715
3361792
3361808
3361853
3362041
3362059
3362099
3362121
3362130
3362160
3362200
3362206
3362232
3362236
3362241
3362284
3362344
3362506
3362518
3362557
3362604
3362607
3362710
3362720
3362738
3362739
3362768
3362784
3362793
3362821
3362917
3362920
3362934
3362935
3362937
3363052
3363115
3363131
3363138
3363207
3363222
3363224
3363248
3363293
3363296
3363310
3363350
3363377
3363383
3363387
3363415
3363460
3363540
3363597
3363634
3363678
3363693
3363715
3363750
3363803
3363812
3363840
3363842
3363914
3363938
3363989
3363995
3364006
3364028
3364033
3364042
3364079
3364102
3364122
3364127
3364140
3364160
3364204
3364228
3364234
3364243
3364256
3364262
3364297
3364298
3364339
3364341
3364342
3364441
3364450
3364458
3364466
3364467
3364484
3364499
3364502
3364509
3364538
3364553
3364568
3364573
3364585
3364589
3364614
3364654
3364669
3364674
3364706
3364707
3364716
3364718
3364732
3364743
3364752
3364755
3364758
3364763
3364771
3364781
3364813
3364816
3364838
3364855
3364858
3364896
3364935
3364941
3364945
3365001
3365004
3365021
3365049
3365053
3365061
3365069
3365088
3365104
3365134
3365169
3365185
3365207
3365240
3365282
3365323
3365324
3365337
3365342
3365345
3365367
3365431
3365465
3365511
3365514
3365515
3365523
3365538
3365541
3365556
3365572
3365578
3365594
3365644
3365668
3365671
3365674
3365702
3365724
3365726
3365731
3365759
3365771
3365810
3365822
3365826
3365843
3365847
3365865
3365923
3365926
3365928
3365971
3366049
3366055
3366059
3366073
3366074
3366096
3366124
3366138
3366143
3366145
3366149
3366153
3366162
3366175
3366190
3366239
3366267
3366311
3366320
3366327
3366347
3366387
3366415
3366417
3366420
3366439
3366480
3366492
3366497
3366499
3366507
3366519
3366536
3366551
3366552
3366559
3366570
3366579
3366589
3366647
3366654
3366659
3366662
3366665
3366696
3366707
3366735
3366756
3366773
3366793
3366794
3366804
3366807
3366808
3366809
3366820
3366837
3366863
3366892
3366916
3366920
3366929
3366941
3366949
3366952
3366975
3366982
3366989
3366992
3366995
3366999
3367054
3367086
3367101
3367137
3367180
3367184
3367197
3367209
3367210
3367245
3367256
3367261
3367286
3367288
3367299
3367310
3367412
3367424
3367456
3367473
3367477
3367483
3367506
3367520
3367544
3367554
3367570
3367583
3367585
3367642
3367651
3367652
3367680
3367730
3367735
3367766
3367793
3367821
3367842
3367856
3367857
3367889
3367905
3367930
3367989
3368033
3368034
3368041
3368044
3368071
3368074
3368080
3368091
3368102
3368124
3368126
3368219
3368267
3368299
3368329
3368339
3368340
3368342
3368355
3368359
3368360
3368369
3368379
3368387
3368393
3368394
3368398
3368454
3368456
3368458
3368463
3368469
3368474
3368503
3368564
3368587
3368623
3368660
3368665
3368668
3368675
3368718
3368729
3368841
3368854
3368861
3368881
3368889
3373624
3373625
3373637
3373657
3373659
3373705
3373722
3373729
3373742
3373763
3373766
3373772
3373778
3373794
3373798
3373858
3373869
3373874
3373898
3373909
3373913
3373933
3373937
3373938
3373939
3373941
3373947
3373951
3373956
3373958
3373964
3373967
3373978
3374021
3374033
3374060
3374074
3374107
3374111
3374113
3374122
3374159
3374166
3374170
3374197
3374235
3374288
3374293
3374314
3374366
3374378
3374418
3374424
3374441
3374442
3374473
3374485
3374496
3374497
3374509
3374533
3374559
3374561
3374567
3374574
3374601
3374617
3374634
3374643
3374667
3374706
3374714
3374739
3374759
3374779
3374786
3374803
3374814
3374819
3374827
3374833
3374866
3374868
3374870
3374880
3374892
3374897
3374898
3374900
3374944
3374952
3374961
3374962
3374995
3375010
3375042
3375063
3375065
3375066
3375071
3375075
3375093
3375097
3375106
3375120
3375130
3375155
3375160
3375184
3375194
3375217
3375222
3375224
3375230
3375252
3375262
3375266
3375267
3375271
3375272
3375280
3375290
3375360
3375364
3375375
3375413
3375428
3375458
3375472
3375482
3375534
3375637
3375646
3375650
3375659
3375668
3375689
3375741
3375763
3375776
3375792
3375814
3375821
3375836
3375856
3375881
3375904
3375909
3375911
3375980
3376021
3376022
3376096
3376113
3376135
3376141
3376152
3376156
3376167
3376176
3376183
3376203
3376211
3376239
3376288
3376309
3376318
3376341
3376344
3376346
3376353
3376360
3376376
3376401
3376403
3376404
3376426
3376455
3376467
3376525
3376531
3376538
3376542
3376547
3376566
3376582
3376591
3376592
3376605
3376631
3376634
3376672
3376717
3376726
3376730
3376735
3376753
3376770
3376773
3376810
3376812
3376891
3376894
3376902
3376907
3376918
3376924
3376965
3377020
3377023
3377068
3377077
3377108
3377112
3377113
3377120
3377139
3377146
3377174
3377197
3377210
3377247
3377301
3377344
3377360
3377362
3377366
3377399
3377417
3377423
3377462
3377503
3377504
3377527
3377531
3377538
3377540
3377566
3377593
3377629
3377648
3377656
3377660
3377662
3377701
3377719
3377730
3377745
3377752
3377753
3377757
3377770
3377776
3377782
3377788
3377793
3377797
3377805
3377829
3377850
3377863
3377895
3377899
3377903
3377943
3377955
3377962
3377979
3377981
3377986
3378004
3378014
3378017
3378021
3378058
3378064
3378092
3378100
3378107
3378112
3378152
3378167
3378179
3378192
3378196
3378205
3378208
3378229
3378248
3378283
3378296
3378312
3378349
3378364
3378389
3378407
3378412
3378419
3378438
3378463
3378470
3378488
3378576
3378586
3378665
3378679
3378681
3378687
3378712
3378721
3378724
3378730
3378732
3378733
3378745
3378807
3378815
3378841
3378855
3378884
3378928
3378940
3379026
3379031
3379076
3379082
3379096
3379103
3379134
3379192
3379197
3379206
3379245
3379288
3379320
3379328
3379332
3379342
3379344
3379370
3379381
3379389
3379397
3379426
3379428
3379441
3379476
3379504
3379507
3379516
3379539
3379599
3379646
3379651
3379663
3379700
3379708
3379743
3379747
3379751
3379757
3379777
3379830
3379870
3379874
3379878
3379971
3380062
3380181
3380358
3380374
3380387
3380432
3380440
3380470
3380612
3380829
3380877
3380911
3380920
3380951
3380971
3381038
3381050
3381060
3381077
3381091
3381093
3381107
3381119
3381121
3381125
3381179
3381203
3381225
3381227
3381260
3381265
3381268
3381276
3381294
3381304
3381379
3381426
3381446
3381486
3381526
3381537
3381542
3381565
3381577
3381585
3381676
3381709
3381813
3381825
3381829
3381833
3381865
3381936
3381952
3381971
3381980
3382051
3382055
3382066
3382097
3382149
3382216
3382252
3382289
3382317
3382408
3382432
3382475
3382494
3382550
3382578
3382616
3382648
3382685
3382701
3382709
3382737
3382853
3382861
3382912
3382924
3382929
3382941
3382953
3383124
3383240
3383415
3383438
3383452
3383470
3383522
3383563
3383567
3383611
3383615
3383701
3383740
3383774
3383776
3383780
3383796
3383805
3383834
3383839
3383897
3383898
3383905
3383963
3383980
3383991
3384026
3384046
3384122
3384124
3384127
3384131
3384139
3384146
3384147
3384222
3384223
3384232
3384235
3384254
3384329
3384351
3384361
3384381
3384427
3384456
3384514
3384554
3384559
3384606
3384630
3384647
3384692
3384695
3384712
3384714
3384802
3384806
3384831
3384875
3384883
3384898
3384944
3384980
3384986
3385000
3385006
3385020
3385034
3385054
3385061
3385077
3385113
3385139
3385145
3385162
3385174
3385180
3385183
3385216
3385218
3385258
3385267
3385317
3385319
3385336
3385379
3385393
3385395
3385425
3385566
3385579
3385598
3385644
3385676
3385724
3385727
3385777
3385778
3385788
3385818
3385840
3385868
3385882
3385964
3386004
3386009
3386031
3386045
3386050
3386067
3386091
3386119
3386120
3386127
3386131
3386159
3386161
3386192
3386200
3386208
3386222
3386231
3386241
3386261
3386302
3386310
3386313
3386314
3386321
3386326
3386327
3386361
3386389
3386410
3386423
3386427
3386455
3386481
3386487
3386500
3386514
3386534
3386555
3386571
3386583
3386594
3386606
3386663
3386690
3386694
3386709
3386712
3386714
3386717
3386726
3386734
3386757
3386759
3386773
3386774
3386785
3386812
3386888
3386889
3386991
3387058
3387082
3387110
3387125
3387173
3387228
3387242
3387254
3387265
3387316
3387320
3387337
3387352
3387376
3387414
3387430
3387442
3387463
3387505
3387517
3387519
3387526
3387569
3387582
3387598
3387626
3387637
3387638
3387656
3387663
3387731
3387739
3387762
3387765
3387778
3387785
3387789
3387806
3387848
3387879
3387907
3387921
3387925
3387935
3387940
3387958
3387986
3388017
3388023
3388035
3388083
3388086
3388092
3388094
3388106
3388120
3388132
3388134
3388181
3388194
3388205
3388206
3388216
3388230
3388233
3388249
3388263
3388330
3388350
3388354
3388358
3388382
3388389
3388390
3388402
3388409
3388413
3388436
3388456
3388458
3388476
3388513
3388534
3388561
3388596
3388598
3388638
3388694
3388699
3388703
3388707
3388751
3388755
3388782
3388830
3388856
3388858
3388865
3388882
3388888
3388943
3388954
3388959
3388974
3388990
3388997
3389002
3389067
3389071
3389072
3389080
3389090
3389092
3389111
3389136
3389138
3389162
3389164
3389165
3389175
3389180
3389183
3389197
3389225
3389227
3389253
3389262
3389265
3389284
3389293
3389349
3389372
3389376
3389409
3389413
3389478
3389579
3389580
3389583
3389619
3389623
3389631
3389642
3389646
3389648
3389658
3389668
3389670
3389672
3389682
3389704
3389720
3389899
3389903
3389937
3389940
3389951
3389955
3389956
3389978
3389986
3390023
3390025
3390033
3390042
3390058
3390062
3390074
3390090
3390105
3390110
3390133
3390156
3390176
3390251
3390253
3390260
3390261
3390289
3390295
3390352
3390368
3390445
3390562
3390627
3390629
3390645
3390752
3390834
3390900
3390904
3390996
3391021
3391077
3391135
3391258
3391284
3391300
3391332
3391379
3395220
3395228
3395299
3395363
3395367
3395376
3395424
3395439
3395440
3395461
3395462
3395496
3395509
3395560
3395576
3395597
3395616
3395619
3395626
3395634
3395638
3395664
3395667
3395670
3395686
3395687
3395715
3395738
3395781
3395789
3395797
3395813
3395843
3395851
3395872
3395890
3395906
3395936
3395978
3396042
3396060
3396072
3396078
3396114
3396121
3396133
3396152
3396155
3396160
3396194
3396209
3396213
3396221
3396244
3396275
3396285
3396326
3396333
3396337
3396340
3396356
3396384
3396389
3396393
3396415
3396425
3396449
3396463
3396473
3396476
3396480
3396498
3396508
3396521
3396535
3396539
3396552
3396562
3396564
3396570
3396581
3396584
3396592
3396600
3396616
3396622
3396628
3396634
3396643
3396659
3396664
3396673
3396676
3396710
3396731
3396734
3396738
3396746
3396752
3396754
3396760
3396762
3396767
3396782
3396807
3396812
3396821
3396824
3396827
3396859
3396862
3396878
3396881
3396888
3396903
3396918
3396924
3396926
3396929
3396943
3396946
3396959
3396960
3396966
3396969
3396970
3396993
3396994
3397021
3397050
3397073
3397104
3397116
3397126
3397149
3397158
3397193
3397197
3397206
3397221
3397229
3397245
3397286
3397297
3397393
3397400
3397424
3397428
3397436
3397490
3397529
3397539
3397631
3397675
3397695
3397749
3397833
3397863
3397885
3397898
3397930
3398021
3398054
3398081
3398124
3398138
3398156
3398171
3398184
3398190
3398222
3398223
3398251
3398337
3398355
3398422
3398446
3398447
3398493
3398498
3398509
3398563
3398595
3398692
3398826
3398874
3398960
3399021
3399131
3399155
3399251
3399261
3399270
3399276
3399311
3399329
3399359
3399369
3399385
3399402
3399405
3399446
3399511
3399557
3399599
3399700
3399702
3399780
3399796
3399811
3399824
3399864
3399903
3399904
3399961
3399973
3400060
3400063
3400258
3400263
3400337
3400338
3400353
3400378
3400383
3400392
3400397
3400402
3400408
3400429
3400495
3400524
3400527
3400663
3400668
3400722
3400837
3400858
3400880
3400901
3400947
3400957
3401010
3401015
3401044
3401066
3401096
3401100
3401134
3401155
3401176
3401184
3401189
3401191
3401200
3401203
3401213
3401223
3401262
3401314
3401333
3401353
3401414
3401422
3401488
3401598
3401622
3401649
3401709
3401724
3401817
3401858
3401888
3401914
3401919
3401971
