0.000000 1.000000 1.000000 1.000000
0.025000 0.590909 0.649485 0.649485
0.050000 0.565217 0.620690 0.620690
0.075000 0.541958 0.609677 0.609677
0.100000 0.541958 0.605769 0.605769
0.125000 0.534435 0.579044 0.579044
0.150000 0.502165 0.572508 0.572508
0.175000 0.479646 0.544335 0.544335
0.200000 0.444763 0.524403 0.524403
0.225000 0.429803 0.498683 0.498683
0.250000 0.403967 0.468796 0.468796
0.275000 0.373684 0.433750 0.433750
0.300000 0.334773 0.395300 0.395300
0.325000 0.310919 0.351630 0.351630
0.350000 0.288523 0.294431 0.294431
0.375000 0.238604 0.211431 0.211431
0.400000 0.184250 0.101815 0.101815
0.425000 0.120541 0.035025 0.035025
0.450000 0.035828 0.000000 0.000000
0.475000 0.023701 0.000000 0.000000
0.500000 0.000000 0.000000 0.000000
0.525000 0.000000 0.000000 0.000000
0.550000 0.000000 0.000000 0.000000
0.575000 0.000000 0.000000 0.000000
0.600000 0.000000 0.000000 0.000000
0.625000 0.000000 0.000000 0.000000
0.650000 0.000000 0.000000 0.000000
0.675000 0.000000 0.000000 0.000000
0.700000 0.000000 0.000000 0.000000
0.725000 0.000000 0.000000 0.000000
0.750000 0.000000 0.000000 0.000000
0.775000 0.000000 0.000000 0.000000
0.800000 0.000000 0.000000 0.000000
0.825000 0.000000 0.000000 0.000000
0.850000 0.000000 0.000000 0.000000
0.875000 0.000000 0.000000 0.000000
0.900000 0.000000 0.000000 0.000000
0.925000 0.000000 0.000000 0.000000
0.950000 0.000000 0.000000 0.000000
0.975000 0.000000 0.000000 0.000000
1.000000 0.000000 0.000000 0.000000
