2979226
2979236
2979249
2979750
2979756
2979806
2979823
3035044
3035068
3035244
3035351
3035751
3035801
3035807
3035821
3036066
3036077
3036196
3036214
3036218
3036261
3036272
3036497
3037619
3037744
3037935
3038112
3038456
3038481
3038623
3038675
3038779
3038953
3038970
3039033
3039063
3039090
3039140
3039153
3040321
3040384
3040454
3040469
3040649
3040764
3040817
3040828
3040869
3040915
3040954
3041051
3041087
3041218
3041224
3041227
3041326
3041356
3041582
3041592
3041696
3041956
3043237
3043292
3043356
3043520
3043613
3043641
3043712
3043715
3043882
3043975
3044023
3044059
3044072
3044195
3044206
3044505
3045729
3045778
3045789
3045808
3045825
3045893
3045904
3045940
3046023
3046178
3046188
3046275
3046347
3046520
3046618
3046631
3046639
3046660
3046676
3046687
3046705
3046719
3046838
3046848
3046919
3046966
3046984
3047088
3047138
3047160
3047201
3047263
3047287
3047349
3047392
3048476
3048504
3048599
3048632
3048647
3048897
3048931
3048939
3048966
3049150
3049208
3049314
3049401
3049435
3049539
3049591
3049646
3049861
3049969
3049970
3051208
3051233
3051313
3051414
3051448
3051553
3051728
3051812
3051813
3051842
3052142
3052148
3052150
3052173
3052426
3052461
3052484
3052561
3052596
3052749
3052756
3052831
3052938
3052986
3053031
3053218
3053224
3053238
3053255
3053300
3053343
3054524
3054662
3054679
3054865
3054897
3055016
3055422
3055633
3055651
3055660
3056048
3056605
3056613
3056760
3056831
3056859
3056884
3056900
3056931
3057027
3057173
3057252
3057258
3057301
3057362
3057447
3057465
3057496
3057525
3057543
3057556
3057565
3058726
3058804
3059064
3059210
3059341
3059428
3059514
3059670
3059689
3059773
3059803
3059835
3059862
3059863
3059987
3060011
3060143
3060285
3060408
3061473
3061613
3061737
3061866
3061910
3062200
3062220
3062238
3062466
3062485
3062490
3062494
3062579
3062641
3062659
3062720
3062752
3062779
3062874
3062941
3063217
3064215
3064250
3064260
3064270
3064296
3064382
3064460
3064486
3064490
3064494
3064620
3064628
3064673
3064728
3064791
3064825
3064995
3065069
3065314
3065554
3065606
3065718
3065721
3066804
3066892
3066960
3067022
3067033
3067154
3067175
3067319
3067473
3067498
3067556
3067604
3067651
3067717
3067765
3068155
3068179
3068226
3068247
3068306
3068323
3068404
3068498
3070061
3070236
3070307
3070580
3070582
3070591
3070751
3070880
3070923
3071147
3072501
3072591
3072642
3072743
3072764
3072842
3072884
3072893
3073071
3073281
3073405
3073521
3073869
3073927
3073937
3074974
3075004
3075095
3075111
3075143
3075179
3075309
3075545
3075729
3075809
3075843
3075966
3075968
3075992
3076068
3076138
3076217
3076270
3076278
3076494
3077652
3077682
3077752
3077782
3077829
3077853
3077868
3077879
3077907
3077947
3077963
3078018
3078045
3078056
3078060
3078187
3078262
3078293
3078297
3078457
3078525
3078601
3078795
3078942
3078958
3079120
3079127
3079216
3080784
3080805
3080848
3080852
3080930
3080967
3081128
3081274
3081646
3081681
3081712
3081747
3081962
3082014
3082265
3082324
3083129
3083245
3083310
3083410
3083459
3083628
3083746
3083775
3083818
3083845
3083986
3084051
3084068
3084097
3084098
3084197
3084285
3084302
3084316
3084378
3084451
3084469
3084618
3084640
3084680
3084699
3085907
3085996
3086014
3086018
3086151
3086162
3086242
3086407
3086411
3086434
3086716
3086755
3086913
3087018
3087056
3087141
3087220
3087230
3087338
3087411
3088536
3088738
3088746
3088779
3088824
3088911
3089116
3089177
3089238
3089248
3089421
3089505
3089517
3089579
3089623
3089627
3089641
3089668
3089688
3089699
3089770
3089787
3089807
3089827
3089992
3090077
3090167
3091404
3091660
3091779
3091835
3091889
3092051
3092073
3092305
3092322
3092368
3092404
3092423
3092474
3092480
3092537
3092599
3092604
3092616
3092868
3093124
3094302
3094343
3094384
3094450
3094457
3094473
3094730
3094751
3094834
3094955
3095142
3095220
3095237
3095244
3095279
3095317
3095383
3095413
3095437
3095444
3095477
3095486
3095505
3095532
3096729
3096841
3096885
3096909
3097056
3097170
3097220
3097261
3097280
3097308
3097356
3097391
3097420
3097441
3097478
3097593
3097601
3097698
3097748
3097751
3097763
3097798
3097832
3097896
3097897
3097949
3098109
3099345
3099358
3099366
3099416
3099425
3099427
3099472
3099555
3099734
3099838
3099902
3099980
3100234
3100238
3100241
3100246
3100289
3100370
3100411
3100458
3100607
3100627
3100695
3100868
3102113
3102215
3102234
3102260
3102306
3102444
3102670
3102712
3102872
3102932
3103213
3103239
3103291
3103293
3103305
3103415
3103435
3103529
3103738
3104910
3104915
3105009
3105091
3105246
3105289
3105395
3105487
3105555
3105569
3105601
3105653
3105672
3105748
3105856
3105899
3105957
3106208
3106306
3106311
3107234
3107274
3107285
3107327
3107370
3107412
3107458
3107635
3107636
3107714
3107778
3107793
3108030
3108487
3108525
3108553
3108620
3108737
3109023
3109058
3109068
3109095
3110489
3110511
3110569
3110840
3110857
3110884
3110970
3111048
3111080
3111138
3111239
3111389
3111428
3111440
3111454
3111516
3111557
3111697
3111712
3111850
3111897
3111903
3111939
3111942
3111973
3112011
3112012
3112022
3113254
3113349
3113375
3113422
3113452
3113582
3113648
3113726
3113820
3113890
3114000
3114062
3114124
3114300
3114364
3114508
3115946
3115947
3117057
3117370
3117605
3117664
3118006
3118051
3118131
3118210
3118222
3118338
3118372
3118472
3118548
3118653
3119793
3119890
3119945
3119973
3120274
3120485
3120488
3120801
3120984
3121120
3121238
3121270
3122637
3122713
3122795
3122836
3122837
3122857
3122926
3122990
3122995
3123164
3123167
3123238
3123245
3123265
3123311
3123359
3123499
3123503
3123615
3125071
3125079
3125197
3125345
3125360
3125430
3125584
3125656
3125812
3125885
3125973
3126014
3126061
3126128
3126172
3126186
3126329
3126376
3126448
3126609
3126754
3126765
3126770
3126803
3126815
3126820
3127857
3127876
3127947
3127953
3127997
3128120
3128293
3128304
3128357
3128388
3128416
3128546
3128553
3128602
3128704
3128742
3128881
3128911
3128928
3128930
3128989
3129035
3129055
3129121
3129238
3129292
3129406
3130627
3130689
3130735
3130750
3130848
3130984
3130998
3131012
3131061
3131184
3131198
3131298
3131301
3131339
3131364
3131444
3131489
3131595
3131666
3131703
3131727
3131756
3131779
3131888
3131928
3131935
3131936
3132011
3132046
3132146
3133216
3133327
3133339
3133413
3133510
3133555
3133558
3133605
3133620
3133676
3133711
3133751
3133923
3134095
3134116
3134129
3134189
3134225
3134241
3134318
3134387
3134496
3134533
3134564
3134582
3134729
3134767
3134783
3134840
3134921
3136110
3136111
3136313
3136316
3136317
3136372
3136383
3136424
3136450
3136916
3136981
3137088
3137190
3137517
3137575
3137587
3137610
3138802
3138994
3139066
3139125
3139295
3139338
3139412
3139495
3139520
3139545
3139547
3139948
3140011
3140029
3140312
3142140
3142237
3142243
3142633
3142717
3142730
3142789
3142992
3143170
3143556
3143690
3143734
3143807
3143889
3143928
3144469
3144487
3144532
3144540
3144691
3144695
3144791
3144803
3144809
3144845
3144882
3144907
3144927
3145220
3147156
3147267
3147299
3147677
3147754
3147798
3147813
3147953
3148093
3148152
3148297
3148366
3148388
3148397
3148407
3149028
3149293
3149335
3149593
3150208
3152328
3152463
3152757
3152769
3152807
3152897
3152899
3152981
3153019
3153205
3153408
3153562
3153778
3153845
3153985
3154072
3154172
3154179
3154544
3154563
3154635
3154674
3154859
3154912
3154957
3155050
3155167
3156423
3156529
3156700
3156863
3156899
3157001
3157087
3157173
3157256
3157260
3157276
3157299
3157325
3157382
3157395
3157570
3157581
3157622
3157697
3157742
3157749
3157849
3157850
3157954
3159180
3159184
3159187
3159252
3159253
3159388
3159444
3159481
3159506
3159549
3159597
3159625
3159629
3159639
3159832
3160058
3160108
3160225
3160267
3160287
3160394
3160550
3161859
3161869
3161941
3162057
3162075
3162131
3162207
3162271
3162345
3162419
3162424
3162443
3162459
3162579
3162714
3162776
3162914
3162934
3163157
3163185
3163301
3163306
3163412
3163446
3163467
3164808
3164886
3164970
3164972
3164980
3165055
3165072
3165102
3165105
3165140
3165377
3165454
3165490
3165557
3165605
3165713
3165861
3165932
3166044
3166107
3166143
3166160
3166249
3167415
3167548
3167549
3167605
3167626
3167695
3167828
3167943
3168023
3168197
3168271
3168341
3168441
3168451
3168456
3168461
3168522
3168557
3168608
3168735
3168834
3168987
3170164
3170200
3170296
3170380
3170501
3170727
3170971
3171125
3171317
3171363
3171388
3171421
3171468
3171491
3171520
3171558
3172924
3173013
3173221
3173235
3173335
3173347
3173571
3173626
3173669
3173690
3173721
3173756
3174027
3174194
3174242
3174247
3174339
3174471
3175928
3176031
3176048
3176053
3176077
3176087
3176111
3176537
3176630
3176701
3176857
3176890
3176895
3176927
3176983
3177057
3177081
3177151
3178304
3178336
3178352
3178532
3178558
3178598
3178622
3178696
3179027
3179152
3179346
3179538
3179562
3179757
3181121
3181206
3181298
3181415
3181428
3181543
3181566
3181586
3181593
3181608
3181653
3181691
3181701
3181843
3181845
3181877
3182005
3182050
3182095
3182110
3182175
3182223
3182244
3182270
3182374
3182430
3182454
3182541
3182673
3183897
3183940
3183999
3184070
3184095
3184106
3184346
3184563
3184588
3184597
3184891
3185011
3185079
3185093
3185175
3185346
3186518
3186585
3186599
3186617
3186629
3186690
3186697
3186705
3186788
3187078
3187099
3187136
3187266
3187283
3187347
3187513
3187559
3187595
3187613
3187725
3187739
3187756
3187811
3187844
3187974
3188022
3188024
3188029
3188032
3188115
3190320
3190451
3190478
3190767
3192125
3192170
3192174
3192335
3192790
3192871
3192873
3192920
3192932
3193058
3193155
3193191
3193274
3193292
3193463
3193696
3194699
3194739
3194750
3194811
3194871
3195098
3195282
3195292
3195398
3195425
3195428
3195622
3195869
3195906
3195960
3195983
3195998
3196001
3196032
3196116
3197682
3197697
3197793
3198030
3198038
3198210
3198428
3198530
3198734
3199132
3199332
3199614
3199734
3200265
3200363
3200403
3200441
3200583
3200591
3200626
3200798
3200836
3203088
3203235
3203256
3203360
3203381
3203949
3203953
3204208
3204221
3204254
3208495
3208768
3209233
3210712
3213959
3214862
3214894
3214929
3215248
3215364
3215590
3215619
3215882
3215901
3215921
3215977
3216030
3216048
3216223
3216288
3216349
3216397
3216531
3219184
3219192
3219312
3219654
3219663
3219799
3219984
3220050
3220164
3220229
3220444
3220448
3220921
3221053
3221347
3221359
3221460
3221516
3221529
3221649
3221787
3224823
3224837
3224937
3225003
3225340
3225348
3225418
3225551
3226009
3226106
3226235
3226399
3226487
3226507
3226643
3226670
3226712
3226838
3228969
3229119
3229378
3229399
3229518
3229537
3229552
3229693
3229733
3230084
3230186
3230312
3230474
3230658
3230761
3231124
3231276
3231460
3231635
3231818
3231912
3231948
3231984
3232097
3234313
3234456
3234690
3235160
3235358
3235660
3235682
3235742
3235810
3235852
3235960
3235970
3236021
3236187
3236219
3236526
3236822
3236849
3237118
3239494
3239589
3239713
3239754
3239781
3239793
3239850
3239962
3240547
3240561
3240719
3240740
3240875
3240893
3241066
3241149
3241157
3241258
3241300
3241672
3241755
3244496
3244504
3244594
3244601
3244606
3244614
3244664
3244736
3244742
3244823
3244834
3244946
3244974
3245002
3245341
3245399
3245412
3245443
3245445
3245480
3245515
3245612
3245645
3245711
3245876
3245978
3246119
3247235
3247377
3247412
3247663
3247689
3247953
3248004
3248127
3248185
3248213
3248234
3248243
3248341
3248426
3248486
3248488
3248567
3248630
3248698
3248714
3249977
3250037
3250109
3250119
3250159
3250215
3250234
3250262
3250322
3250389
3250557
3250600
3250612
3250618
3250748
3250807
3250854
3250945
3251017
3251066
3251177
3251201
3251305
3251334
3251456
3251526
3251536
3252991
3253117
3253386
3253394
3253543
3253657
3253685
3253734
3253740
3253807
3253827
3253990
3254012
3254019
3254053
3254084
3255523
3255539
3255581
3255677
3255696
3255742
3255763
3255841
3255846
3255993
3255996
3256019
3256026
3256053
3256218
3256798
3256874
3258070
3258107
3258118
3258298
3258330
3258395
3258435
3258459
3258578
3259162
3259237
3259443
3259461
3259540
3259788
3260876
3260877
3260999
3261002
3261057
3261084
3261675
3261775
3261787
3261940
3262049
3262085
3262286
3262377
3262398
3263753
3263821
3263837
3263976
3264019
3264052
3264104
3264124
3264233
3264279
3264626
3264720
3264736
3264896
3264918
3265132
3265250
3265790
3268059
3268267
3268579
3268637
3268843
3268987
3269008
3269390
3269394
3269446
3269460
3269860
3269888
3269945
3270071
3270212
3270223
3270288
3270481
3271222
3273713
3273748
3273874
3273876
3273882
3274013
3274087
3274141
3274217
3274254
3274548
3274580
3274655
3275198
3275309
3275457
3275838
3275857
3276174
3322481
3331422
3332326
3334717
3334890
3336078
3340374
3341700
3341924
3341971
3341981
3342031
3342192
3342316
3342365
3342454
3342516
3342543
3342559
3342646
3342727
3342833
3342839
3343045
3343064
3343162
3343210
3343214
3343249
3343334
3343365
3343404
3343530
3343572
3343635
3343736
3343862
3343863
3344094
3344113
3344120
3344156
3344167
3344271
3344539
3344601
3344796
3344801
3344844
3344893
3344951
3344990
3345235
3345272
3345610
3345616
3345661
3345695
3346046
3346057
3346207
3346250
3346343
3346359
3346594
3346609
3346723
3347026
3347035
3347069
3347122
3347212
3347225
3347329
3347380
3347553
3347674
3347772
3348108
3348158
3348324
3348582
3351869
3351876
3351912
3352003
3352210
3352410
3352424
3352565
3352591
3352696
3352764
3352789
3352798
3352801
3352824
3352843
3352894
3352918
3352925
3352984
3352998
3353020
3353034
3353041
3353169
3353197
3353351
3353395
3353403
3353476
3353584
3353683
3353735
3353742
3353796
3353845
3353875
3353980
3353997
3354012
3354043
3354092
3354160
3354252
3354283
3354326
3354356
3354384
3354406
3354416
3354435
3354648
3354835
3354850
3354872
3354882
3354985
3355193
3356536
3356990
3357193
3358023
3358409
3358546
3358690
3358707
3358960
3358973
3359010
3359065
3359082
3359235
3359301
3359309
3359323
3359365
3359412
3359448
3359486
3359491
3359629
3359638
3359734
3359737
3359760
3359807
3359872
3359952
3360098
3360202
3360376
3360530
3360572
3360688
3361015
3361132
3361148
3361181
3361250
3361572
3361727
3361915
3362083
3362093
3362106
3362277
3362313
3362452
3362551
3362628
3362911
3362989
3363133
3363161
3363214
3363275
3363435
3363442
3363463
3363558
3363986
3364063
3364193
3364281
3364374
3364421
3364535
3364559
3364824
3364959
3364989
3364996
3365105
3365119
3365195
3365422
3365485
3365608
3365634
3365655
3365703
3365856
3365892
3366131
3366161
3366192
3366753
3366756
3366758
3366808
3366910
3367113
3367120
3367328
3367403
3367515
3367605
3367833
3367943
3367999
3368051
3368116
3368188
3368226
3368372
3368373
3368409
3368655
3373776
3373868
3373933
3373939
3373959
3374031
3374056
3374301
3374488
3374505
3374545
3374883
3374911
3374932
3375276
3375404
3375506
3375534
3375540
3375608
3375664
3375926
3375947
3375983
3375996
3376051
3376098
3376274
3376309
3376369
3376608
3376800
3376824
3376863
3376866
3376903
3376908
3377019
3377108
3377547
3377645
3377788
3377867
3377876
3377907
3378131
3378328
3378352
3378356
3378563
3378567
3378718
3378738
3378746
3378931
3379003
3379032
3379091
3379108
3379171
3379420
3379504
3379578
3379655
3379707
3380131
3380143
3381956
3382396
3382530
3383470
3384756
3384789
3384791
3384843
3384851
3384859
3384890
3384895
3385066
3385130
3385317
3385335
3385453
3385957
3385964
3385990
3386066
3386097
3386170
3386234
3386405
3386483
3386543
3386637
3386673
3386696
3386721
3386785
3387070
3387225
3387415
3387476
3387600
3387644
3387837
3387891
3387982
3388259
3388379
3388428
3388596
3388687
3388723
3388817
3388954
3389083
3389098
3389235
3389268
3389345
3389449
3389830
3389844
3389850
3390235
3390562
3391108
3391300
3395235
3395248
3395419
3395505
3395789
3395794
3395823
3396014
3396058
3396127
3396213
3396297
3396311
3396411
3396429
3396432
3396518
3396578
3396636
3396793
3396796
3396824
3396838
3397054
3397137
3397292
3397359
3397381
3397533
3397699
3397758
3397836
3397877
3397945
3397989
3398041
3398397
3398440
3398570
3398764
3398831
3399182
3399217
3399516
3399759
3399993
3400008
3400142
3400152
3400199
3400333
3400338
3400378
3400497
3400689
3400722
3400979
3401056
3401101
3401166
3401200
