2979135
2979148
2979173
2979221
2979265
2979280
2979300
2979687
2979717
2979721
2979732
2979737
2979766
2979783
2979794
2979819
2979849
3035044
3035136
3035150
3035153
3035368
3035696
3035768
3035791
3035830
3035866
3035870
3035877
3035892
3035910
3035946
3035956
3036051
3036063
3036084
3036101
3036119
3036128
3036165
3036172
3036198
3036211
3036247
3036271
3036291
3036307
3036314
3036342
3036345
3036358
3036375
3036427
3036455
3036469
3036490
3037555
3037756
3037891
3038040
3038134
3038138
3038140
3038212
3038222
3038293
3038332
3038392
3038415
3038421
3038456
3038593
3038600
3038603
3038636
3038647
3038648
3038699
3038764
3038778
3038846
3038869
3038903
3038987
3039011
3039032
3039065
3039114
3039165
3039252
3040379
3040421
3040453
3040478
3040563
3040684
3040700
3040707
3040745
3040804
3040828
3040845
3040865
3040891
3040977
3040979
3041042
3041077
3041103
3041112
3041130
3041145
3041198
3041205
3041234
3041241
3041253
3041279
3041328
3041334
3041336
3041360
3041373
3041432
3041507
3041563
3041588
3041660
3041663
3041673
3041943
3041956
3041970
3041990
3043081
3043083
3043085
3043101
3043187
3043356
3043385
3043387
3043406
3043415
3043420
3043442
3043444
3043479
3043637
3043677
3043697
3043709
3043721
3043779
3043786
3043807
3043835
3043863
3043866
3043880
3043936
3044017
3044051
3044059
3044087
3044093
3044097
3044109
3044115
3044138
3044204
3044217
3044218
3044239
3044359
3044379
3044482
3044624
3045771
3045791
3045832
3045844
3045846
3045850
3045915
3045942
3045991
3045993
3046014
3046025
3046029
3046046
3046047
3046049
3046059
3046110
3046114
3046140
3046166
3046188
3046250
3046279
3046285
3046298
3046310
3046311
3046333
3046346
3046388
3046390
3046533
3046546
3046579
3046615
3046658
3046669
3046681
3046690
3046695
3046710
3046726
3046731
3046742
3046833
3046860
3046896
3046906
3046919
3046924
3047058
3047107
3047139
3047144
3047167
3047202
3047213
3047282
3047404
3047428
3048522
3048542
3048554
3048630
3048632
3048647
3048667
3048668
3048693
3048736
3048778
3048784
3048810
3048862
3048872
3048934
3048981
3048990
3049048
3049065
3049071
3049077
3049093
3049140
3049203
3049217
3049227
3049348
3049359
3049392
3049409
3049410
3049419
3049449
3049501
3049516
3049632
3049670
3049676
3049716
3049730
3049824
3049829
3049832
3049913
3049943
3049959
3049969
3049988
3051145
3051150
3051171
3051268
3051366
3051370
3051413
3051436
3051439
3051444
3051460
3051536
3051544
3051547
3051559
3051603
3051607
3051634
3051649
3051653
3051656
3051657
3051782
3051855
3051859
3051863
3051911
3051917
3051949
3051970
3051973
3051995
3052017
3052027
3052045
3052075
3052105
3052122
3052130
3052150
3052156
3052163
3052189
3052194
3052361
3052470
3052474
3052494
3052531
3052607
3052618
3052629
3052638
3052644
3052656
3052678
3052724
3052728
3052798
3052838
3052910
3052940
3052967
3052976
3052981
3052997
3053002
3053014
3053023
3053046
3053056
3053132
3053157
3053168
3053182
3053226
3053228
3053234
3053251
3053321
3054436
3054499
3054521
3054539
3054610
3054643
3054692
3054709
3054782
3054790
3054799
3054839
3054851
3054862
3054870
3054909
3055057
3055093
3055103
3055111
3055339
3055472
3055782
3055796
3055812
3055822
3055887
3055961
3056047
3056099
3056616
3056629
3056641
3056670
3056673
3056692
3056697
3056721
3056793
3056841
3056866
3056933
3056934
3056960
3056979
3056991
3056998
3057114
3057115
3057147
3057151
3057183
3057194
3057196
3057246
3057262
3057426
3057437
3057440
3057441
3057447
3057468
3057498
3057545
3057565
3057572
3057581
3057611
3057612
3057658
3057660
3057689
3057692
3058700
3058708
3058784
3058787
3058862
3058873
3058926
3059071
3059158
3059300
3059310
3059378
3059432
3059433
3059440
3059453
3059474
3059490
3059503
3059547
3059581
3059606
3059633
3059842
3059850
3059858
3059920
3059956
3059973
3059975
3060158
3060186
3060226
3060246
3060249
3060255
3060283
3060360
3060376
3060396
3061415
3061430
3061460
3061495
3061647
3061664
3061685
3061713
3061787
3061814
3061846
3061881
3061886
3061893
3061902
3061935
3061960
3061976
3062007
3062030
3062109
3062119
3062132
3062170
3062171
3062176
3062201
3062250
3062269
3062297
3062318
3062343
3062346
3062354
3062363
3062396
3062449
3062500
3062535
3062551
3062562
3062586
3062610
3062636
3062664
3062671
3062797
3062839
3062852
3062893
3062917
3062925
3062992
3063018
3063036
3063070
3063091
3063124
3064171
3064185
3064205
3064292
3064339
3064346
3064350
3064460
3064472
3064483
3064503
3064553
3064561
3064566
3064580
3064621
3064644
3064656
3064671
3064673
3064797
3064831
3064833
3064840
3064844
3064866
3064872
3064943
3064948
3064959
3064978
3064980
3065069
3065094
3065374
3065381
3065383
3065390
3065396
3065417
3065472
3065503
3065508
3065519
3065528
3065545
3065555
3065606
3065675
3066801
3066805
3066825
3066932
3066939
3066943
3066960
3066971
3067035
3067039
3067185
3067193
3067209
3067265
3067294
3067305
3067346
3067389
3067397
3067485
3067492
3067499
3067511
3067525
3067540
3067543
3067564
3067592
3067596
3067610
3067614
3067623
3067643
3067663
3067674
3067769
3067806
3067819
3067825
3067878
3067888
3067936
3067973
3068025
3068026
3068030
3068031
3068033
3068034
3068040
3068043
3068094
3068096
3068100
3068160
3068176
3068246
3068250
3068256
3068257
3068289
3068301
3068315
3068326
3068340
3068357
3068361
3068374
3068376
3068457
3068497
3068560
3069537
3069553
3069613
3069634
3069642
3069645
3069674
3069695
3069871
3069877
3069888
3069929
3069937
3070200
3070214
3070238
3070316
3070386
3070431
3070449
3070465
3070469
3070477
3070493
3070499
3070510
3070550
3070551
3070587
3070645
3070922
3070928
3070933
3070965
3070967
3071057
3071076
3071100
3071194
3072329
3072427
3072461
3072467
3072469
3072491
3072514
3072655
3072666
3072693
3072698
3072718
3072779
3072821
3072891
3072947
3072960
3072988
3073017
3073040
3073080
3073126
3073159
3073256
3073265
3073277
3073298
3073304
3073312
3073320
3073336
3073385
3073386
3073393
3073443
3073446
3073477
3073555
3073581
3073588
3073655
3073767
3073790
3073795
3073796
3073824
3073828
3073913
3074958
3074968
3074982
3074991
3075004
3075034
3075073
3075181
3075198
3075218
3075227
3075238
3075302
3075356
3075364
3075411
3075439
3075442
3075459
3075503
3075516
3075547
3075578
3075604
3075614
3075632
3075644
3075713
3075834
3075859
3075880
3075898
3075901
3075962
3075966
3075973
3075981
3075999
3076066
3076095
3076145
3076154
3076170
3076195
3076221
3076229
3076231
3076290
3076385
3076445
3076481
3076502
3077653
3077656
3077679
3077699
3077703
3077708
3077720
3077725
3077726
3077797
3077802
3077806
3077812
3077819
3077828
3077865
3077899
3077904
3077927
3077960
3077968
3077974
3078109
3078114
3078118
3078155
3078233
3078265
3078273
3078344
3078377
3078381
3078467
3078508
3078514
3078535
3078565
3078570
3078589
3078602
3078606
3078631
3078645
3078658
3078684
3078717
3078782
3078797
3078805
3078811
3078825
3078851
3078886
3078903
3078948
3078978
3079026
3079031
3079080
3079085
3079092
3079108
3079124
3079160
3079203
3079252
3079286
3079334
3079341
3079345
3080400
3080406
3080493
3080543
3080562
3080603
3080610
3080648
3080667
3080752
3080801
3080850
3080902
3080936
3080949
3080976
3081002
3081012
3081049
3081096
3081110
3081142
3081177
3081181
3081192
3081205
3081275
3081294
3081323
3081343
3081346
3081368
3081387
3081503
3081530
3081559
3081594
3081649
3081711
3081722
3081723
3081727
3081759
3081804
3081846
3081876
3081917
3081920
3081930
3081945
3082078
3082102
3082481
3082498
3083176
3083207
3083208
3083252
3083264
3083281
3083284
3083363
3083411
3083452
3083453
3083488
3083492
3083501
3083569
3083600
3083666
3083700
3083738
3083865
3083935
3083987
3083996
3083997
3083998
3084010
3084053
3084098
3084205
3084242
3084277
3084313
3084360
3084384
3084405
3084412
3084484
3084504
3084517
3084533
3084568
3084617
3084692
3084748
3084771
3084795
3085829
3085895
3085900
3085902
3085930
3085975
3085977
3086001
3086022
3086025
3086038
3086046
3086055
3086075
3086103
3086169
3086235
3086248
3086276
3086291
3086295
3086300
3086330
3086368
3086387
3086400
3086409
3086425
3086432
3086464
3086505
3086511
3086531
3086541
3086546
3086570
3086660
3086707
3086736
3086753
3086793
3086834
3086851
3086854
3086877
3086929
3086966
3087021
3087096
3087124
3087171
3087202
3087314
3087325
3088487
3088511
3088582
3088617
3088655
3088689
3088706
3088756
3088760
3088768
3088790
3088827
3088850
3088881
3088893
3088953
3088955
3089000
3089011
3089041
3089055
3089181
3089211
3089224
3089236
3089238
3089241
3089244
3089284
3089289
3089345
3089372
3089426
3089434
3089466
3089493
3089510
3089624
3089659
3089747
3089784
3089787
3089840
3089841
3089892
3089908
3089948
3090115
3090145
3090201
3091242
3091394
3091403
3091404
3091405
3091441
3091476
3091480
3091488
3091505
3091558
3091559
3091566
3091620
3091637
3091644
3091658
3091682
3091683
3091698
3091718
3091753
3091784
3091797
3091799
3091809
3091824
3091832
3091904
3091958
3092022
3092043
3092048
3092056
3092091
3092113
3092126
3092130
3092145
3092189
3092202
3092219
3092220
3092239
3092240
3092241
3092247
3092279
3092303
3092311
3092336
3092363
3092459
3092507
3092517
3092535
3092557
3092562
3092563
3092634
3092660
3092679
3092753
3092754
3092826
3092853
3092868
3092930
3093301
3093969
3094215
3094263
3094275
3094277
3094301
3094311
3094340
3094354
3094356
3094393
3094399
3094420
3094516
3094522
3094553
3094646
3094692
3094736
3094850
3094876
3094909
3094916
3094940
3094966
3094984
3095057
3095062
3095069
3095088
3095090
3095224
3095229
3095236
3095241
3095328
3095352
3095361
3095384
3095392
3095394
3095395
3095429
3095444
3095445
3095489
3095501
3096691
3096699
3096722
3096724
3096779
3096809
3096841
3096875
3096944
3096949
3096967
3096984
3097015
3097043
3097076
3097082
3097089
3097122
3097139
3097184
3097210
3097222
3097266
3097292
3097295
3097301
3097325
3097334
3097341
3097358
3097359
3097396
3097397
3097418
3097491
3097492
3097567
3097569
3097589
3097643
3097674
3097686
3097719
3097763
3097768
3097827
3097851
3097854
3097867
3097889
3097890
3097913
3097916
3097923
3097925
3097941
3097944
3097945
3097983
3097990
3097993
3098039
3098041
3098047
3098057
3098097
3098169
3098189
3098238
3098242
3098307
3098439
3098912
3099358
3099385
3099395
3099403
3099424
3099442
3099447
3099484
3099524
3099552
3099559
3099614
3099643
3099646
3099688
3099691
3099693
3099737
3099769
3099809
3099813
3099814
3099815
3099866
3099884
3099900
3099957
3099997
3100067
3100178
3100180
3100183
3100197
3100203
3100205
3100216
3100219
3100226
3100237
3100238
3100249
3100262
3100295
3100329
3100330
3100338
3100355
3100377
3100401
3100423
3100438
3100440
3100444
3100458
3100480
3100489
3100548
3100554
3100559
3100572
3100588
3100598
3100608
3100655
3100670
3100683
3100737
3100752
3100764
3100769
3100803
3100806
3100812
3100828
3100934
3101008
3101026
3102127
3102133
3102156
3102176
3102204
3102242
3102284
3102294
3102322
3102342
3102353
3102368
3102378
3102399
3102408
3102437
3102489
3102510
3102519
3102520
3102549
3102628
3102652
3102720
3102765
3102834
3102839
3102845
3102893
3102896
3102923
3102952
3102957
3102964
3102982
3102993
3103001
3103011
3103157
3103160
3103167
3103191
3103204
3103250
3103259
3103313
3103343
3103345
3103356
3103372
3103395
3103493
3103508
3103514
3103531
3103551
3103555
3103559
3103563
3103572
3103617
3103699
3104755
3104928
3104937
3104973
3104974
3104980
3105007
3105022
3105023
3105031
3105032
3105069
3105075
3105090
3105094
3105106
3105108
3105110
3105118
3105121
3105178
3105180
3105188
3105193
3105222
3105225
3105267
3105290
3105348
3105366
3105368
3105407
3105435
3105497
3105504
3105522
3105553
3105562
3105680
3105700
3105733
3105762
3105763
3105781
3105834
3105860
3105862
3105875
3105903
3105911
3106021
3106032
3106041
3106049
3106085
3106115
3106226
3106246
3106281
3106299
3106340
3106370
3107262
3107301
3107302
3107326
3107420
3107511
3107551
3107604
3107618
3107633
3107646
3107652
3107668
3107727
3107745
3107748
3107752
3107759
3107763
3107767
3107783
3107832
3107837
3107860
3107879
3107880
3107891
3107957
3108009
3108014
3108023
3108025
3108078
3108508
3108621
3108631
3108633
3108654
3108666
3108681
3108684
3108728
3108936
3109010
3109050
3109085
3109087
3109475
3110509
3110513
3110520
3110608
3110642
3110735
3110826
3110948
3110955
3110965
3110992
3110993
3110996
3111016
3111031
3111040
3111094
3111116
3111139
3111161
3111213
3111243
3111292
3111351
3111364
3111382
3111394
3111416
3111482
3111581
3111608
3111624
3111687
3111721
3111767
3111777
3111815
3111843
3111881
3111905
3111968
3111984
3112004
3113337
3113360
3113365
3113417
3113652
3113656
3113677
3113717
3113740
3113742
3113766
3113777
3113804
3113823
3113825
3113833
3113918
3114021
3114122
3114240
3114253
3114274
3114280
3114310
3114313
3114337
3114441
3114458
3114478
3114487
3114489
3114492
3114509
3114546
3114817
3115789
3115827
3115837
3115882
3115901
3115937
3115949
3117022
3117083
3117185
3117232
3117234
3117254
3117255
3117257
3117358
3117374
3117394
3117398
3117460
3117471
3117485
3117507
3117655
3117671
3117675
3117677
3117702
3117760
3117837
3117847
3117922
3117968
3117972
3118007
3118022
3118045
3118076
3118171
3118210
3118233
3118241
3118309
3118312
3118355
3118440
3118452
3118542
3118550
3118570
3118586
3118619
3119707
3119733
3119742
3119769
3119803
3119814
3119820
3119835
3119845
3119865
3119917
3119922
3119929
3119950
3119958
3120010
3120012
3120024
3120046
3120048
3120061
3120108
3120158
3120173
3120186
3120216
3120227
3120261
3120274
3120324
3120328
3120331
3120359
3120374
3120377
3120392
3120394
3120446
3120450
3120529
3120542
3120847
3120863
3120872
3120877
3120922
3120975
3121009
3121036
3121057
3121110
3121124
3121131
3121189
3121202
3121270
3121311
3121727
3121783
3121808
3121815
3121825
3122374
3122400
3122462
3122466
3122479
3122490
3122513
3122540
3122634
3122637
3122647
3122780
3122792
3122834
3122855
3122927
3122937
3122941
3122961
3122968
3122991
3123016
3123025
3123062
3123075
3123083
3123094
3123119
3123124
3123228
3123234
3123241
3123257
3123267
3123274
3123324
3123373
3123399
3123435
3123467
3123518
3123542
3123546
3123552
3123557
3123573
3123592
3123631
3123688
3123716
3123739
3123777
3123801
3123805
3123813
3123829
3123895
3123936
3123953
3124006
3124012
3124028
3124032
3124039
3124054
3124063
3124383
3125093
3125161
3125162
3125327
3125388
3125402
3125419
3125439
3125453
3125458
3125467
3125472
3125479
3125538
3125595
3125610
3125659
3125661
3125662
3125701
3125732
3125810
3125821
3125829
3125927
3125945
3125948
3126011
3126050
3126060
3126075
3126099
3126221
3126290
3126377
3126378
3126425
3126430
3126528
3126580
3126582
3126596
3126603
3126623
3126633
3126641
3126676
3126702
3126712
3126725
3127824
3127915
3127920
3127929
3127938
3127948
3127972
3127980
3128051
3128166
3128184
3128234
3128291
3128292
3128317
3128322
3128368
3128371
3128379
3128441
3128455
3128525
3128532
3128569
3128639
3128695
3128731
3128744
3128762
3128779
3128782
3128785
3128794
3128838
3128868
3128927
3128932
3128955
3128998
3129069
3129075
3129077
3129090
3129231
3130632
3130667
3130671
3130675
3130764
3130832
3130866
3130879
3130990
3131071
3131125
3131175
3131192
3131208
3131220
3131222
3131266
3131268
3131292
3131341
3131359
3131376
3131381
3131405
3131410
3131431
3131462
3131465
3131468
3131487
3131496
3131511
3131580
3131626
3131671
3131676
3131693
3131707
3131714
3131720
3131778
3131822
3131898
3132001
3132094
3132139
3132150
3132151
3132162
3132165
3132222
3132234
3133324
3133345
3133354
3133355
3133502
3133513
3133581
3133627
3133748
3133796
3133807
3133919
3133963
3133980
3134016
3134069
3134072
3134086
3134100
3134118
3134150
3134174
3134188
3134206
3134210
3134399
3134413
3134424
3134455
3134459
3134510
3134538
3134582
3134650
3134695
3134769
3134802
3134835
3134850
3134862
3134891
3134904
3134925
3136171
3136182
3136198
3136239
3136261
3136286
3136292
3136322
3136350
3136364
3136371
3136401
3136403
3136421
3136445
3136449
3136478
3136485
3136498
3136521
3136523
3136539
3136612
3136851
3136871
3137013
3137022
3137024
3137095
3137131
3137171
3137182
3137381
3137425
3137436
3137443
3137459
3137468
3137493
3137520
3137583
3137610
3137704
3138916
3139024
3139059
3139063
3139084
3139106
3139119
3139126
3139256
3139352
3139363
3139380
3139412
3139460
3139480
3139492
3139560
3139589
3139614
3139623
3139636
3139642
3139662
3139702
3139705
3139719
3139720
3139721
3139860
3139910
3139911
3139917
3139922
3139926
3139943
3139971
3139976
3140000
3140022
3140029
3140032
3140040
3140208
3140236
3140255
3140274
3140275
3140287
3140290
3140306
3140314
3140343
3142207
3142248
3142306
3142333
3142367
3142395
3142397
3142476
3142487
3142609
3142682
3142747
3142752
3142814
3142877
3142885
3142950
3142967
3143011
3143178
3143216
3143313
3143348
3143388
3143439
3143513
3143547
3143585
3143685
3143717
3143743
3143762
3143777
3143784
3143788
3143880
3143899
3143909
3143915
3143956
3143985
3144013
3144057
3144239
3144356
3144421
3144451
3144639
3144710
3144778
3144849
3144915
3145048
3145075
3145093
3145112
3145145
3147180
3147203
3147284
3147311
3147334
3147402
3147406
3147437
3147587
3148118
3148143
3148257
3148320
3148417
3148473
3148480
3148486
3148667
3148687
3148741
3148754
3148770
3148779
3148866
3148887
3148897
3148926
3148928
3148933
3149011
3149046
3149216
3149222
3149239
3149425
3149648
3149729
3149744
3150001
3150003
3150038
3150043
3150220
3150235
3150357
3152376
3152400
3152550
3152640
3152700
3152709
3152822
3152834
3152891
3152899
3152929
3153066
3153075
3153151
3153174
3153253
3153292
3153294
3153300
3153319
3153378
3153406
3153527
3153558
3153571
3153594
3153732
3153736
3154012
3154156
3154204
3154229
3154346
3154377
3154406
3154417
3154423
3154754
3154756
3154758
3154876
3154913
3155002
3155019
3155066
3155073
3155086
3155132
3155194
3155208
3155231
3155235
3155248
3156381
3156452
3156480
3156486
3156501
3156506
3156530
3156606
3156609
3156626
3156657
3156676
3156686
3156724
3156732
3156734
3156749
3156809
3156828
3156879
3156917
3156977
3156993
3157087
3157147
3157224
3157294
3157359
3157362
3157396
3157401
3157406
3157409
3157411
3157436
3157468
3157480
3157513
3157521
3157545
3157560
3157576
3157584
3157587
3157640
3157661
3157687
3157690
3157691
3157723
3157731
3157755
3157759
3157769
3157880
3157914
3157958
3159240
3159298
3159305
3159326
3159358
3159365
3159444
3159508
3159509
3159536
3159597
3159655
3159671
3159700
3159702
3159711
3159743
3159758
3159762
3159776
3159783
3159815
3159822
3159825
3159826
3159852
3159943
3159944
3159950
3160038
3160061
3160124
3160136
3160163
3160165
3160200
3160275
3160305
3160311
3160323
3160348
3160354
3160393
3160428
3160452
3160475
3160520
3160523
3160583
3160597
3160623
3160642
3160666
3160701
3160793
3160798
3160800
3160805
3160826
3160829
3161878
3161900
3161912
3161937
3161953
3162201
3162212
3162241
3162251
3162328
3162359
3162408
3162409
3162426
3162431
3162469
3162472
3162542
3162599
3162608
3162681
3162685
3162697
3162711
3162723
3162753
3162796
3162806
3162818
3162826
3162886
3162903
3162904
3162928
3162972
3162973
3162984
3162989
3163009
3163110
3163117
3163131
3163221
3163270
3163280
3163288
3163333
3163339
3163400
3163447
3163468
3164745
3164803
3164839
3164843
3164865
3164926
3164976
3165002
3165003
3165020
3165087
3165101
3165108
3165116
3165133
3165142
3165243
3165308
3165340
3165357
3165393
3165406
3165467
3165472
3165494
3165499
3165507
3165535
3165559
3165561
3165577
3165638
3165665
3165694
3165712
3165719
3165725
3165744
3165748
3165754
3165764
3165773
3165810
3165821
3165825
3165836
3166017
3166041
3166070
3166073
3166074
3166099
3166103
3166290
3167350
3167353
3167390
3167394
3167413
3167476
3167556
3167608
3167611
3167660
3167679
3167723
3167734
3167764
3167794
3167859
3167893
3167903
3167912
3167915
3168007
3168043
3168051
3168101
3168111
3168223
3168224
3168235
3168263
3168275
3168276
3168294
3168315
3168350
3168354
3168363
3168439
3168448
3168468
3168496
3168540
3168542
3168544
3168625
3168659
3168728
3168758
3168763
3168771
3168788
3168796
3168820
3168870
3168883
3168929
3168932
3168951
3170083
3170123
3170143
3170195
3170220
3170253
3170341
3170397
3170430
3170526
3170565
3170572
3170590
3170647
3170717
3170731
3170759
3170771
3170791
3170796
3170809
3170825
3170835
3170847
3170874
3170876
3170899
3170916
3170922
3170926
3170938
3170957
3170978
3170979
3171000
3171005
3171021
3171064
3171107
3171132
3171154
3171198
3171231
3171253
3171274
3171302
3171361
3171451
3171464
3171468
3171472
3171481
3171517
3171573
3171618
3172882
3172930
3172937
3172953
3172965
3172976
3173007
3173042
3173049
3173085
3173101
3173116
3173127
3173128
3173141
3173174
3173215
3173245
3173251
3173320
3173337
3173347
3173349
3173403
3173409
3173416
3173456
3173505
3173539
3173560
3173564
3173594
3173646
3173654
3173658
3173673
3173695
3173704
3173714
3173720
3173743
3173799
3173907
3173920
3173953
3173955
3174079
3174107
3174131
3174153
3174162
3174175
3174211
3174225
3174358
3174371
3174380
3174381
3174412
3175596
3175647
3175687
3175758
3175764
3175793
3175919
3175926
3175937
3175976
3175996
3175998
3176004
3176031
3176037
3176038
3176077
3176113
3176205
3176214
3176279
3176289
3176315
3176316
3176324
3176420
3176456
3176560
3176660
3176666
3176696
3176707
3176756
3176773
3176812
3176837
3176870
3176938
3176945
3177027
3177098
3177159
3178324
3178326
3178335
3178477
3178482
3178489
3178495
3178512
3178570
3178579
3178610
3178631
3178696
3178734
3178735
3178775
3178824
3178957
3178975
3178976
3178991
3179020
3179065
3179078
3179101
3179103
3179151
3179153
3179190
3179208
3179220
3179221
3179225
3179245
3179270
3179280
3179375
3179418
3179430
3179443
3179448
3179476
3179540
3179542
3179546
3179598
3179645
3179656
3179712
3179723
3179767
3179822
3179870
3179917
3179984
3181176
3181235
3181277
3181286
3181321
3181365
3181367
3181373
3181374
3181390
3181432
3181450
3181453
3181536
3181553
3181579
3181593
3181595
3181605
3181616
3181666
3181687
3181778
3181826
3181839
3181906
3181927
3181928
3181988
3181992
3181994
3182028
3182072
3182074
3182080
3182210
3182248
3182296
3182310
3182327
3182335
3182368
3182371
3182446
3182488
3182543
3182544
3182570
3182587
3183843
3183847
3183863
3183891
3183921
3183950
3183975
3184003
3184010
3184011
3184050
3184065
3184089
3184123
3184130
3184134
3184140
3184180
3184237
3184241
3184244
3184268
3184316
3184320
3184335
3184339
3184380
3184411
3184440
3184482
3184540
3184588
3184590
3184591
3184594
3184604
3184663
3184700
3184706
3184719
3184730
3184745
3184754
3184798
3184846
3184862
3184932
3185072
3185139
3185142
3185143
3185181
3185212
3185239
3185240
3185256
3185270
3185283
3185333
3186647
3186694
3186707
3186719
3186732
3186859
3186952
3187061
3187131
3187173
3187185
3187190
3187206
3187218
3187242
3187293
3187308
3187346
3187380
3187401
3187409
3187420
3187433
3187435
3187440
3187452
3187483
3187559
3187605
3187629
3187661
3187691
3187701
3187729
3187741
3187742
3187841
3187891
3187893
3187898
3187922
3187932
3187965
3187982
3188008
3188026
3188073
3188081
3189233
3190239
3190241
3190316
3190419
3190428
3190479
3190495
3190690
3190695
3190741
3190764
3190795
3191965
3192195
3192295
3192382
3192492
3192531
3192548
3192556
3192593
3192642
3192778
3192795
3192799
3192827
3192859
3192862
3192876
3192889
3192898
3192903
3192909
3192919
3192971
3193137
3193164
3193165
3193215
3193223
3193230
3193273
3193308
3193309
3193363
3193462
3193523
3193524
3193526
3193624
3193641
3193667
3194707
3194743
3194918
3194930
3194931
3194932
3194943
3194951
3194960
3195084
3195117
3195125
3195164
3195178
3195222
3195302
3195345
3195359
3195403
3195421
3195526
3195544
3195560
3195561
3195562
3195570
3195572
3195612
3195622
3195639
3195707
3195715
3195723
3195740
3195814
3195861
3195877
3195880
3196071
3196085
3196101
3196128
3196150
3196189
3196255
3196279
3196329
3196376
3197732
3198096
3198457
3198686
3198729
3198856
3198948
3198991
3199041
3199054
3199077
3199243
3199260
3199341
3199345
3199368
3199579
3199983
3200050
3200166
3200248
3200280
3200460
3200483
3200628
3200634
3200636
3200777
3200798
3200800
3202980
3203032
3203053
3203066
3203129
3203148
3203183
3203228
3203235
3203241
3203256
3203376
3203399
3203851
3203916
3203955
3204009
3204019
3204025
3204054
3204200
3204239
3204327
3204449
3208183
3208305
3208463
3208505
3208577
3208586
3208608
3208793
3208917
3209149
3209230
3209268
3209364
3209773
3210644
3211009
3213657
3213795
3213815
3213924
3213937
3213969
3213972
3214015
3214035
3214165
3214194
3214375
3214452
3214488
3214496
3214536
3214565
3214632
3214663
3214831
3214875
3214953
3215007
3215046
3215082
3215129
3215252
3215313
3215319
3215364
3215406
3215453
3215457
3215478
3215488
3215500
3215604
3215611
3215710
3215712
3215714
3215745
3215766
3215808
3215882
3215886
3215925
3215966
3216163
3216295
3216296
3216302
3216472
3218692
3218711
3219086
3219122
3219182
3219192
3219305
3219395
3219403
3219404
3219454
3219463
3219479
3219529
3219573
3219625
3219650
3219677
3219794
3219826
3219878
3219932
3219959
3220006
3220156
3220173
3220306
3220465
3220588
3220638
3220666
3220911
3220925
3220954
3220957
3220986
3221013
3221059
3221148
3221167
3221219
3221234
3221391
3221475
3221487
3221586
3221594
3221675
3221706
3221754
3221810
3223819
3223893
3223920
3224021
3224177
3224300
3224354
3224419
3224461
3224718
3224736
3224749
3224786
3224839
3224914
3225017
3225034
3225243
3225274
3225346
3225429
3225437
3225457
3225468
3225488
3225584
3225619
3225642
3225644
3225663
3225704
3225747
3225778
3226034
3226058
3226100
3226144
3226192
3226223
3226277
3226295
3226324
3226378
3226403
3226408
3226414
3226464
3226485
3226547
3226559
3226561
3226687
3226734
3226766
3226883
3226994
3227116
3227138
3228433
3228963
3229173
3229209
3229221
3229353
3229357
3229372
3229374
3229401
3229426
3229465
3229515
3229542
3229603
3229722
3229740
3229760
3229787
3229840
3229870
3230207
3230253
3230268
3230310
3230474
3230541
3230638
3230703
3230740
3231127
3231150
3231212
3231321
3231353
3231479
3231564
3231608
3231653
3231663
3231833
3231922
3231978
3231982
3232042
3232206
3232222
3234249
3234340
3234544
3234591
3234634
3234732
3234882
3234957
3234982
3234986
3234998
3235218
3235243
3235293
3235306
3235337
3235385
3235437
3235443
3235520
3235529
3235661
3235694
3235700
3235786
3235852
3235859
3236042
3236114
3236115
3236153
3236203
3236378
3236438
3236576
3236640
3236776
3236813
3236914
3236930
3236941
3236982
3237035
3237071
3237093
3237143
3237187
3237224
3237346
3237357
3237363
3237386
3239344
3239350
3239443
3239461
3239533
3239597
3239647
3239666
3239674
3239707
3239756
3239775
3239785
3239826
3239864
3239866
3239916
3240001
3240107
3240129
3240185
3240239
3240251
3240270
3240307
3240430
3240432
3240527
3240533
3240557
3240563
3240674
3240692
3240801
3240893
3240926
3240929
3240976
3241094
3241211
3241223
3241225
3241490
3241517
3241520
3241522
3241563
3241639
3241718
3241731
3241886
3241921
3241942
3241978
3242076
3242090
3242157
3242166
3242385
3244488
3244523
3244567
3244569
3244571
3244577
3244588
3244635
3244728
3244733
3244870
3244949
3244952
3244975
3244987
3245012
3245063
3245073
3245081
3245117
3245152
3245153
3245157
3245204
3245323
3245329
3245343
3245377
3245412
3245441
3245511
3245513
3245541
3245572
3245573
3245598
3245602
3245651
3245656
3245671
3245730
3245782
3245793
3245804
3245831
3245887
3245904
3245919
3245937
3245946
3245947
3245955
3245980
3245985
3245999
3246001
3246021
3247193
3247355
3247422
3247423
3247448
3247503
3247510
3247520
3247526
3247528
3247568
3247574
3247623
3247649
3247668
3247672
3247686
3247708
3247713
3247721
3247722
3247732
3247749
3247767
3247781
3247789
3247854
3247868
3247870
3247887
3247897
3247998
3248033
3248035
3248039
3248088
3248098
3248132
3248147
3248152
3248234
3248311
3248313
3248355
3248371
3248418
3248427
3248444
3248473
3248474
3248479
3248484
3248501
3248506
3248515
3248559
3248582
3248603
3248641
3248697
3248728
3249906
3250048
3250083
3250100
3250103
3250111
3250151
3250153
3250174
3250179
3250193
3250252
3250258
3250291
3250323
3250411
3250455
3250469
3250511
3250526
3250566
3250568
3250578
3250610
3250612
3250615
3250623
3250673
3250682
3250707
3250750
3250788
3250864
3250882
3250908
3250974
3250982
3251053
3251068
3251104
3251162
3251164
3251196
3251208
3251342
3251373
3251472
3251494
3251608
3252676
3252858
3252917
3252967
3253071
3253081
3253139
3253156
3253160
3253266
3253318
3253385
3253397
3253545
3253569
3253575
3253593
3253610
3253653
3253663
3253667
3253688
3253695
3253740
3253748
3253753
3253770
3253788
3253823
3253830
3253853
3253924
3253952
3253988
3254026
3254058
3254085
3254088
3254143
3254145
3254180
3254201
3254257
3254260
3255405
3255410
3255411
3255451
3255488
3255528
3255581
3255622
3255689
3255732
3255733
3255734
3255766
3255813
3255839
3255870
3255878
3255892
3255945
3255971
3255993
3255996
3256061
3256091
3256137
3256138
3256148
3256151
3256350
3256388
3256420
3256432
3256435
3256451
3256561
3256591
3256621
3256646
3256660
3256705
3256718
3256724
3256771
3256825
3256832
3256862
3256863
3256969
3258063
3258070
3258077
3258095
3258186
3258259
3258297
3258301
3258328
3258329
3258332
3258349
3258375
3258376
3258395
3258426
3258452
3258469
3258532
3258565
3258568
3258586
3258603
3258630
3258644
3258664
3258707
3258786
3258791
3258805
3259148
3259171
3259179
3259198
3259201
3259237
3259279
3259317
3259356
3259411
3259414
3259416
3259424
3259426
3259428
3259431
3259438
3259483
3259487
3259488
3259571
3259604
3259607
3259681
3259683
3260995
3260997
3261015
3261027
3261035
3261056
3261095
3261530
3261531
3261555
3261599
3261680
3261685
3261706
3261718
3261729
3261759
3261814
3261820
3261866
3261867
3261907
3261933
3261985
3262001
3262006
3262035
3262129
3262137
3262213
3262216
3262233
3262291
3262317
3262366
3262382
3262492
3262498
3263669
3263705
3263712
3263772
3263780
3263781
3263784
3263838
3263841
3263845
3263860
3263940
3263976
3263991
3264038
3264064
3264082
3264139
3264226
3264271
3264278
3264328
3264343
3264373
3264409
3264440
3264441
3264593
3264665
3264693
3264853
3264863
3264896
3264910
3264934
3264949
3265028
3265132
3265141
3265219
3265357
3265486
3265605
3265617
3265794
3265808
3265964
3268027
3268034
3268142
3268169
3268238
3268300
3268310
3268470
3268554
3268570
3268614
3268729
3268745
3269019
3269284
3269310
3269361
3269397
3269574
3269589
3269659
3269714
3269737
3269812
3269849
3269890
3269921
3269982
3270003
3270036
3270046
3270054
3270127
3270204
3270225
3270233
3270365
3270389
3270399
3270428
3270454
3270460
3270468
3270479
3270851
3270854
3271006
3271052
3271061
3271182
3271220
3273298
3273340
3273364
3273571
3273583
3273686
3273748
3273851
3273926
3273932
3273990
3274048
3274069
3274079
3274081
3274137
3274190
3274192
3274410
3274485
3274497
3274625
3274633
3274647
3274651
3274823
3274921
3274931
3274987
3274991
3274999
3275044
3275052
3275091
3275101
3275159
3275186
3275285
3275307
3275426
3275583
3275612
3275624
3275635
3275653
3275685
3275752
3275770
3275805
3275913
3275972
3275996
3276006
3276012
3276019
3276089
3276133
3276142
3278727
3278751
3322514
3323625
3323814
3330584
3330594
3330727
3331549
3331568
3331587
3331598
3331739
3331834
3334594
3334699
3334818
3334850
3336184
3336306
3340374
3341567
3341616
3341866
3341987
3342079
3342116
3342128
3342256
3342279
3342295
3342297
3342304
3342366
3342435
3342503
3342519
3342544
3342552
3342599
3342619
3342623
3342625
3342674
3342706
3342828
3342829
3342839
3342845
3342940
3342944
3343026
3343056
3343195
3343341
3343363
3343426
3343437
3343463
3343477
3343544
3343568
3343575
3343578
3343623
3343632
3343681
3343747
3343756
3343772
3343808
3343820
3343848
3343867
3343904
3343925
3343929
3344000
3344042
3344054
3344070
3344086
3344088
3344192
3344220
3344272
3344280
3344293
3344337
3344338
3344350
3344358
3344382
3344486
3344492
3344494
3344539
3344542
3344567
3344609
3344631
3344642
3344770
3344852
3344864
3344879
3344932
3344937
3344948
3344958
3344977
3345017
3345037
3345076
3345087
3345099
3345135
3345150
3345160
3345170
3345193
3345227
3345258
3345265
3345295
3345369
3345388
3345399
3345502
3345520
3345526
3345527
3345552
3345553
3345578
3345580
3345591
3345597
3345607
3345634
3345678
3345757
3345771
3345803
3345809
3345811
3345844
3345857
3345869
3345886
3345900
3345913
3345946
3345954
3345966
3345970
3345980
3345992
3346042
3346066
3346068
3346074
3346081
3346102
3346106
3346134
3346182
3346228
3346232
3346295
3346304
3346321
3346334
3346391
3346413
3346441
3346508
3346605
3346674
3346677
3346679
3346684
3346696
3346726
3346745
3346750
3346809
3346860
3346871
3346876
3346928
3346979
3346998
3347001
3347005
3347011
3347017
3347064
3347079
3347096
3347115
3347212
3347231
3347290
3347346
3347357
3347377
3347378
3347380
3347396
3347408
3347420
3347504
3347651
3347660
3347686
3347790
3347878
3347886
3347928
3347935
3347950
3347959
3347965
3347994
3348138
3348169
3348255
3348259
3348262
3348289
3348308
3348574
3349008
3351794
3351825
3351976
3352044
3352069
3352073
3352100
3352116
3352175
3352187
3352216
3352245
3352299
3352347
3352350
3352424
3352484
3352545
3352624
3352680
3352701
3352762
3352779
3352788
3352796
3352815
3352821
3352843
3352905
3352922
3352963
3352976
3352993
3353008
3353023
3353055
3353064
3353065
3353082
3353089
3353193
3353206
3353236
3353256
3353295
3353296
3353313
3353314
3353353
3353395
3353441
3353462
3353466
3353546
3353555
3353578
3353584
3353610
3353700
3353737
3353765
3353784
3353786
3353799
3353805
3353815
3353818
3353839
3353849
3353953
3353964
3354086
3354089
3354090
3354098
3354145
3354178
3354194
3354245
3354279
3354286
3354312
3354336
3354424
3354475
3354536
3354602
3354610
3354612
3354653
3354659
3354681
3354692
3354748
3354750
3354773
3354791
3354847
3354858
3354881
3354915
3355054
3355156
3355394
3356608
3356619
3356662
3356986
3357149
3357197
3357274
3357509
3357520
3357583
3357611
3357823
3357831
3357935
3358116
3358206
3358218
3358254
3358457
3358509
3358529
3358565
3358617
3358635
3358832
3358869
3358879
3358946
3358952
3359026
3359086
3359099
3359110
3359135
3359168
3359172
3359192
3359225
3359286
3359333
3359405
3359465
3359475
3359594
3359644
3359680
3359718
3359746
3359749
3359800
3359903
3359939
3359960
3359962
3359993
3360051
3360090
3360116
3360148
3360164
3360200
3360287
3360318
3360353
3360391
3360419
3360422
3360464
3360581
3360645
3360676
3360685
3360689
3360719
3360746
3360849
3360858
3360885
3360905
3360929
3361020
3361077
3361084
3361179
3361209
3361223
3361255
3361305
3361341
3361355
3361365
3361367
3361397
3361495
3361502
3361545
3361570
3361579
3361605
3361654
3361701
3361924
3362121
3362127
3362202
3362262
3362287
3362326
3362383
3362443
3362583
3362607
3362858
3362870
3362876
3362912
3362925
3362979
3363040
3363110
3363115
3363126
3363133
3363215
3363218
3363251
3363280
3363301
3363386
3363429
3363432
3363534
3363541
3363604
3363661
3363663
3363678
3363714
3363791
3363932
3363955
3363986
3363995
3364110
3364130
3364133
3364142
3364172
3364244
3364246
3364288
3364326
3364332
3364341
3364416
3364453
3364493
3364495
3364503
3364515
3364535
3364593
3364616
3364636
3364649
3364658
3364691
3364708
3364745
3364819
3364844
3364850
3364851
3364885
3364951
3364959
3364999
3365100
3365167
3365188
3365240
3365254
3365269
3365283
3365352
3365370
3365379
3365462
3365467
3365511
3365588
3365618
3365711
3365751
3365885
3365911
3365918
3365963
3366017
3366020
3366030
3366046
3366123
3366144
3366167
3366170
3366212
3366234
3366263
3366295
3366327
3366352
3366379
3366382
3366404
3366450
3366537
3366552
3366610
3366645
3366709
3366721
3366755
3366812
3366814
3366830
3366842
3366886
3366899
3366915
3366925
3366942
3366967
3366982
3366984
3367014
3367025
3367084
3367108
3367130
3367145
3367175
3367207
3367216
3367236
3367354
3367364
3367375
3367399
3367422
3367472
3367488
3367510
3367556
3367605
3367694
3367706
3367741
3367765
3367864
3367899
3367934
3367988
3368090
3368179
3368206
3368348
3368509
3368556
3368619
3368643
3368670
3368698
3368731
3368763
3368831
3368834
3373596
3373598
3373673
3373832
3373856
3373896
3373968
3374043
3374122
3374143
3374179
3374187
3374221
3374253
3374268
3374394
3374438
3374472
3374509
3374589
3374597
3374634
3374659
3374671
3374765
3374801
3374864
3374867
3374901
3374914
3374968
3374997
3375002
3375031
3375067
3375068
3375094
3375131
3375138
3375173
3375177
3375178
3375191
3375217
3375238
3375267
3375270
3375286
3375312
3375329
3375330
3375379
3375386
3375449
3375497
3375553
3375572
3375582
3375614
3375616
3375691
3375705
3375848
3375904
3376022
3376080
3376137
3376151
3376187
3376227
3376257
3376281
3376310
3376321
3376341
3376364
3376428
3376448
3376460
3376486
3376488
3376491
3376492
3376549
3376619
3376652
3376681
3376717
3376755
3376769
3376892
3376903
3376941
3376949
3377090
3377105
3377108
3377164
3377171
3377217
3377247
3377255
3377326
3377367
3377469
3377481
3377484
3377582
3377614
3377731
3377774
3377780
3377781
3377809
3377938
3377950
3377957
3377978
3378041
3378070
3378095
3378135
3378208
3378245
3378269
3378312
3378316
3378336
3378339
3378399
3378411
3378419
3378435
3378476
3378503
3378523
3378537
3378547
3378580
3378582
3378583
3378645
3378649
3378708
3378753
3378769
3378806
3378855
3378898
3378940
3378942
3378950
3379059
3379079
3379112
3379126
3379178
3379179
3379183
3379247
3379281
3379286
3379305
3379344
3379364
3379408
3379441
3379468
3379519
3379579
3379674
3379699
3379749
3379759
3379868
3379920
3379983
3380131
3380147
3380312
3380338
3380461
3380483
3380561
3380628
3380699
3380821
3380825
3380882
3380899
3381137
3381159
3381194
3381202
3381269
3381427
3381461
3381502
3381597
3381621
3381747
3381821
3381829
3381975
3382025
3382293
3382460
3382514
3382546
3382933
3383028
3383076
3383104
3383312
3383395
3383420
3383539
3383585
3383587
3383754
3383873
3383925
3383942
3384026
3384064
3384078
3384134
3384158
3384223
3384321
3384329
3384379
3384403
3384419
3384444
3384496
3384596
3384720
3384756
3384914
3384982
3385004
3385034
3385134
3385191
3385208
3385266
3385267
3385309
3385336
3385408
3385494
3385546
3385628
3385678
3385734
3385752
3385756
3385842
3385921
3385993
3386024
3386064
3386127
3386221
3386275
3386308
3386314
3386348
3386430
3386438
3386477
3386489
3386500
3386521
3386531
3386538
3386561
3386596
3386599
3386704
3386710
3386740
3386749
3386751
3386752
3386763
3386792
3386851
3386911
3386929
3387036
3387040
3387049
3387114
3387126
3387134
3387137
3387200
3387232
3387233
3387249
3387267
3387279
3387301
3387354
3387395
3387427
3387485
3387551
3387566
3387569
3387696
3387709
3387741
3387755
3387800
3387861
3387911
3387920
3387944
3387946
3387983
3387994
3388017
3388129
3388205
3388210
3388291
3388509
3388514
3388596
3388606
3388695
3388706
3388773
3388798
3388817
3388997
3389043
3389045
3389064
3389067
3389078
3389128
3389162
3389176
3389215
3389246
3389264
3389269
3389280
3389383
3389464
3389510
3389625
3389647
3389693
3389709
3389724
3389749
3389760
3389804
3389848
3389854
3389857
3389890
3390026
3390034
3390070
3390152
3390196
3390203
3390315
3390365
3390394
3390398
3390400
3390445
3390615
3390657
3390834
3391000
3391029
3391128
3391394
3395273
3395296
3395324
3395335
3395343
3395345
3395391
3395422
3395423
3395468
3395607
3395618
3395619
3395698
3395732
3395745
3395764
3395839
3395892
3395895
3395935
3396002
3396013
3396040
3396044
3396050
3396061
3396100
3396122
3396128
3396144
3396190
3396192
3396333
3396344
3396383
3396401
3396416
3396443
3396444
3396521
3396575
3396593
3396627
3396648
3396649
3396666
3396680
3396723
3396725
3396733
3396751
3396786
3396867
3396875
3396938
3396948
3396966
3397011
3397054
3397106
3397186
3397197
3397247
3397326
3397477
3397570
3397594
3397595
3397773
3397808
3397817
3397841
3397853
3397890
3398046
3398056
3398064
3398164
3398256
3398297
3398327
3398369
3398370
3398373
3398437
3398524
3398552
3398728
3398935
3398965
3399109
3399124
3399142
3399185
3399257
3399305
3399325
3399334
3399367
3399405
3399422
3399516
3399531
3399557
3399661
3399789
3399794
3399811
3400047
3400069
3400105
3400134
3400193
3400249
3400383
3400477
3400544
3400633
3400738
3400782
3400810
3400858
3400890
3400906
3400927
3400937
3400987
3400992
3401020
3401046
3401056
3401141
3401150
3401275
3401360
3401434
3401464
3401510
3401683
3401693
3401751
3401924
3401955
3401991
