0.000000 1.000000 1.000000 1.000000
0.025000 0.775510 0.740741 0.740741
0.050000 0.628099 0.674157 0.674157
0.075000 0.587629 0.659341 0.659341
0.100000 0.565056 0.636605 0.636605
0.125000 0.520548 0.576108 0.576108
0.150000 0.462475 0.519537 0.519537
0.175000 0.406728 0.497034 0.497034
0.200000 0.379052 0.456625 0.456625
0.225000 0.361140 0.410823 0.410823
0.250000 0.306947 0.366810 0.366810
0.275000 0.271252 0.328678 0.328678
0.300000 0.244242 0.280578 0.280578
0.325000 0.209233 0.236187 0.236187
0.350000 0.169319 0.190109 0.190109
0.375000 0.130078 0.096187 0.096187
0.400000 0.058580 0.034007 0.034007
0.425000 0.020706 0.030432 0.030432
0.450000 0.000000 0.000000 0.000000
0.475000 0.000000 0.000000 0.000000
0.500000 0.000000 0.000000 0.000000
0.525000 0.000000 0.000000 0.000000
0.550000 0.000000 0.000000 0.000000
0.575000 0.000000 0.000000 0.000000
0.600000 0.000000 0.000000 0.000000
0.625000 0.000000 0.000000 0.000000
0.650000 0.000000 0.000000 0.000000
0.675000 0.000000 0.000000 0.000000
0.700000 0.000000 0.000000 0.000000
0.725000 0.000000 0.000000 0.000000
0.750000 0.000000 0.000000 0.000000
0.775000 0.000000 0.000000 0.000000
0.800000 0.000000 0.000000 0.000000
0.825000 0.000000 0.000000 0.000000
0.850000 0.000000 0.000000 0.000000
0.875000 0.000000 0.000000 0.000000
0.900000 0.000000 0.000000 0.000000
0.925000 0.000000 0.000000 0.000000
0.950000 0.000000 0.000000 0.000000
0.975000 0.000000 0.000000 0.000000
1.000000 0.000000 0.000000 0.000000
