0.000000 1.000000 1.000000 1.000000
0.025000 0.584906 0.647059 0.647059
0.050000 0.584906 0.647059 0.647059
0.075000 0.584906 0.622642 0.622642
0.100000 0.503030 0.591928 0.591928
0.125000 0.488263 0.576923 0.576923
0.150000 0.454545 0.528000 0.528000
0.175000 0.426901 0.519187 0.519187
0.200000 0.398568 0.495292 0.495292
0.225000 0.369565 0.470588 0.470588
0.250000 0.350168 0.440428 0.440428
0.275000 0.322082 0.400442 0.400442
0.300000 0.291375 0.346188 0.346188
0.325000 0.251158 0.315867 0.315867
0.350000 0.225135 0.276379 0.276379
0.375000 0.184506 0.229767 0.229767
0.400000 0.142918 0.145379 0.145379
0.425000 0.082001 0.058303 0.058303
0.450000 0.034623 0.037238 0.037238
0.475000 0.024967 0.000000 0.000000
0.500000 0.000000 0.000000 0.000000
0.525000 0.000000 0.000000 0.000000
0.550000 0.000000 0.000000 0.000000
0.575000 0.000000 0.000000 0.000000
0.600000 0.000000 0.000000 0.000000
0.625000 0.000000 0.000000 0.000000
0.650000 0.000000 0.000000 0.000000
0.675000 0.000000 0.000000 0.000000
0.700000 0.000000 0.000000 0.000000
0.725000 0.000000 0.000000 0.000000
0.750000 0.000000 0.000000 0.000000
0.775000 0.000000 0.000000 0.000000
0.800000 0.000000 0.000000 0.000000
0.825000 0.000000 0.000000 0.000000
0.850000 0.000000 0.000000 0.000000
0.875000 0.000000 0.000000 0.000000
0.900000 0.000000 0.000000 0.000000
0.925000 0.000000 0.000000 0.000000
0.950000 0.000000 0.000000 0.000000
0.975000 0.000000 0.000000 0.000000
1.000000 0.000000 0.000000 0.000000
