2979123
2979148
2979157
2979170
2979174
2979218
2979249
2979286
2979646
2979881
3034948
3035008
3035047
3035128
3035149
3035184
3035186
3035221
3035226
3035266
3035271
3035352
3035364
3035703
3035722
3035785
3035788
3035845
3035872
3035874
3035896
3035908
3035941
3035971
3035989
3036000
3036087
3036089
3036100
3036216
3036220
3036242
3036292
3036339
3036425
3036440
3036461
3036469
3036495
3036497
3037767
3037904
3037912
3037941
3038167
3038219
3038244
3038346
3038413
3038501
3038507
3038520
3038555
3038592
3038600
3038624
3038648
3038655
3038678
3038769
3038822
3038832
3038857
3038941
3038951
3038967
3038976
3039049
3039059
3039139
3039167
3039195
3040386
3040398
3040403
3040407
3040457
3040463
3040543
3040616
3040624
3040706
3040725
3040792
3040816
3040833
3040848
3040870
3040873
3040885
3040887
3040925
3040957
3040980
3040993
3041016
3041030
3041044
3041053
3041081
3041098
3041106
3041174
3041220
3041230
3041265
3041304
3041326
3041344
3041394
3041431
3041447
3041451
3041452
3041457
3041494
3041556
3041674
3041716
3041731
3041760
3041794
3041948
3043104
3043213
3043296
3043301
3043336
3043383
3043431
3043472
3043493
3043536
3043539
3043581
3043600
3043607
3043635
3043641
3043683
3043724
3043727
3043750
3043791
3043797
3043879
3043896
3043966
3043983
3043993
3044003
3044014
3044094
3044143
3044168
3044201
3044209
3044229
3044239
3044250
3044384
3044507
3044523
3044532
3044673
3045695
3045768
3045769
3045781
3045783
3045798
3045814
3045884
3046013
3046064
3046112
3046121
3046129
3046143
3046158
3046165
3046209
3046252
3046269
3046282
3046306
3046333
3046368
3046371
3046401
3046463
3046486
3046491
3046542
3046561
3046562
3046571
3046621
3046622
3046630
3046647
3046668
3046689
3046690
3046710
3046724
3046770
3046795
3046865
3046872
3046878
3046898
3046914
3046958
3047005
3047008
3047011
3047050
3047091
3047099
3047102
3047108
3047116
3047126
3047151
3047228
3047244
3047298
3047299
3047385
3047386
3047400
3048437
3048445
3048455
3048504
3048534
3048584
3048718
3048726
3048785
3048831
3048836
3048872
3048874
3048901
3048907
3048993
3049006
3049008
3049061
3049089
3049100
3049124
3049165
3049174
3049196
3049218
3049253
3049262
3049274
3049294
3049313
3049338
3049351
3049447
3049455
3049457
3049477
3049492
3049494
3049497
3049521
3049533
3049580
3049668
3049703
3049742
3049745
3049749
3049760
3049870
3049888
3049944
3049986
3049996
3051171
3051288
3051304
3051308
3051312
3051359
3051458
3051461
3051484
3051508
3051511
3051639
3051660
3051691
3051713
3051738
3051768
3051777
3051780
3051831
3051930
3051969
3051982
3051998
3052018
3052081
3052112
3052133
3052178
3052187
3052199
3052217
3052232
3052281
3052360
3052372
3052472
3052474
3052479
3052492
3052539
3052551
3052596
3052627
3052679
3052688
3052697
3052704
3052716
3052771
3052796
3052797
3052825
3052877
3052884
3052900
3052943
3053007
3053016
3053035
3053050
3053064
3053065
3053088
3053131
3053162
3053169
3053172
3053187
3053256
3053301
3053319
3053371
3054437
3054457
3054572
3054575
3054622
3054647
3054677
3054704
3054714
3054725
3054736
3054738
3054743
3054790
3054811
3054825
3055014
3055015
3055047
3055054
3055064
3055104
3055162
3055165
3055340
3055343
3055890
3055893
3055899
3055930
3055954
3055988
3056007
3056009
3056016
3056031
3056098
3056128
3056597
3056618
3056623
3056634
3056665
3056672
3056683
3056714
3056732
3056743
3056750
3056812
3056839
3056850
3056866
3056928
3056937
3056959
3056992
3057020
3057053
3057068
3057120
3057166
3057176
3057183
3057189
3057198
3057205
3057230
3057238
3057246
3057257
3057261
3057303
3057368
3057458
3057459
3057492
3057494
3057619
3057630
3057644
3057650
3057659
3057691
3057821
3058712
3058721
3058734
3058740
3058790
3058868
3058987
3059007
3059071
3059190
3059213
3059272
3059340
3059342
3059458
3059464
3059509
3059594
3059595
3059596
3059624
3059633
3059761
3059768
3059775
3059781
3059809
3059833
3059836
3059840
3059973
3060047
3060079
3060087
3060114
3060182
3060196
3060197
3060204
3060234
3060241
3060245
3060270
3060333
3060357
3060367
3060369
3060374
3060382
3061404
3061414
3061493
3061554
3061606
3061623
3061644
3061647
3061673
3061682
3061684
3061705
3061710
3061723
3061732
3061755
3061839
3061843
3061865
3061908
3061951
3061953
3062097
3062123
3062136
3062149
3062167
3062180
3062181
3062213
3062259
3062277
3062280
3062283
3062434
3062543
3062589
3062601
3062609
3062611
3062657
3062660
3062706
3062751
3062796
3062821
3062827
3062830
3062850
3062875
3062908
3062938
3062943
3062973
3062990
3063064
3063135
3063179
3064167
3064205
3064215
3064260
3064329
3064331
3064362
3064365
3064384
3064392
3064410
3064411
3064458
3064477
3064484
3064489
3064551
3064559
3064607
3064635
3064646
3064655
3064665
3064679
3064700
3064767
3064772
3064787
3064830
3064856
3064898
3064914
3064959
3064962
3064984
3064986
3064992
3065003
3065007
3065035
3065073
3065075
3065333
3065357
3065373
3065393
3065394
3065409
3065426
3065427
3065437
3065468
3065469
3065509
3065523
3065574
3065618
3065682
3065684
3065791
3066812
3066824
3066892
3066908
3066916
3066945
3066962
3066967
3066993
3067015
3067018
3067160
3067162
3067185
3067189
3067223
3067250
3067267
3067275
3067279
3067298
3067328
3067332
3067350
3067377
3067428
3067445
3067470
3067513
3067558
3067608
3067623
3067631
3067651
3067680
3067685
3067696
3067744
3067763
3067831
3067874
3067962
3067985
3068036
3068040
3068100
3068113
3068151
3068162
3068167
3068171
3068175
3068185
3068218
3068221
3068232
3068254
3068332
3068358
3068371
3068472
3068499
3068560
3069544
3069593
3069666
3069787
3069806
3069821
3069940
3069949
3070054
3070152
3070161
3070167
3070198
3070252
3070411
3070435
3070471
3070518
3070538
3070546
3070568
3070583
3070790
3070879
3070926
3070935
3071027
3071099
3071151
3071222
3072502
3072506
3072614
3072705
3072708
3072790
3072791
3072795
3072827
3072829
3072864
3072875
3072879
3072917
3072947
3072952
3072957
3072964
3072973
3073012
3073023
3073024
3073030
3073040
3073043
3073047
3073051
3073109
3073150
3073246
3073248
3073286
3073299
3073335
3073348
3073392
3073405
3073443
3073447
3073466
3073476
3073595
3073655
3073674
3073698
3073776
3073790
3073796
3073806
3073851
3073861
3073910
3073925
3074975
3074990
3075039
3075052
3075064
3075085
3075108
3075122
3075123
3075148
3075155
3075215
3075226
3075296
3075312
3075397
3075404
3075426
3075433
3075467
3075499
3075502
3075528
3075551
3075553
3075554
3075565
3075643
3075649
3075681
3075728
3075750
3075762
3075784
3075785
3075800
3075828
3075855
3075868
3075878
3075879
3075884
3075907
3075945
3075970
3075975
3075976
3076000
3076013
3076020
3076033
3076087
3076112
3076152
3076171
3076172
3076238
3076333
3076336
3076363
3076372
3076387
3076466
3076468
3076482
3076501
3076507
3076508
3076521
3076527
3077720
3077806
3077807
3077869
3077930
3077971
3077995
3078036
3078159
3078169
3078219
3078227
3078260
3078323
3078358
3078399
3078453
3078488
3078509
3078621
3078657
3078672
3078673
3078692
3078701
3078702
3078738
3078789
3078827
3078914
3078936
3078943
3078992
3079017
3079029
3079083
3079126
3079267
3079282
3079366
3080395
3080566
3080603
3080636
3080760
3080798
3080839
3080873
3080887
3080901
3080905
3081029
3081053
3081083
3081111
3081158
3081181
3081204
3081207
3081216
3081226
3081230
3081233
3081300
3081301
3081314
3081315
3081323
3081344
3081359
3081389
3081417
3081441
3081488
3081491
3081495
3081497
3081515
3081539
3081611
3081613
3081756
3081798
3081844
3081848
3081881
3081906
3081911
3081924
3081946
3081957
3082002
3082021
3082030
3082073
3082107
3083202
3083249
3083265
3083279
3083282
3083317
3083330
3083417
3083419
3083488
3083490
3083505
3083586
3083616
3083641
3083657
3083666
3083739
3083783
3083812
3083869
3083880
3083885
3083901
3083921
3083925
3083946
3083994
3084075
3084104
3084129
3084229
3084250
3084256
3084272
3084315
3084340
3084383
3084413
3084436
3084447
3084452
3084482
3084506
3084521
3084557
3084561
3084573
3084576
3084583
3084616
3084624
3084626
3084737
3084740
3084786
3085779
3085790
3085863
3085899
3085921
3085932
3086006
3086007
3086067
3086075
3086092
3086104
3086126
3086184
3086286
3086315
3086321
3086366
3086376
3086418
3086426
3086467
3086489
3086529
3086561
3086665
3086671
3086684
3086697
3086745
3086757
3086838
3086881
3086921
3086928
3086948
3086965
3086989
3087066
3087263
3087269
3087272
3087306
3087334
3087366
3087432
3087433
3088512
3088524
3088552
3088576
3088610
3088645
3088651
3088668
3088678
3088702
3088728
3088768
3088783
3088801
3088807
3088866
3088878
3088904
3088951
3088965
3088973
3089009
3089032
3089054
3089078
3089113
3089119
3089183
3089234
3089269
3089270
3089279
3089349
3089468
3089590
3089616
3089635
3089651
3089666
3089710
3089731
3089796
3089855
3089856
3089899
3089904
3089971
3089988
3090002
3090009
3090018
3090025
3090055
3090082
3090143
3090165
3090197
3090198
3091237
3091242
3091249
3091255
3091266
3091290
3091333
3091334
3091349
3091372
3091411
3091416
3091424
3091431
3091450
3091486
3091488
3091504
3091564
3091572
3091593
3091604
3091636
3091654
3091688
3091707
3091730
3091751
3091831
3091859
3091903
3091925
3091932
3091999
3092005
3092028
3092061
3092066
3092150
3092209
3092236
3092254
3092259
3092311
3092319
3092369
3092406
3092415
3092470
3092519
3092546
3092549
3092587
3092604
3092611
3092629
3092673
3092710
3092723
3092729
3092731
3092745
3092791
3093927
3093945
3093957
3094115
3094181
3094267
3094292
3094313
3094314
3094367
3094446
3094448
3094475
3094479
3094502
3094516
3094523
3094567
3094588
3094715
3094721
3094759
3094830
3094835
3094867
3094922
3094930
3094961
3095039
3095077
3095122
3095144
3095154
3095230
3095240
3095257
3095274
3095279
3095318
3095350
3095358
3095386
3095468
3095482
3095507
3095509
3095584
3096653
3096698
3096728
3096789
3096805
3096812
3096826
3096837
3096843
3096859
3096918
3096958
3097060
3097082
3097098
3097106
3097139
3097153
3097301
3097313
3097325
3097328
3097345
3097348
3097363
3097381
3097441
3097476
3097502
3097554
3097588
3097593
3097599
3097674
3097684
3097694
3097751
3097761
3097792
3097832
3097833
3097837
3097892
3097895
3097953
3097969
3097979
3097989
3097994
3097996
3098021
3098058
3098070
3098090
3098105
3098156
3098168
3098175
3098199
3098232
3098409
3099384
3099423
3099484
3099533
3099558
3099619
3099672
3099763
3099766
3099794
3099828
3099851
3099943
3100012
3100019
3100028
3100082
3100095
3100142
3100158
3100199
3100205
3100266
3100275
3100307
3100323
3100331
3100341
3100387
3100413
3100471
3100511
3100525
3100575
3100623
3100654
3100681
3100701
3100703
3100719
3100729
3100769
3100805
3100814
3100843
3100868
3101068
3102132
3102143
3102144
3102166
3102184
3102187
3102188
3102248
3102275
3102288
3102350
3102382
3102406
3102429
3102467
3102497
3102525
3102531
3102536
3102537
3102562
3102614
3102616
3102647
3102757
3102770
3102878
3102909
3103019
3103025
3103150
3103168
3103192
3103207
3103210
3103230
3103237
3103247
3103257
3103299
3103306
3103340
3103357
3103363
3103395
3103411
3103455
3103475
3103482
3103519
3103531
3103614
3104754
3104790
3104838
3104853
3104874
3104896
3104994
3105014
3105036
3105042
3105116
3105139
3105188
3105207
3105349
3105398
3105402
3105524
3105545
3105551
3105659
3105675
3105746
3105760
3105768
3105900
3105949
3105980
3106028
3106033
3106054
3106065
3106144
3106227
3106270
3106369
3106392
3107178
3107180
3107232
3107269
3107314
3107359
3107382
3107407
3107443
3107484
3107493
3107497
3107507
3107530
3107575
3107597
3107618
3107689
3107690
3107692
3107710
3107717
3107721
3107757
3107781
3107827
3107830
3107848
3107860
3107898
3107942
3107987
3107993
3108003
3108558
3108586
3108610
3108635
3108713
3108945
3108950
3108957
3108961
3108983
3108986
3109002
3109003
3109013
3109014
3109064
3109072
3109079
3109296
3109443
3110494
3110527
3110573
3110583
3110599
3110868
3110876
3110887
3110896
3110937
3111016
3111031
3111062
3111064
3111121
3111122
3111137
3111174
3111197
3111198
3111323
3111369
3111378
3111398
3111435
3111465
3111470
3111505
3111561
3111567
3111629
3111635
3111636
3111644
3111660
3111672
3111683
3111713
3111716
3111731
3111767
3111794
3111803
3111809
3111830
3111836
3111854
3111921
3111924
3111952
3111962
3111979
3111986
3111990
3112028
3112138
3112152
3113300
3113309
3113352
3113404
3113426
3113493
3113557
3113561
3113606
3113697
3113746
3113763
3113794
3113796
3113829
3113872
3113875
3113886
3113920
3113977
3114164
3114215
3114216
3114264
3114270
3114275
3114280
3114282
3114335
3114360
3114470
3114480
3114655
3114785
3114817
3115794
3115812
3115835
3115847
3115863
3115880
3115899
3115943
3115951
3116397
3116398
3117039
3117060
3117104
3117106
3117185
3117199
3117232
3117262
3117289
3117306
3117334
3117335
3117389
3117409
3117471
3117479
3117480
3117488
3117501
3117539
3117552
3117556
3117602
3117662
3117683
3117690
3117720
3117729
3117730
3117775
3117872
3117888
3117932
3117945
3117968
3117978
3117982
3117986
3117997
3117999
3118020
3118022
3118029
3118031
3118108
3118207
3118240
3118265
3118276
3118304
3118355
3118356
3118399
3118405
3118406
3118408
3118418
3118419
3118461
3118472
3118586
3118596
3118604
3118621
3118648
3119691
3119750
3119785
3119791
3119792
3119836
3119845
3119858
3119893
3119910
3119927
3119932
3119936
3119954
3119962
3119977
3120028
3120133
3120137
3120191
3120238
3120248
3120272
3120286
3120313
3120323
3120434
3120532
3120545
3120770
3120844
3120847
3120871
3120907
3120962
3121052
3121108
3121112
3121114
3121120
3121126
3121135
3121142
3121144
3121179
3121204
3121228
3121262
3121793
3121802
3122395
3122431
3122448
3122465
3122487
3122515
3122522
3122530
3122549
3122602
3122665
3122785
3122828
3122839
3122866
3122927
3123000
3123010
3123060
3123080
3123093
3123111
3123141
3123153
3123162
3123173
3123249
3123280
3123294
3123296
3123314
3123367
3123371
3123401
3123419
3123440
3123487
3123501
3123514
3123515
3123528
3123543
3123552
3123624
3123674
3123722
3123782
3123857
3123864
3123884
3123887
3123918
3123941
3123950
3123963
3123966
3123971
3124005
3124021
3124042
3124056
3124076
3124401
3125067
3125075
3125119
3125156
3125211
3125213
3125245
3125287
3125293
3125307
3125312
3125488
3125496
3125501
3125532
3125560
3125649
3125687
3125704
3125756
3125767
3125815
3125827
3125835
3125873
3125877
3125898
3125915
3125924
3125932
3125996
3126011
3126024
3126028
3126039
3126101
3126131
3126143
3126150
3126156
3126220
3126259
3126277
3126284
3126290
3126343
3126356
3126392
3126393
3126410
3126433
3126440
3126491
3126503
3126524
3126526
3126546
3126553
3126567
3126639
3126652
3126666
3126668
3126670
3126680
3126706
3126761
3126811
3126823
3127837
3127893
3127915
3127936
3127969
3127988
3128048
3128174
3128221
3128328
3128344
3128347
3128350
3128388
3128444
3128451
3128554
3128558
3128559
3128607
3128615
3128647
3128674
3128739
3128885
3128932
3128935
3128973
3128981
3128985
3129018
3129046
3129122
3129132
3129140
3129197
3129199
3129220
3129233
3129315
3129367
3129378
3129395
3129417
3130617
3130644
3130683
3130688
3130726
3130732
3130753
3130787
3130818
3130845
3130867
3130878
3130896
3130898
3130919
3130957
3130998
3131029
3131061
3131100
3131139
3131151
3131192
3131226
3131248
3131265
3131300
3131335
3131344
3131364
3131398
3131508
3131623
3131636
3131657
3131672
3131703
3131717
3131745
3131794
3131800
3131860
3131861
3131884
3131904
3131939
3131950
3131962
3131970
3131988
3132000
3132072
3132075
3132088
3132095
3132099
3132100
3132124
3132154
3132155
3132158
3132159
3132180
3132182
3132192
3133211
3133288
3133297
3133311
3133327
3133364
3133371
3133422
3133466
3133469
3133470
3133484
3133500
3133504
3133522
3133532
3133537
3133604
3133654
3133708
3133741
3133744
3133759
3133766
3133778
3133818
3133825
3133837
3133845
3133850
3133862
3133893
3133902
3133938
3133979
3133990
3134022
3134027
3134051
3134052
3134081
3134103
3134237
3134267
3134283
3134375
3134396
3134405
3134431
3134485
3134486
3134505
3134562
3134575
3134584
3134656
3134675
3134691
3134698
3134715
3134737
3134771
3134857
3134858
3134862
3135937
3135940
3135971
3136007
3136028
3136039
3136048
3136102
3136117
3136154
3136158
3136196
3136234
3136235
3136244
3136245
3136287
3136333
3136348
3136362
3136399
3136407
3136486
3136513
3136524
3136539
3136541
3136839
3136907
3136968
3136973
3136980
3136988
3137021
3137026
3137073
3137108
3137117
3137125
3137152
3137188
3137225
3137234
3137279
3137353
3137354
3137376
3137398
3137404
3137406
3137415
3137421
3137471
3137516
3137573
3137582
3137605
3137706
3138826
3138871
3138921
3138940
3138945
3138954
3138998
3139040
3139061
3139073
3139075
3139109
3139115
3139330
3139340
3139349
3139363
3139371
3139477
3139502
3139521
3139559
3139591
3139608
3139641
3139654
3139665
3139715
3139721
3139838
3139883
3139893
3139942
3139956
3139982
3139989
3140001
3140008
3140054
3140099
3140104
3140217
3140238
3140241
3140249
3140275
3140322
3140324
3140325
3140335
3140356
3140362
3140372
3142134
3142138
3142229
3142243
3142244
3142246
3142375
3142382
3142403
3142483
3142572
3142662
3142695
3142709
3142766
3142776
3142827
3142828
3142842
3142845
3142863
3142898
3142979
3143042
3143059
3143309
3143418
3143490
3143513
3143559
3143710
3143720
3143745
3143752
3143770
3143786
3143809
3143880
3143910
3143938
3143950
3144057
3144309
3144430
3144778
3144865
3144925
3144988
3145089
3145095
3145107
3145122
3145198
3147165
3147209
3147213
3147244
3147357
3147394
3147404
3147577
3147746
3147748
3147805
3147840
3147961
3148011
3148099
3148116
3148122
3148200
3148238
3148292
3148343
3148436
3148549
3148588
3148675
3148787
3148826
3148914
3148986
3149090
3149096
3149127
3149149
3149166
3149167
3149233
3149272
3149304
3149343
3149525
3149568
3149673
3149717
3149727
3149731
3149737
3149787
3149927
3149942
3150022
3150355
3152360
3152385
3152395
3152613
3152675
3152690
3152786
3152989
3153085
3153122
3153137
3153176
3153271
3153286
3153319
3153445
3153449
3153619
3153623
3153700
3153955
3153970
3154064
3154179
3154316
3154341
3154437
3154444
3154507
3154623
3154668
3154767
3154789
3154798
3154820
3154851
3154857
3154872
3154880
3154947
3155011
3155082
3155171
3156354
3156423
3156435
3156445
3156482
3156504
3156516
3156541
3156620
3156645
3156683
3156699
3156701
3156712
3156714
3156744
3156763
3156804
3156811
3156854
3156890
3156917
3156926
3156934
3156975
3157020
3157043
3157054
3157149
3157162
3157172
3157181
3157194
3157213
3157224
3157289
3157321
3157401
3157405
3157412
3157442
3157475
3157482
3157516
3157527
3157535
3157582
3157594
3157608
3157679
3157739
3157794
3157797
3157831
3157857
3157861
3157873
3157890
3157896
3157928
3157934
3157961
3159264
3159309
3159360
3159362
3159374
3159427
3159448
3159495
3159498
3159789
3159812
3159895
3159897
3159902
3159926
3159998
3160013
3160016
3160028
3160030
3160042
3160057
3160097
3160176
3160210
3160250
3160266
3160268
3160269
3160288
3160312
3160330
3160354
3160355
3160356
3160438
3160444
3160451
3160468
3160492
3160497
3160513
3160541
3160551
3160587
3160612
3160644
3160648
3160671
3160687
3160812
3161862
3161902
3161916
3162010
3162011
3162027
3162052
3162095
3162119
3162166
3162172
3162238
3162258
3162349
3162366
3162385
3162428
3162482
3162529
3162574
3162590
3162601
3162623
3162638
3162679
3162685
3162694
3162717
3162749
3162778
3162799
3162803
3162822
3162851
3162871
3162896
3162898
3162922
3162962
3163033
3163050
3163051
3163079
3163081
3163090
3163131
3163144
3163156
3163193
3163230
3163250
3163288
3163290
3163348
3163350
3163356
3163395
3164628
3164636
3164671
3164682
3164688
3164796
3164828
3164829
3164876
3164880
3164929
3164949
3164954
3165004
3165038
3165072
3165101
3165117
3165163
3165204
3165218
3165264
3165266
3165267
3165312
3165313
3165321
3165324
3165334
3165366
3165426
3165434
3165449
3165477
3165524
3165565
3165583
3165767
3165794
3165822
3165836
3165839
3165852
3165854
3165876
3165912
3165935
3165949
3165951
3165953
3165999
3166056
3166068
3166113
3166127
3166160
3166162
3166168
3166188
3166253
3166263
3167488
3167489
3167490
3167495
3167506
3167521
3167542
3167654
3167681
3167705
3167735
3167743
3167773
3167837
3167875
3167913
3168001
3168014
3168060
3168103
3168123
3168134
3168225
3168279
3168339
3168349
3168350
3168371
3168441
3168457
3168508
3168575
3168590
3168603
3168609
3168610
3168618
3168669
3168676
3168685
3168704
3168723
3168761
3168793
3168796
3168821
3168845
3168848
3168849
3168857
3168977
3168982
3170077
3170183
3170231
3170250
3170258
3170271
3170280
3170291
3170318
3170342
3170356
3170359
3170385
3170420
3170423
3170427
3170520
3170530
3170551
3170574
3170596
3170603
3170606
3170640
3170666
3170695
3170726
3170735
3170760
3170767
3170830
3170858
3170920
3170925
3170943
3170948
3170957
3170965
3171058
3171108
3171150
3171187
3171205
3171217
3171244
3171434
3171465
3171511
3171550
3171573
3171595
3172901
3172906
3172909
3172952
3172964
3172974
3172977
3172999
3173020
3173027
3173037
3173038
3173097
3173119
3173131
3173136
3173179
3173188
3173205
3173250
3173300
3173316
3173464
3173475
3173594
3173664
3173666
3173831
3173833
3173903
3173907
3173927
3173930
3173949
3173960
3174065
3174069
3174080
3174097
3174122
3174187
3174207
3174227
3174256
3174288
3174300
3174317
3174346
3174375
3174384
3174470
3174475
3175723
3175774
3175782
3175821
3175872
3175973
3175977
3175997
3175998
3176020
3176037
3176047
3176054
3176105
3176113
3176146
3176168
3176186
3176194
3176222
3176292
3176319
3176369
3176397
3176398
3176405
3176426
3176437
3176439
3176441
3176453
3176497
3176541
3176568
3176573
3176575
3176590
3176663
3176665
3176700
3176710
3176712
3176779
3176818
3176825
3176844
3176879
3176884
3176894
3176898
3177053
3177085
3177116
3177118
3177123
3177129
3177155
3177159
3178310
3178342
3178360
3178362
3178414
3178419
3178511
3178549
3178558
3178577
3178598
3178691
3178766
3178802
3178899
3178902
3178971
3178989
3179034
3179040
3179051
3179069
3179071
3179094
3179168
3179194
3179228
3179286
3179326
3179361
3179407
3179439
3179442
3179457
3179472
3179512
3179561
3179590
3179595
3179596
3179645
3179664
3179669
3179694
3179696
3179756
3179794
3179808
3179830
3179858
3179874
3179936
3179984
3181116
3181121
3181139
3181155
3181199
3181241
3181259
3181336
3181343
3181353
3181386
3181403
3181404
3181405
3181406
3181469
3181473
3181540
3181603
3181618
3181657
3181688
3181693
3181698
3181702
3181712
3181774
3181825
3181834
3181885
3181924
3181959
3181968
3182000
3182061
3182069
3182117
3182257
3182337
3182382
3182437
3182483
3182486
3182550
3182553
3182581
3182621
3182661
3182662
3183867
3183873
3183887
3183895
3183897
3183909
3183939
3183977
3183993
3184018
3184062
3184067
3184114
3184148
3184150
3184156
3184164
3184205
3184239
3184259
3184276
3184308
3184341
3184351
3184380
3184433
3184452
3184460
3184466
3184497
3184536
3184557
3184585
3184614
3184620
3184682
3184689
3184718
3184769
3184847
3184855
3184877
3184904
3184910
3184973
3184997
3185054
3185072
3185098
3185150
3185182
3185198
3185221
3185327
3186517
3186518
3186583
3186623
3186729
3186735
3186809
3186863
3186870
3186949
3186956
3187002
3187031
3187173
3187208
3187299
3187391
3187404
3187407
3187435
3187469
3187475
3187483
3187504
3187535
3187574
3187578
3187579
3187580
3187595
3187607
3187648
3187731
3187766
3187862
3187903
3187927
3188057
3188058
3190255
3190260
3190309
3190401
3190441
3190676
3190691
3190785
3190813
3190854
3190855
3191955
3192054
3192160
3192325
3192335
3192432
3192440
3192551
3192580
3192584
3192706
3192712
3192727
3192730
3192760
3192794
3192826
3192846
3192871
3192873
3192881
3192896
3192957
3192961
3192985
3193062
3193083
3193084
3193092
3193135
3193240
3193273
3193285
3193286
3193320
3193381
3193417
3193525
3194749
3194814
3194819
3194930
3194960
3194963
3195012
3195039
3195097
3195112
3195114
3195178
3195208
3195216
3195257
3195307
3195424
3195445
3195456
3195461
3195478
3195489
3195497
3195538
3195539
3195542
3195550
3195584
3195588
3195615
3195617
3195626
3195660
3195667
3195732
3195739
3195745
3195786
3195834
3195872
3195921
3195929
3195939
3195946
3195948
3195954
3195979
3196014
3196038
3196099
3196146
3196171
3196196
3196274
3197649
3198113
3198127
3198369
3198438
3198509
3198679
3198910
3199052
3199125
3199148
3199235
3199251
3199579
3199623
3199724
3199772
3199791
3199805
3199969
3200071
3200102
3200202
3200261
3200394
3200428
3200474
3200540
3200554
3200719
3200802
3203139
3203181
3203216
3203250
3203252
3203360
3203843
3203926
3203937
3203988
3204015
3204070
3204155
3204183
3204294
3204346
3204380
3204402
3204449
3208175
3208181
3208362
3208482
3208573
3208579
3208623
3208793
3208904
3209276
3209345
3209543
3209829
3210639
3213638
3213642
3213655
3213723
3213795
3213840
3213893
3213896
3213912
3214004
3214042
3214114
3214116
3214180
3214184
3214194
3214282
3214314
3214351
3214441
3214463
3214517
3214620
3214628
3214634
3214649
3214721
3214762
3214766
3214790
3214813
3214823
3214848
3215041
3215054
3215125
3215131
3215213
3215248
3215288
3215292
3215298
3215373
3215381
3215401
3215509
3215571
3215578
3215588
3215592
3215824
3215849
3215966
3216046
3216086
3216095
3216185
3216200
3216225
3216230
3216272
3216285
3216308
3216321
3216338
3216453
3216553
3216650
3218694
3218735
3218773
3218857
3218874
3219010
3219027
3219032
3219059
3219074
3219094
3219107
3219115
3219224
3219241
3219339
3219496
3219521
3219604
3219631
3219642
3219740
3219744
3219763
3219767
3219769
3219844
3220064
3220085
3220229
3220270
3220341
3220408
3220433
3220469
3220500
3220503
3220525
3220567
3220618
3220643
3220913
3220957
3221015
3221032
3221146
3221182
3221298
3221421
3221425
3221489
3221580
3221723
3221729
3221751
3221781
3221808
3223914
3223977
3224050
3224056
3224058
3224394
3224818
3224854
3224954
3225141
3225167
3225176
3225233
3225299
3225307
3225313
3225389
3225408
3225433
3225435
3225447
3225523
3225755
3225782
3225790
3225819
3225862
3225877
3226044
3226281
3226289
3226310
3226376
3226412
3226566
3226578
3226654
3226656
3226744
3226770
3226780
3226972
3227074
3228966
3229103
3229157
3229219
3229240
3229384
3229491
3229517
3229568
3229807
3229836
3229858
3229868
3229878
3230049
3230076
3230084
3230098
3230157
3230159
3230190
3230203
3230209
3230223
3230253
3230453
3230507
3230551
3230578
3230582
3230592
3230636
3230642
3230691
3230725
3230738
3230803
3230986
3231111
3231117
3231187
3231346
3231363
3231535
3231547
3231575
3231620
3231657
3231694
3231713
3231732
3231752
3231814
3231888
3231900
3231930
3231961
3231980
3232071
3232159
3234289
3234320
3234418
3234433
3234505
3234586
3234605
3234642
3234670
3234672
3234677
3234680
3234683
3234715
3234723
3234757
3234801
3234878
3234884
3234940
3234988
3235004
3235017
3235035
3235052
3235064
3235099
3235177
3235179
3235312
3235398
3235475
3235491
3235548
3235623
3235626
3235634
3235656
3235661
3235700
3235715
3235737
3235748
3235752
3235800
3235808
3235810
3235813
3235865
3235893
3235908
3235916
3235970
3236003
3236013
3236054
3236070
3236099
3236111
3236134
3236156
3236215
3236221
3236290
3236295
3236307
3236326
3236330
3236384
3236386
3236574
3236580
3236598
3236600
3236694
3236767
3236790
3236861
3236905
3236936
3236943
3237004
3237018
3237070
3237071
3237122
3237189
3237355
3239410
3239539
3239573
3239585
3239616
3239686
3239734
3239766
3239808
3239877
3239885
3239890
3239933
3239974
3240012
3240022
3240185
3240216
3240328
3240360
3240365
3240385
3240440
3240502
3240522
3240537
3240543
3240561
3240608
3240619
3240621
3240660
3240676
3240711
3240815
3240877
3240881
3240926
3240974
3241088
3241110
3241219
3241229
3241252
3241277
3241293
3241403
3241499
3241507
3241786
3241890
3241944
3242015
3242086
3242147
3242153
3242420
3244552
3244584
3244637
3244642
3244685
3244692
3244724
3244743
3244755
3244788
3244888
3244889
3244892
3245002
3245040
3245053
3245056
3245113
3245316
3245324
3245369
3245466
3245490
3245504
3245527
3245568
3245586
3245615
3245753
3245761
3245772
3245786
3245787
3245875
3245879
3245902
3245920
3245929
3245944
3245970
3246002
3246005
3246062
3246119
3247233
3247343
3247393
3247410
3247414
3247462
3247478
3247541
3247619
3247640
3247646
3247733
3247753
3247811
3247816
3247827
3247833
3247835
3247864
3247888
3247898
3247987
3248023
3248047
3248107
3248110
3248159
3248173
3248174
3248180
3248211
3248220
3248253
3248266
3248271
3248282
3248323
3248357
3248360
3248362
3248476
3248479
3248530
3248532
3248562
3248640
3248659
3248666
3248683
3248691
3248724
3248774
3249912
3249916
3249968
3249974
3249988
3250021
3250048
3250072
3250083
3250095
3250096
3250114
3250126
3250135
3250151
3250173
3250200
3250226
3250234
3250293
3250314
3250335
3250341
3250345
3250354
3250360
3250381
3250415
3250448
3250499
3250521
3250592
3250605
3250664
3250687
3250691
3250698
3250756
3250811
3250812
3250864
3250881
3250887
3250890
3250928
3250932
3250938
3250982
3251001
3251003
3251029
3251047
3251049
3251079
3251143
3251147
3251162
3251170
3251179
3251225
3251243
3251257
3251266
3251305
3251327
3251339
3251340
3251347
3251357
3251370
3251405
3251408
3251456
3251488
3252677
3252748
3252793
3252839
3252907
3252990
3253052
3253119
3253317
3253411
3253412
3253452
3253534
3253552
3253569
3253696
3253745
3253802
3253893
3253894
3253895
3253898
3253900
3253926
3253976
3254035
3254084
3254137
3254150
3254169
3255473
3255554
3255581
3255601
3255606
3255633
3255693
3255701
3255704
3255755
3255759
3255842
3255861
3255899
3255987
3256021
3256028
3256047
3256050
3256073
3256088
3256108
3256153
3256218
3256237
3256249
3256257
3256262
3256268
3256307
3256349
3256407
3256414
3256437
3256496
3256536
3256549
3256552
3256576
3256592
3256649
3256717
3256740
3256758
3256776
3256782
3256794
3256827
3258033
3258062
3258093
3258108
3258115
3258139
3258233
3258263
3258332
3258409
3258423
3258425
3258434
3258460
3258507
3258542
3258607
3258648
3258650
3258677
3258796
3259138
3259361
3259362
3259374
3259412
3259453
3259481
3259508
3259584
3259629
3259647
3259671
3259799
3259805
3260885
3260889
3260890
3260934
3261056
3261067
3261081
3261530
3261561
3261564
3261573
3261608
3261611
3261620
3261627
3261631
3261696
3261698
3261704
3261710
3261715
3261719
3261726
3261766
3261835
3261843
3261875
3261903
3261989
3262038
3262056
3262088
3262092
3262149
3262155
3262166
3262202
3262221
3262222
3262350
3262364
3262372
3262373
3262482
3262485
3262501
3263677
3263697
3263711
3263763
3263780
3263814
3263839
3263845
3263851
3263852
3263861
3263918
3263943
3263978
3264033
3264049
3264058
3264108
3264115
3264171
3264201
3264204
3264215
3264262
3264305
3264314
3264372
3264377
3264395
3264433
3264450
3264507
3264572
3264599
3264675
3264734
3264771
3264806
3264906
3264945
3265013
3265089
3265157
3265207
3265289
3265453
3265544
3265556
3265561
3265587
3265613
3265677
3265704
3265722
3265790
3265814
3265926
3265940
3265970
3268132
3268173
3268204
3268219
3268246
3268275
3268285
3268287
3268298
3268358
3268447
3268547
3268643
3268652
3268843
3269211
3269324
3269413
3269519
3269526
3269597
3269605
3269655
3269689
3269693
3269723
3269870
3269874
3269887
3269908
3270007
3270220
3270307
3270311
3270378
3270456
3270462
3270468
3270470
3270677
3270689
3270774
3270805
3270849
3270998
3271010
3271039
3271040
3273302
3273333
3273480
3273542
3273587
3273591
3273633
3273637
3273652
3273662
3273666
3273709
3273715
3273810
3273826
3273857
3273905
3274025
3274033
3274233
3274310
3274387
3274400
3274572
3274684
3274758
3274786
3274857
3274931
3274958
3274974
3274985
3275026
3275071
3275089
3275136
3275163
3275178
3275188
3275190
3275402
3275509
3275595
3275637
3275728
3275789
3275895
3276115
3276191
3278749
3322377
3322446
3323583
3330416
3330436
3330579
3331466
3331476
3332401
3333257
3334667
3334794
3334822
3334870
3335466
3335736
3336350
3341543
3341677
3341715
3341756
3341898
3341919
3341975
3342031
3342079
3342110
3342163
3342215
3342296
3342323
3342342
3342389
3342428
3342431
3342454
3342458
3342498
3342551
3342575
3342662
3342700
3342731
3342835
3342864
3342914
3342927
3342950
3343034
3343085
3343088
3343112
3343124
3343128
3343133
3343201
3343204
3343214
3343232
3343243
3343263
3343281
3343306
3343307
3343317
3343343
3343436
3343449
3343523
3343596
3343602
3343657
3343698
3343759
3343766
3343776
3343779
3343794
3343798
3343805
3343816
3343851
3343857
3343869
3343870
3343884
3343895
3343921
3343928
3343957
3343958
3343991
3344056
3344089
3344100
3344106
3344193
3344244
3344253
3344259
3344277
3344296
3344301
3344387
3344389
3344453
3344497
3344524
3344543
3344548
3344568
3344574
3344631
3344651
3344699
3344702
3344737
3344774
3344791
3344792
3344812
3344921
3344935
3344950
3345071
3345080
3345091
3345132
3345150
3345183
3345203
3345280
3345409
3345411
3345474
3345507
3345512
3345533
3345567
3345615
3345639
3345671
3345691
3345801
3345808
3345811
3345880
3345890
3345920
3345921
3345991
3346019
3346035
3346037
3346041
3346053
3346073
3346096
3346139
3346141
3346183
3346187
3346226
3346298
3346312
3346330
3346346
3346354
3346379
3346402
3346465
3346552
3346559
3346641
3346644
3346703
3346717
3346780
3346791
3346810
3346849
3346875
3346908
3346990
3347044
3347077
3347093
3347174
3347178
3347222
3347223
3347230
3347262
3347314
3347330
3347348
3347368
3347377
3347408
3347460
3347462
3347477
3347509
3347511
3347514
3347538
3347540
3347547
3347578
3347647
3347654
3347660
3347688
3347719
3347726
3347727
3347755
3347782
3347792
3347830
3347841
3347858
3347914
3347962
3348019
3348096
3348158
3348194
3348570
3348611
3348615
3348910
3350867
3351761
3351772
3351828
3351907
3351950
3352009
3352055
3352104
3352159
3352178
3352478
3352495
3352544
3352545
3352563
3352617
3352659
3352780
3352816
3352866
3352888
3352907
3352920
3352948
3352962
3352977
3352980
3352997
3353005
3353014
3353024
3353053
3353077
3353104
3353109
3353122
3353146
3353152
3353193
3353237
3353277
3353280
3353319
3353365
3353392
3353417
3353563
3353618
3353622
3353634
3353636
3353656
3353721
3353780
3353782
3353853
3353909
3353969
3354000
3354005
3354019
3354043
3354059
3354132
3354137
3354140
3354153
3354183
3354188
3354218
3354264
3354312
3354323
3354354
3354356
3354369
3354374
3354377
3354466
3354507
3354556
3354609
3354611
3354639
3354690
3354701
3354703
3354709
3354711
3354783
3354887
3354949
3355012
3355092
3355267
3355295
3355322
3355384
3355394
3356324
3356464
3356560
3356579
3356670
3356885
3357103
3357145
3357512
3357548
3357752
3357775
3357791
3358007
3358064
3358068
3358368
3358379
3358501
3358577
3358676
3358777
3358785
3358794
3358865
3358968
3358989
3359005
3359014
3359032
3359087
3359089
3359118
3359121
3359203
3359216
3359230
3359265
3359268
3359325
3359351
3359440
3359467
3359473
3359475
3359550
3359751
3359756
3359763
3359811
3359816
3359915
3359945
3359966
3360059
3360068
3360087
3360179
3360187
3360323
3360332
3360410
3360520
3360559
3360573
3360608
3360615
3360626
3360648
3360663
3360703
3360709
3360784
3360785
3360854
3360922
3361069
3361193
3361194
3361218
3361221
3361276
3361352
3361438
3361495
3361499
3361546
3361584
3361588
3361623
3361641
3361666
3361677
3361774
3361930
3362077
3362121
3362241
3362290
3362338
3362341
3362610
3362661
3362732
3362738
3362739
3362747
3362815
3362903
3362915
3362920
3362938
3362952
3362982
3362998
3363052
3363119
3363130
3363150
3363182
3363187
3363188
3363205
3363213
3363225
3363251
3363278
3363290
3363305
3363357
3363365
3363386
3363393
3363532
3363615
3363639
3363651
3363658
3363696
3363697
3363706
3363733
3363755
3363766
3363776
3363887
3363890
3363924
3363930
3364042
3364061
3364088
3364149
3364201
3364243
3364288
3364311
3364334
3364341
3364446
3364507
3364568
3364654
3364679
3364727
3364731
3364835
3364838
3364858
3364864
3364875
3364914
3364931
3364954
3365063
3365076
3365084
3365115
3365254
3365272
3365275
3365283
3365318
3365405
3365417
3365465
3365474
3365482
3365499
3365563
3365566
3365642
3365648
3365739
3365765
3365785
3365803
3365831
3365833
3365849
3365914
3365940
3365945
3365971
3366016
3366027
3366084
3366086
3366130
3366332
3366354
3366434
3366515
3366526
3366561
3366582
3366631
3366664
3366687
3366730
3366819
3366829
3366845
3366906
3366918
3366930
3367005
3367020
3367035
3367053
3367060
3367072
3367095
3367112
3367197
3367205
3367207
3367284
3367318
3367325
3367333
3367334
3367355
3367364
3367381
3367446
3367522
3367535
3367575
3367626
3367633
3367638
3367694
3367773
3367808
3367910
3367928
3367994
3368008
3368024
3368056
3368193
3368219
3368337
3368418
3368453
3368534
3368572
3368668
3368680
3368731
3368758
3368841
3373618
3373640
3373644
3373665
3373812
3373861
3373914
3373915
3373918
3373927
3374023
3374033
3374142
3374153
3374154
3374155
3374174
3374296
3374301
3374305
3374314
3374354
3374377
3374409
3374542
3374578
3374626
3374630
3374649
3374671
3374695
3374779
3374783
3374806
3374942
3374969
3375053
3375058
3375093
3375102
3375175
3375266
3375302
3375305
3375390
3375429
3375434
3375441
3375448
3375450
3375453
3375462
3375473
3375541
3375554
3375587
3375592
3375622
3375684
3375688
3375911
3375937
3375952
3375980
3376013
3376090
3376190
3376227
3376243
3376270
3376332
3376345
3376426
3376466
3376563
3376650
3376753
3376792
3377076
3377078
3377109
3377182
3377284
3377349
3377355
3377372
3377373
3377392
3377443
3377470
3377486
3377579
3377586
3377649
3377669
3377723
3377791
3377832
3377857
3377963
3377978
3377987
3378001
3378048
3378053
3378064
3378128
3378155
3378165
3378289
3378320
3378369
3378395
3378401
3378452
3378464
3378492
3378571
3378603
3378665
3378714
3378782
3378791
3378811
3378849
3378967
3378983
3378991
3379027
3379052
3379070
3379084
3379092
3379115
3379134
3379161
3379171
3379200
3379224
3379278
3379280
3379337
3379394
3379396
3379425
3379476
3379479
3379513
3379523
3379553
3379603
3379611
3379708
3379727
3379806
3379888
3379960
3380321
3380537
3380624
3380628
3380807
3380812
3380825
3380853
3380877
3380959
3380999
3381056
3381115
3381125
3381139
3381427
3381474
3381542
3381569
3381660
3381788
3381972
3381992
3382011
3382165
3382428
3382498
3382510
3382570
3382765
3382773
3382864
3382876
3382888
3382916
3383096
3383120
3383387
3383543
3383788
3383834
3383835
3383838
3383851
3383926
3384048
3384068
3384074
3384107
3384132
3384159
3384195
3384227
3384298
3384389
3384423
3384444
3384486
3384630
3384653
3384855
3384871
3384944
3384969
3384994
3385081
3385147
3385179
3385295
3385344
3385346
3385379
3385423
3385470
3385534
3385542
3385546
3385555
3385620
3385678
3385688
3385712
3385733
3385761
3385765
3385822
3385843
3385855
3385864
3385896
3385945
3385975
3386009
3386087
3386167
3386214
3386245
3386303
3386316
3386345
3386428
3386462
3386494
3386495
3386534
3386537
3386563
3386608
3386697
3386731
3386791
3386858
3386904
3386921
3386924
3386930
3386979
3387085
3387125
3387141
3387179
3387237
3387252
3387263
3387328
3387347
3387355
3387396
3387415
3387488
3387570
3387589
3387597
3387701
3387785
3387847
3387881
3387885
3387888
3387995
3388004
3388059
3388122
3388128
3388173
3388198
3388205
3388236
3388261
3388276
3388390
3388425
3388429
3388459
3388510
3388529
3388581
3388613
3388617
3388620
3388630
3388666
3388758
3388826
3388849
3388865
3388878
3388894
3388895
3388928
3388998
3389027
3389061
3389087
3389183
3389256
3389284
3389331
3389341
3389360
3389390
3389395
3389433
3389464
3389616
3389658
3389680
3389763
3389806
3389830
3389832
3389833
3389906
3389940
3389948
3390061
3390102
3390117
3390184
3390186
3390200
3390251
3390257
3390475
3390614
3390712
3390904
3390908
3390996
3391017
3395183
3395216
3395256
3395325
3395379
3395391
3395400
3395406
3395506
3395509
3395611
3395672
3395693
3395702
3395732
3395804
3395848
3395863
3395867
3396012
3396018
3396176
3396194
3396254
3396274
3396287
3396297
3396314
3396341
3396413
3396419
3396448
3396485
3396495
3396502
3396521
3396566
3396621
3396637
3396647
3396652
3396653
3396666
3396679
3396691
3396698
3396728
3396729
3396784
3396794
3396795
3396819
3396825
3396838
3396898
3396921
3396930
3396958
3397015
3397086
3397090
3397151
3397313
3397338
3397366
3397372
3397489
3397736
3397744
3397749
3397754
3397800
3397807
3397812
3397867
3397883
3398112
3398231
3398261
3398296
3398360
3398411
3398430
3398441
3398446
3398548
3398554
3398652
3398744
3398759
3398925
3398952
3399006
3399042
3399049
3399067
3399129
3399245
3399310
3399432
3399456
3399655
3399722
3399801
3400089
3400129
3400278
3400288
3400371
3400412
3400432
3400482
3400509
3400603
3400663
3400684
3401019
3401166
3401213
3401414
3401628
3401674
3401797
3401822
3401832
3401976
