0.000000 0.666667 0.702222 0.702222
0.025000 0.648649 0.702222 0.702222
0.050000 0.628478 0.685466 0.685466
0.075000 0.582996 0.662247 0.662247
0.100000 0.548571 0.631553 0.631553
0.125000 0.520607 0.595032 0.595032
0.150000 0.491468 0.573285 0.573285
0.175000 0.465052 0.545723 0.545723
0.200000 0.434512 0.512976 0.512976
0.225000 0.409091 0.485417 0.485417
0.250000 0.385852 0.444288 0.444288
0.275000 0.346059 0.403949 0.403949
0.300000 0.309553 0.358255 0.358255
0.325000 0.274256 0.304744 0.304744
0.350000 0.230078 0.239946 0.239946
0.375000 0.179708 0.156390 0.156390
0.400000 0.122787 0.067671 0.067671
0.425000 0.056090 0.032307 0.032307
0.450000 0.021352 0.000000 0.000000
0.475000 0.000000 0.000000 0.000000
0.500000 0.000000 0.000000 0.000000
0.525000 0.000000 0.000000 0.000000
0.550000 0.000000 0.000000 0.000000
0.575000 0.000000 0.000000 0.000000
0.600000 0.000000 0.000000 0.000000
0.625000 0.000000 0.000000 0.000000
0.650000 0.000000 0.000000 0.000000
0.675000 0.000000 0.000000 0.000000
0.700000 0.000000 0.000000 0.000000
0.725000 0.000000 0.000000 0.000000
0.750000 0.000000 0.000000 0.000000
0.775000 0.000000 0.000000 0.000000
0.800000 0.000000 0.000000 0.000000
0.825000 0.000000 0.000000 0.000000
0.850000 0.000000 0.000000 0.000000
0.875000 0.000000 0.000000 0.000000
0.900000 0.000000 0.000000 0.000000
0.925000 0.000000 0.000000 0.000000
0.950000 0.000000 0.000000 0.000000
0.975000 0.000000 0.000000 0.000000
1.000000 0.000000 0.000000 0.000000
