0.000000 0.640264 0.709172 0.709172
0.025000 0.640264 0.709172 0.709172
0.050000 0.605304 0.670551 0.670551
0.075000 0.564500 0.630392 0.630392
0.100000 0.528971 0.605742 0.605742
0.125000 0.498716 0.587013 0.587013
0.150000 0.483389 0.561834 0.561834
0.175000 0.458319 0.539454 0.539454
0.200000 0.432071 0.507011 0.507011
0.225000 0.400459 0.468961 0.468961
0.250000 0.365005 0.434615 0.434615
0.275000 0.333385 0.395478 0.395478
0.300000 0.295972 0.351444 0.351444
0.325000 0.259728 0.299265 0.299265
0.350000 0.220661 0.233011 0.233011
0.375000 0.169817 0.146858 0.146858
0.400000 0.114758 0.053934 0.053934
0.425000 0.043919 0.032665 0.032665
0.450000 0.021734 0.000000 0.000000
0.475000 0.000000 0.000000 0.000000
0.500000 0.000000 0.000000 0.000000
0.525000 0.000000 0.000000 0.000000
0.550000 0.000000 0.000000 0.000000
0.575000 0.000000 0.000000 0.000000
0.600000 0.000000 0.000000 0.000000
0.625000 0.000000 0.000000 0.000000
0.650000 0.000000 0.000000 0.000000
0.675000 0.000000 0.000000 0.000000
0.700000 0.000000 0.000000 0.000000
0.725000 0.000000 0.000000 0.000000
0.750000 0.000000 0.000000 0.000000
0.775000 0.000000 0.000000 0.000000
0.800000 0.000000 0.000000 0.000000
0.825000 0.000000 0.000000 0.000000
0.850000 0.000000 0.000000 0.000000
0.875000 0.000000 0.000000 0.000000
0.900000 0.000000 0.000000 0.000000
0.925000 0.000000 0.000000 0.000000
0.950000 0.000000 0.000000 0.000000
0.975000 0.000000 0.000000 0.000000
1.000000 0.000000 0.000000 0.000000
