2979202
2979791
2979872
2979873
3035069
3035188
3035229
3035270
3035308
3035363
3035750
3035854
3035931
3035967
3036001
3036096
3036182
3036221
3036265
3036276
3036304
3036432
3036438
3036494
3037926
3037927
3038047
3038049
3038124
3038192
3038346
3038601
3038637
3038659
3038715
3038736
3038785
3038797
3038810
3038823
3038889
3039005
3039036
3039074
3039093
3039170
3040383
3040425
3040472
3040543
3040702
3040714
3040727
3040791
3040823
3040921
3041118
3041145
3041157
3041505
3041614
3041622
3041668
3041739
3041741
3041757
3041764
3041941
3041982
3043283
3043322
3043325
3043588
3043714
3043743
3043857
3043955
3044010
3044027
3044070
3044139
3044162
3044183
3044434
3044591
3044643
3045716
3045732
3045778
3045796
3045822
3045880
3045918
3045921
3045928
3045954
3045962
3046019
3046039
3046110
3046117
3046127
3046231
3046236
3046290
3046324
3046514
3046597
3046620
3046647
3046672
3046691
3046715
3046838
3046937
3046959
3047011
3047077
3047151
3047171
3047265
3047317
3048489
3048551
3048592
3048615
3048625
3048674
3048836
3048911
3049012
3049225
3049239
3049305
3049308
3049416
3049473
3049518
3049543
3049688
3049705
3049757
3049846
3049954
3051397
3051532
3051551
3051707
3051853
3051905
3051917
3051949
3051958
3052135
3052330
3052356
3052419
3052432
3052457
3052545
3052730
3052919
3052946
3052991
3053002
3053024
3053034
3053067
3053127
3053159
3053219
3053234
3053247
3053275
3053323
3053327
3053336
3054466
3054629
3055025
3055041
3055121
3055547
3055804
3056035
3056047
3056100
3056626
3056670
3056714
3056716
3056806
3056910
3056928
3056970
3057172
3057183
3057248
3057365
3057490
3057513
3057570
3057664
3058745
3058863
3059189
3059324
3059487
3059567
3059581
3059608
3059644
3059645
3059669
3059711
3059754
3059856
3059885
3059992
3060057
3060071
3060130
3060199
3060220
3060245
3060291
3060322
3060353
3060376
3061417
3061514
3061545
3061641
3061777
3061793
3061909
3062024
3062074
3062118
3062152
3062272
3062359
3062402
3062440
3062588
3062598
3062643
3062852
3062937
3062939
3062974
3062977
3063001
3064233
3064241
3064327
3064328
3064336
3064393
3064496
3064549
3064616
3064641
3064642
3064719
3064748
3064811
3064933
3064978
3065313
3065315
3065386
3065473
3065487
3065516
3066875
3067038
3067058
3067149
3067165
3067295
3067404
3067419
3067436
3067481
3067524
3067527
3067809
3068008
3068013
3068093
3068222
3068232
3068240
3068269
3069617
3069623
3069657
3069686
3069692
3069857
3069873
3069927
3070242
3070407
3070467
3070518
3070565
3070598
3070775
3070827
3072446
3072477
3072522
3072545
3072622
3072649
3072686
3072694
3072976
3073013
3073136
3073261
3073289
3073395
3073472
3073515
3073595
3073604
3073615
3073633
3073638
3073639
3073674
3073764
3073821
3073865
3073904
3073959
3075055
3075172
3075436
3075468
3075491
3075629
3075638
3075902
3075955
3076005
3076067
3076109
3076111
3076122
3076154
3076388
3076499
3077805
3077848
3077858
3077894
3077909
3078129
3078210
3078492
3078619
3078820
3079037
3079206
3079211
3079278
3080640
3081004
3081167
3081599
3081611
3081661
3081663
3081691
3081842
3081878
3081947
3081956
3082079
3082476
3083219
3083387
3083449
3083524
3083529
3083532
3083751
3083777
3083876
3083894
3084097
3084198
3084252
3084327
3084372
3084397
3084414
3084539
3084725
3084739
3085912
3085933
3085955
3085969
3086002
3086019
3086023
3086056
3086251
3086308
3086314
3086336
3086393
3086426
3086443
3086483
3086489
3086497
3086515
3086523
3086529
3086540
3086613
3086628
3086800
3086913
3087026
3087263
3087319
3088512
3088663
3088665
3088719
3088788
3088883
3088892
3088988
3089040
3089054
3089073
3089147
3089198
3089303
3089314
3089315
3089343
3089546
3089549
3089556
3089565
3089640
3089671
3089723
3089936
3089946
3090138
3091235
3091264
3091291
3091595
3091661
3091960
3092005
3092179
3092356
3092484
3092502
3092508
3092529
3092535
3092675
3092729
3092782
3092822
3092837
3092870
3092877
3093951
3093996
3094208
3094459
3094576
3094734
3094926
3095215
3095260
3096740
3096770
3096864
3096872
3096908
3096942
3096961
3097148
3097305
3097336
3097355
3097511
3097533
3097635
3097709
3097748
3097769
3097845
3097849
3098157
3098187
3099412
3099527
3099670
3099682
3099692
3099752
3099789
3099840
3099896
3100154
3100181
3100220
3100239
3100245
3100259
3100262
3100287
3100306
3100348
3100418
3100445
3100562
3100606
3100690
3100702
3100841
3101044
3102189
3102240
3102294
3102355
3102554
3102597
3102690
3102701
3102751
3102925
3103158
3103250
3104887
3104916
3104974
3105126
3105293
3105359
3105372
3105401
3105429
3105492
3105583
3105606
3105693
3105886
3105958
3106152
3106262
3106301
3106351
3107245
3107300
3107311
3107433
3107452
3107505
3107635
3107858
3108486
3108535
3108565
3108568
3108569
3108576
3108680
3108690
3109056
3109080
3109447
3110488
3110549
3110651
3110772
3110825
3110913
3111063
3111111
3111209
3111321
3111365
3111373
3111418
3111440
3111460
3111695
3111975
3111980
3112040
3112048
3112049
3113299
3113501
3113528
3113609
3113647
3113653
3113680
3113738
3113890
3113920
3114145
3114154
3114193
3115774
3115789
3115812
3115843
3116663
3117051
3117086
3117101
3117299
3117315
3117370
3117477
3117864
3117945
3118031
3118042
3118045
3118324
3118397
3118427
3118461
3119755
3119786
3119826
3119851
3119982
3120071
3120122
3120204
3120215
3120350
3120364
3120472
3120490
3120542
3120869
3120945
3120961
3121220
3121241
3121339
3122447
3122549
3122576
3122588
3122601
3122666
3122724
3122734
3122738
3122794
3122808
3122940
3123007
3123234
3123245
3123251
3123318
3123429
3123580
3123620
3123647
3123661
3123849
3123905
3123959
3124036
3124084
3124094
3125112
3125140
3125277
3125371
3125481
3125555
3125594
3125639
3125665
3125856
3125921
3126021
3126050
3126091
3126136
3126146
3126588
3126677
3126772
3126799
3126806
3127886
3127893
3127946
3127957
3128013
3128028
3128107
3128141
3128154
3128297
3128347
3128493
3128600
3128789
3128902
3128935
3128998
3129014
3129110
3129111
3129180
3129302
3129354
3130621
3130698
3130729
3130843
3130845
3130912
3131033
3131110
3131126
3131243
3131398
3131414
3131514
3131537
3131565
3131838
3131851
3131871
3131900
3131980
3132007
3132023
3133275
3133284
3133321
3133516
3133521
3133668
3133773
3133831
3134035
3134070
3134116
3134269
3134281
3134387
3134409
3134414
3134442
3134460
3134538
3134659
3134704
3134750
3134762
3136038
3136093
3136167
3136200
3136223
3136237
3136316
3136325
3136386
3136481
3136498
3136521
3136841
3136962
3136985
3137012
3137213
3137329
3137414
3137508
3137534
3138887
3139241
3139384
3139390
3139445
3139475
3139644
3139686
3140180
3140278
3140331
3142155
3142177
3142252
3142274
3142343
3142405
3142415
3142553
3142782
3142865
3142979
3143077
3143082
3143141
3143275
3143516
3143771
3144223
3144300
3144571
3144637
3144871
3145091
3147595
3147773
3148322
3148521
3148563
3148642
3148691
3148700
3148770
3148826
3148949
3149079
3149154
3149206
3149302
3149458
3149466
3149608
3149723
3149948
3150065
3152605
3152617
3152628
3152659
3152847
3152970
3153044
3153390
3153690
3153843
3154045
3154198
3154250
3154335
3154362
3154419
3154429
3154715
3154773
3154908
3155045
3155116
3155291
3156349
3156430
3156441
3156452
3156522
3156533
3156540
3156610
3156691
3156715
3156753
3156796
3156816
3156924
3157059
3157108
3157238
3157273
3157304
3157306
3157540
3157670
3157695
3157704
3157795
3157923
3159341
3159353
3159475
3159499
3159574
3159724
3159736
3159782
3159789
3159885
3159887
3159905
3160061
3160136
3160140
3160142
3160172
3160309
3160410
3160440
3160445
3160512
3160702
3161959
3162007
3162093
3162114
3162192
3162257
3162309
3162321
3162338
3162415
3162431
3162460
3162490
3162713
3162804
3162838
3162844
3162895
3163100
3163102
3163118
3163119
3163335
3163385
3164628
3164710
3164964
3165150
3165165
3165204
3165302
3165401
3165431
3165454
3165545
3165570
3165591
3165616
3165632
3165653
3165763
3165816
3165998
3166128
3167375
3167519
3167525
3167586
3167637
3167802
3167824
3167826
3167891
3167915
3168048
3168067
3168120
3168180
3168183
3168230
3168291
3168461
3168494
3168518
3168520
3168552
3168568
3168634
3168639
3168767
3168783
3168842
3168855
3168934
3168950
3169509
3170146
3170220
3170224
3170228
3170301
3170324
3170427
3170656
3170711
3170745
3170791
3170796
3170852
3170908
3171103
3171141
3171189
3171248
3171285
3171573
3172871
3172944
3173046
3173164
3173168
3173229
3173288
3173345
3173378
3173401
3173449
3173468
3173481
3173643
3173646
3173671
3173720
3173748
3173934
3173981
3174006
3174022
3174125
3174193
3174213
3174223
3174299
3175820
3175833
3175856
3176159
3176186
3176189
3176322
3176370
3176371
3176470
3176580
3176691
3176751
3176836
3176846
3177020
3177088
3177127
3178325
3178441
3178442
3178496
3178533
3178721
3178746
3178784
3178866
3178900
3179022
3179140
3179148
3179190
3179388
3179499
3179514
3179571
3179695
3179793
3179923
3179965
3181147
3181224
3181255
3181364
3181432
3181524
3181555
3181678
3181817
3181818
3181828
3181889
3182001
3182043
3182108
3182161
3182198
3182247
3182280
3182348
3182364
3182458
3182460
3182476
3182669
3182680
3183882
3183892
3184009
3184021
3184040
3184172
3184180
3184183
3184244
3184245
3184383
3184418
3184419
3184443
3184512
3184648
3184746
3184896
3184961
3184967
3185017
3185074
3185171
3185385
3186594
3186623
3186846
3187046
3187081
3187184
3187195
3187382
3187470
3187496
3187617
3187735
3187924
3187942
3187986
3188014
3188017
3188081
3189248
3190288
3190419
3190424
3190469
3190816
3190848
3190858
3192017
3192278
3192549
3192742
3192748
3192752
3192900
3193128
3193157
3193223
3195012
3195125
3195178
3195202
3195223
3195345
3195372
3195391
3195546
3195619
3195694
3195868
3195972
3195996
3196007
3196016
3196040
3196128
3196151
3196229
3196259
3196261
3196281
3197949
3197961
3198291
3198467
3198698
3198729
3198731
3199132
3199235
3199368
3199627
3199858
3200175
3200275
3200519
3200573
3200689
3200702
3203235
3203281
3203381
3203427
3203851
3203905
3203941
3204073
3204096
3204306
3204334
3208191
3208343
3208503
3208629
3208665
3209802
3209847
3213785
3214009
3214095
3214207
3214324
3214357
3214548
3214690
3214714
3214947
3215189
3215191
3215265
3215903
3216362
3216501
3216548
3216582
3218749
3218863
3219090
3219239
3219462
3219515
3219546
3219585
3219621
3219797
3219817
3219917
3220004
3220050
3220210
3220498
3220582
3220858
3221042
3221121
3221506
3221539
3221630
3221806
3224086
3224100
3224872
3225044
3225155
3225371
3225408
3225428
3225494
3225500
3225736
3225879
3225984
3226008
3226058
3226406
3226460
3226676
3226994
3227006
3229151
3229188
3229450
3229764
3230058
3230186
3230695
3230744
3230746
3231000
3231066
3231197
3231300
3231425
3231506
3231622
3231796
3232126
3234289
3234450
3234456
3234548
3234603
3234683
3234725
3234814
3234934
3234996
3235093
3235097
3235308
3235328
3235496
3235537
3235878
3236081
3236103
3236108
3236162
3236294
3236911
3237205
3237303
3239644
3239921
3239925
3240012
3240201
3240219
3240297
3240375
3240399
3240407
3240559
3240680
3240873
3240984
3241000
3241325
3241517
3241623
3241741
3241760
3241845
3241913
3241936
3242019
3242092
3242151
3242206
3244583
3244768
3244817
3245039
3245071
3245095
3245567
3245571
3245638
3245743
3245772
3245839
3245869
3245890
3245991
3246015
3247236
3247451
3247545
3247552
3247570
3247584
3247683
3247724
3247776
3247819
3248023
3248159
3248257
3248277
3248300
3248376
3248447
3248537
3248593
3248691
3248703
3249971
3250005
3250221
3250232
3250263
3250280
3250325
3250464
3250498
3250516
3250565
3250704
3250832
3250980
3251195
3251273
3251309
3251393
3252654
3252673
3253420
3253574
3253914
3253921
3254024
3254056
3254130
3254257
3255404
3255551
3255735
3255946
3256154
3256275
3256338
3256345
3256362
3256375
3256393
3256602
3256653
3256687
3256880
3256944
3258115
3258313
3258392
3258426
3258468
3258516
3258581
3258587
3258628
3258649
3258781
3258811
3259112
3259233
3259239
3259250
3259333
3259347
3259489
3259511
3259599
3259721
3259767
3261029
3261704
3261743
3261765
3261880
3261994
3262008
3262029
3262067
3262226
3262294
3262295
3262299
3262390
3263693
3263828
3263868
3263876
3263896
3263915
3263921
3263980
3264079
3264141
3264405
3264492
3264570
3264577
3264966
3265207
3265209
3265260
3265291
3265746
3265851
3268080
3268294
3268487
3269307
3269495
3269632
3270067
3270477
3270654
3270996
3271048
3271058
3273787
3273843
3273893
3274005
3274021
3274552
3274566
3274584
3274675
3275326
3275438
3275455
3275803
3275863
3275958
3276039
3276068
3322437
3323578
3323625
3323644
3324109
3330641
3331186
3331451
3332330
3334738
3334749
3341671
3341677
3341890
3342077
3342078
3342116
3342187
3342188
3342207
3342613
3342641
3342729
3342812
3343078
3343124
3343158
3343269
3343280
3343666
3343688
3343700
3343735
3343926
3343935
3343956
3344011
3344178
3344325
3344420
3344502
3344575
3344594
3344597
3344631
3344876
3344887
3345089
3345106
3345161
3345246
3345329
3345597
3345638
3345662
3345679
3345694
3345846
3345852
3345968
3345973
3346137
3346158
3346181
3346212
3346217
3346316
3346359
3346400
3346514
3346549
3346741
3346746
3346764
3346823
3346883
3346909
3346982
3347020
3347032
3347079
3347117
3347136
3347142
3347189
3347254
3347293
3347346
3347407
3347593
3347841
3348098
3348116
3351936
3351965
3351995
3352025
3352026
3352059
3352271
3352368
3352394
3352511
3352590
3352624
3352730
3352734
3352971
3352978
3353076
3353095
3353222
3353305
3353316
3353370
3353399
3353401
3353521
3353593
3353766
3353771
3353802
3353907
3353923
3353935
3353950
3354027
3354155
3354328
3354399
3354423
3354468
3354472
3354550
3354698
3354714
3354750
3354795
3354883
3354906
3355014
3355074
3355255
3355376
3355384
3357669
3357689
3357709
3358052
3358401
3358607
3358635
3358950
3359029
3359302
3359457
3359499
3359536
3359623
3359743
3359756
3360059
3360250
3360304
3360692
3360733
3360799
3360956
3360973
3361054
3361155
3361264
3361758
3362458
3362518
3362759
3362796
3363141
3363298
3363416
3363448
3363496
3363570
3363790
3363893
3364105
3364130
3364216
3364236
3364389
3364502
3364579
3364808
3365009
3365078
3365122
3365134
3365194
3365210
3365244
3365569
3365627
3365640
3365688
3365893
3365898
3365901
3366050
3366177
3366240
3366291
3366411
3366506
3366720
3366823
3366842
3367162
3367255
3367266
3367369
3367406
3367541
3367563
3367677
3367730
3367919
3367958
3368279
3368350
3368424
3368461
3368541
3368810
3368854
3368864
3373600
3373618
3373641
3373902
3373938
3374007
3374138
3374227
3374466
3374587
3374635
3374641
3374783
3374822
3374843
3374854
3374864
3374911
3374927
3374943
3375111
3375193
3375194
3375207
3375242
3375253
3375385
3375412
3375427
3375437
3375467
3375506
3375642
3375940
3375996
3376114
3376263
3376290
3376336
3376350
3376392
3376412
3376436
3376589
3376600
3376829
3376953
3376981
3376989
3377026
3377164
3377174
3377315
3377443
3377462
3377481
3377511
3377514
3377536
3377563
3377629
3377637
3377742
3377850
3378042
3378176
3378190
3378367
3378566
3378582
3378622
3378650
3378682
3378708
3378721
3379079
3379110
3379114
3379243
3379292
3379405
3379426
3379773
3379829
3380079
3380119
3380255
3380432
3380511
3381109
3381143
3381649
3382416
3382463
3382673
3382800
3382963
3383272
3383555
3383631
3383717
3384028
3384054
3384066
3384154
3384277
3384357
3384383
3384712
3385077
3385171
3385190
3385550
3385591
3385700
3385712
3385855
3385957
3386163
3386287
3386297
3386319
3386365
3386383
3386561
3386598
3386607
3386633
3386655
3386661
3386679
3386796
3386826
3386936
3387038
3387073
3387186
3387204
3387461
3387507
3387537
3387547
3387549
3387569
3387676
3387705
3387844
3387980
3387999
3388129
3388216
3388398
3388444
3388502
3388558
3388764
3388857
3389039
3389187
3389188
3389242
3389264
3389414
3389593
3389599
3389708
3389732
3389830
3389931
3389975
3390760
3391132
3395235
3395271
3395331
3395376
3395940
3396097
3396120
3396516
3396572
3396641
3396760
3396792
3396794
3396875
3396906
3397298
3397363
3397381
3397455
3397490
3397529
3397685
3397726
3397774
3397883
3397940
3398056
3398098
3398351
3398552
3398683
3399032
3399250
3399331
3399425
3399596
3399645
3399956
3400047
3400085
3400239
3400418
3400446
3400452
3400539
3400568
3400586
3400768
3400875
3400992
3401103
3401134
3401154
3401218
3401399
3401479
3401792
