2979127
2979137
2979180
2979207
2979235
2979297
2979304
2979653
2979663
2979676
2979680
2979701
2979712
2979761
2979790
2979841
3034944
3035058
3035136
3035140
3035151
3035157
3035172
3035182
3035195
3035265
3035301
3035355
3035729
3035745
3035771
3035823
3035829
3035838
3035895
3035907
3035930
3035948
3036084
3036144
3036160
3036192
3036210
3036214
3036230
3036281
3036296
3036326
3036346
3036351
3036382
3036426
3036434
3036483
3036508
3037555
3037619
3037744
3037907
3037908
3037923
3037932
3038133
3038197
3038264
3038289
3038377
3038445
3038450
3038481
3038485
3038490
3038492
3038530
3038581
3038612
3038614
3038622
3038630
3038642
3038649
3038667
3038669
3038672
3038677
3038733
3038737
3038780
3038800
3038899
3038932
3038936
3038953
3039025
3039040
3039044
3039069
3039082
3039096
3039109
3039139
3039157
3039184
3039243
3040358
3040375
3040388
3040410
3040423
3040440
3040460
3040548
3040556
3040564
3040725
3040789
3040850
3040876
3040878
3040891
3040895
3040913
3040920
3040936
3040952
3040955
3040962
3040964
3040977
3040999
3041008
3041088
3041136
3041183
3041193
3041233
3041261
3041273
3041324
3041351
3041371
3041388
3041457
3041497
3041513
3041522
3041550
3041552
3041557
3041582
3041588
3041601
3041642
3041655
3041659
3041660
3041664
3041668
3041679
3041687
3041788
3041837
3041948
3041979
3041982
3043080
3043184
3043198
3043205
3043238
3043282
3043294
3043380
3043384
3043447
3043469
3043474
3043492
3043511
3043522
3043550
3043573
3043639
3043671
3043710
3043718
3043743
3043793
3043808
3043812
3043881
3043918
3043920
3043949
3043959
3044011
3044045
3044054
3044075
3044100
3044128
3044129
3044253
3044378
3044381
3044437
3044462
3044624
3045684
3045726
3045757
3045763
3045834
3045859
3045897
3045947
3045970
3045983
3046006
3046017
3046039
3046051
3046058
3046086
3046093
3046103
3046120
3046130
3046223
3046249
3046251
3046270
3046286
3046312
3046351
3046407
3046409
3046426
3046453
3046465
3046493
3046555
3046588
3046606
3046628
3046683
3046700
3046728
3046741
3046794
3046810
3046815
3046816
3046829
3046836
3046852
3046881
3046952
3046967
3046997
3047023
3047080
3047157
3047188
3047210
3047211
3047224
3047229
3047277
3047319
3047355
3047379
3048454
3048465
3048471
3048497
3048501
3048515
3048544
3048563
3048626
3048640
3048641
3048646
3048662
3048681
3048704
3048719
3048739
3048746
3048822
3048834
3048919
3048926
3048978
3048980
3048982
3049031
3049048
3049050
3049061
3049064
3049081
3049118
3049137
3049168
3049175
3049215
3049239
3049278
3049280
3049304
3049310
3049391
3049394
3049402
3049408
3049428
3049451
3049459
3049478
3049479
3049566
3049571
3049578
3049593
3049634
3049640
3049642
3049658
3049678
3049690
3049691
3049721
3049760
3049873
3049878
3049957
3049991
3051122
3051284
3051297
3051315
3051328
3051332
3051347
3051368
3051380
3051383
3051414
3051439
3051448
3051453
3051456
3051572
3051619
3051645
3051659
3051668
3051689
3051698
3051740
3051762
3051818
3051831
3051866
3051872
3051879
3051926
3051960
3051975
3052005
3052027
3052066
3052097
3052114
3052172
3052182
3052206
3052218
3052233
3052238
3052257
3052312
3052320
3052332
3052405
3052421
3052432
3052452
3052454
3052506
3052512
3052540
3052583
3052595
3052597
3052652
3052667
3052687
3052764
3052801
3052845
3052846
3052918
3052923
3052953
3052955
3052966
3053006
3053016
3053023
3053042
3053068
3053112
3053113
3053183
3053231
3053257
3053278
3053293
3053346
3053358
3054437
3054451
3054465
3054528
3054537
3054560
3054626
3054634
3054638
3054687
3054725
3054779
3054826
3054869
3054994
3055064
3055338
3055340
3055396
3055422
3055511
3055567
3055592
3055962
3056010
3056040
3056042
3056105
3056593
3056699
3056794
3056799
3056818
3056845
3056865
3056893
3056928
3056984
3057003
3057064
3057072
3057080
3057105
3057106
3057116
3057199
3057242
3057309
3057338
3057396
3057411
3057432
3057440
3057457
3057498
3057519
3057531
3057534
3057565
3057597
3057630
3057674
3057675
3057678
3057823
3058705
3058736
3058756
3058794
3058802
3058809
3058864
3058883
3059006
3059070
3059303
3059363
3059462
3059483
3059494
3059496
3059520
3059565
3059577
3059608
3059618
3059682
3059722
3059731
3059743
3059751
3059771
3059777
3059834
3059849
3059863
3059871
3059992
3060002
3060060
3060112
3060129
3060134
3060141
3060167
3060202
3060223
3060232
3060274
3060277
3060353
3060402
3060408
3061022
3061109
3061412
3061452
3061463
3061490
3061557
3061608
3061617
3061665
3061701
3061706
3061720
3061727
3061759
3061800
3061810
3061862
3061912
3061930
3061967
3062029
3062039
3062044
3062059
3062146
3062167
3062206
3062235
3062266
3062269
3062282
3062321
3062356
3062386
3062404
3062476
3062481
3062497
3062500
3062518
3062553
3062564
3062589
3062631
3062651
3062694
3062709
3062710
3062734
3062749
3062808
3062883
3062954
3063030
3063056
3063134
3063137
3064090
3064173
3064205
3064237
3064245
3064341
3064344
3064349
3064381
3064450
3064493
3064503
3064527
3064542
3064565
3064580
3064627
3064711
3064732
3064736
3064778
3064793
3064864
3064942
3065009
3065054
3065304
3065333
3065481
3065577
3065580
3065586
3065620
3065627
3065791
3065873
3066830
3066909
3066920
3066922
3066934
3066942
3066952
3066974
3066976
3066999
3067016
3067027
3067032
3067097
3067128
3067199
3067207
3067249
3067287
3067292
3067306
3067396
3067430
3067443
3067446
3067458
3067462
3067498
3067510
3067530
3067554
3067573
3067586
3067594
3067610
3067642
3067664
3067680
3067709
3067760
3067769
3067860
3067906
3067939
3067964
3067971
3068040
3068045
3068109
3068121
3068162
3068174
3068186
3068224
3068239
3068241
3068310
3068355
3068366
3068380
3068400
3068422
3068451
3068454
3068473
3069508
3069642
3069667
3069708
3069823
3069868
3069874
3070218
3070222
3070237
3070331
3070354
3070356
3070392
3070395
3070467
3070580
3070591
3070644
3070662
3070821
3070925
3070927
3070932
3071152
3071154
3071168
3071220
3072341
3072443
3072471
3072496
3072543
3072608
3072727
3072733
3072741
3072742
3072750
3072763
3072814
3072873
3072896
3072900
3072935
3072942
3073103
3073160
3073166
3073243
3073252
3073312
3073328
3073340
3073430
3073446
3073477
3073543
3073574
3073575
3073593
3073620
3073651
3073663
3073718
3073740
3073763
3073792
3073809
3073815
3073830
3073847
3073891
3073904
3073925
3073949
3073954
3074980
3074983
3075008
3075025
3075039
3075065
3075074
3075096
3075102
3075118
3075120
3075183
3075225
3075267
3075287
3075369
3075389
3075458
3075584
3075607
3075687
3075707
3075723
3075759
3075827
3075828
3075880
3075899
3075904
3075923
3075935
3075936
3075958
3075991
3076024
3076032
3076037
3076083
3076133
3076137
3076153
3076177
3076261
3076284
3076312
3076333
3076339
3076362
3076371
3076379
3076454
3077697
3077729
3077733
3077750
3077771
3077773
3077778
3077830
3077848
3077874
3077904
3077909
3077940
3077954
3077998
3078005
3078007
3078090
3078099
3078119
3078160
3078225
3078229
3078283
3078291
3078314
3078315
3078323
3078405
3078427
3078462
3078493
3078568
3078598
3078602
3078619
3078642
3078672
3078689
3078704
3078730
3078731
3078753
3078820
3078829
3078832
3078862
3078911
3078958
3078977
3078993
3079012
3079031
3079039
3079059
3079153
3079159
3079189
3079217
3079224
3080384
3080453
3080462
3080536
3080554
3080570
3080611
3080664
3080670
3080775
3080830
3080847
3080916
3080921
3080933
3080942
3080943
3080990
3081000
3081009
3081085
3081092
3081173
3081177
3081191
3081193
3081206
3081262
3081265
3081271
3081288
3081363
3081479
3081526
3081618
3081657
3081697
3081734
3081743
3081869
3081878
3081907
3081912
3081932
3081962
3081987
3082001
3082031
3082033
3082078
3082094
3083131
3083179
3083181
3083260
3083262
3083270
3083279
3083286
3083333
3083340
3083353
3083456
3083557
3083588
3083646
3083670
3083711
3083741
3083752
3083767
3083769
3083913
3083922
3083950
3083998
3084052
3084076
3084082
3084152
3084189
3084192
3084194
3084221
3084254
3084273
3084274
3084278
3084337
3084376
3084382
3084451
3084504
3084512
3084599
3084625
3084630
3084631
3084637
3084687
3084690
3085829
3085831
3086025
3086074
3086095
3086103
3086125
3086180
3086186
3086187
3086188
3086194
3086323
3086358
3086389
3086441
3086444
3086481
3086510
3086524
3086563
3086593
3086607
3086612
3086672
3086675
3086705
3086709
3086716
3086721
3086736
3086752
3086761
3086815
3086846
3086880
3086885
3086924
3086965
3087006
3087013
3087086
3087095
3087163
3087219
3087264
3087272
3087314
3087366
3087397
3088511
3088568
3088680
3088689
3088728
3088737
3088793
3088846
3088848
3088850
3088855
3088906
3088935
3088938
3089026
3089032
3089036
3089047
3089110
3089132
3089172
3089197
3089211
3089217
3089232
3089237
3089252
3089279
3089299
3089301
3089302
3089305
3089306
3089331
3089336
3089406
3089453
3089499
3089506
3089512
3089530
3089583
3089611
3089649
3089719
3089745
3089749
3089753
3089755
3089782
3089801
3089806
3089845
3089863
3089878
3089932
3089949
3090119
3090172
3091243
3091273
3091329
3091370
3091446
3091493
3091509
3091546
3091625
3091638
3091652
3091729
3091755
3091830
3091853
3091863
3091877
3091887
3091888
3091889
3092071
3092101
3092102
3092106
3092150
3092181
3092311
3092315
3092342
3092387
3092413
3092450
3092463
3092485
3092534
3092569
3092570
3092583
3092591
3092614
3092622
3092629
3092669
3092693
3092790
3092792
3092837
3092861
3092897
3093908
3093909
3093945
3093963
3094203
3094251
3094262
3094275
3094287
3094306
3094334
3094369
3094391
3094415
3094461
3094468
3094495
3094501
3094535
3094539
3094632
3094647
3094697
3094790
3094799
3094838
3094885
3094894
3095039
3095061
3095063
3095085
3095091
3095103
3095110
3095115
3095120
3095176
3095183
3095187
3095236
3095254
3095256
3095264
3095281
3095302
3095304
3095317
3095335
3095388
3095449
3095477
3095502
3095586
3096702
3096720
3096739
3096826
3096847
3096863
3096884
3096986
3097053
3097065
3097084
3097104
3097109
3097120
3097131
3097136
3097180
3097221
3097232
3097234
3097271
3097350
3097425
3097440
3097481
3097492
3097515
3097530
3097534
3097667
3097702
3097703
3097704
3097712
3097721
3097754
3097756
3097833
3097848
3097885
3097925
3097955
3097972
3098081
3098093
3098096
3098108
3098111
3098180
3098252
3098280
3098407
3098911
3099333
3099433
3099442
3099449
3099460
3099473
3099502
3099522
3099621
3099654
3099705
3099773
3099800
3099827
3099948
3099998
3100010
3100011
3100067
3100079
3100153
3100165
3100177
3100185
3100189
3100201
3100220
3100226
3100246
3100264
3100271
3100280
3100293
3100308
3100314
3100407
3100431
3100446
3100451
3100513
3100529
3100604
3100612
3100629
3100634
3100638
3100686
3100755
3100793
3100804
3100851
3100856
3101028
3101031
3101039
3101043
3101044
3101047
3102089
3102115
3102121
3102195
3102253
3102255
3102280
3102286
3102309
3102312
3102369
3102373
3102392
3102422
3102458
3102479
3102488
3102512
3102548
3102610
3102650
3102667
3102689
3102695
3102845
3102849
3102877
3102899
3102937
3102972
3102987
3103015
3103034
3103149
3103158
3103203
3103230
3103249
3103339
3103431
3103459
3103485
3103517
3103518
3103553
3103567
3103603
3103643
3103671
3104747
3104773
3104782
3104790
3104871
3104899
3104912
3104917
3104920
3104932
3104974
3105030
3105031
3105041
3105049
3105050
3105093
3105147
3105161
3105224
3105229
3105237
3105243
3105276
3105279
3105314
3105323
3105329
3105334
3105396
3105446
3105464
3105465
3105468
3105506
3105508
3105517
3105547
3105599
3105611
3105620
3105681
3105683
3105687
3105690
3105723
3105767
3105861
3105864
3105921
3105934
3105968
3106004
3106025
3106026
3106044
3106047
3106153
3106164
3106173
3106225
3106231
3106233
3106241
3106302
3106307
3106369
3107213
3107228
3107236
3107260
3107321
3107353
3107379
3107381
3107392
3107427
3107462
3107476
3107484
3107516
3107517
3107563
3107569
3107582
3107598
3107623
3107652
3107673
3107728
3107752
3107779
3107780
3107788
3107806
3107823
3107833
3107838
3107842
3107846
3107853
3107856
3108019
3108023
3108063
3108508
3108558
3108562
3108594
3108596
3108651
3108691
3108715
3109009
3109024
3109032
3109065
3109067
3109074
3109111
3109118
3109278
3109280
3109459
3110529
3110536
3110540
3110561
3110562
3110640
3110651
3110678
3110841
3110844
3110864
3110888
3110895
3110910
3110919
3110958
3111029
3111058
3111073
3111102
3111106
3111124
3111170
3111186
3111203
3111213
3111227
3111245
3111254
3111255
3111269
3111279
3111286
3111311
3111344
3111345
3111370
3111378
3111409
3111444
3111458
3111472
3111494
3111527
3111539
3111551
3111563
3111583
3111602
3111646
3111723
3111732
3111736
3111790
3111870
3111892
3111909
3111925
3111955
3111972
3111988
3111990
3112004
3112008
3112010
3112033
3112059
3113197
3113303
3113319
3113323
3113359
3113371
3113390
3113399
3113456
3113464
3113573
3113602
3113614
3113665
3113675
3113788
3113803
3113906
3113925
3113927
3113968
3114148
3114155
3114172
3114201
3114244
3114275
3114291
3114310
3114464
3114472
3114479
3114493
3114571
3114573
3114724
3115772
3115790
3115827
3115859
3115897
3115899
3116117
3116123
3117035
3117058
3117062
3117188
3117199
3117208
3117228
3117387
3117439
3117459
3117473
3117479
3117542
3117557
3117656
3117667
3117685
3117705
3117719
3117734
3117770
3117809
3117815
3117850
3117898
3117930
3117962
3118046
3118050
3118078
3118079
3118109
3118112
3118147
3118211
3118213
3118217
3118236
3118254
3118328
3118329
3118400
3118436
3118459
3118528
3118540
3118550
3118628
3119687
3119755
3119776
3119780
3119792
3119793
3119798
3119888
3119896
3119910
3119913
3119934
3119957
3119972
3120012
3120028
3120213
3120228
3120249
3120259
3120271
3120331
3120336
3120403
3120461
3120476
3120481
3120518
3120528
3120727
3120848
3120861
3120882
3120889
3120903
3120906
3120926
3121018
3121035
3121038
3121110
3121125
3121169
3121171
3121176
3121207
3121282
3121283
3121788
3121793
3121854
3122403
3122463
3122473
3122507
3122520
3122560
3122564
3122574
3122576
3122582
3122583
3122588
3122589
3122649
3122651
3122666
3122688
3122710
3122787
3122822
3122830
3122833
3122855
3122932
3122935
3122958
3123022
3123037
3123086
3123112
3123121
3123135
3123154
3123155
3123158
3123193
3123231
3123238
3123288
3123336
3123353
3123390
3123392
3123448
3123470
3123507
3123520
3123568
3123577
3123585
3123597
3123671
3123739
3123745
3123750
3123752
3123764
3123829
3123835
3123860
3123873
3123875
3123942
3124011
3125109
3125129
3125145
3125162
3125179
3125221
3125263
3125266
3125268
3125279
3125283
3125359
3125378
3125432
3125441
3125479
3125498
3125568
3125575
3125626
3125635
3125637
3125676
3125733
3125736
3125745
3125754
3125770
3125832
3125845
3125878
3125917
3125977
3126009
3126036
3126039
3126044
3126049
3126125
3126143
3126182
3126198
3126212
3126254
3126284
3126312
3126416
3126468
3126490
3126494
3126548
3126560
3126570
3126592
3126618
3126623
3126624
3126630
3126637
3126687
3126723
3126823
3127812
3127817
3127911
3127919
3127925
3127930
3127957
3127995
3128014
3128018
3128027
3128082
3128120
3128131
3128143
3128165
3128208
3128217
3128221
3128222
3128236
3128253
3128273
3128276
3128318
3128332
3128348
3128379
3128458
3128478
3128501
3128538
3128581
3128600
3128619
3128637
3128667
3128713
3128734
3128782
3128812
3128823
3128832
3128915
3128956
3128960
3128972
3128985
3129018
3129021
3129045
3129050
3129053
3129103
3129125
3129134
3129176
3129184
3129213
3129232
3129256
3129354
3129361
3129372
3129417
3130604
3130607
3130612
3130663
3130715
3130766
3130778
3130791
3130817
3130827
3130901
3130907
3130967
3130968
3130991
3130994
3131002
3131133
3131143
3131178
3131198
3131233
3131246
3131265
3131325
3131336
3131338
3131418
3131471
3131473
3131483
3131488
3131491
3131536
3131542
3131551
3131553
3131575
3131600
3131610
3131636
3131667
3131682
3131804
3131839
3131884
3131894
3131943
3131990
3132050
3132077
3132089
3132107
3132121
3132152
3132163
3132183
3132215
3132222
3132234
3132240
3133215
3133283
3133353
3133402
3133420
3133424
3133461
3133502
3133504
3133539
3133557
3133661
3133668
3133705
3133746
3133754
3133801
3133827
3133861
3133927
3133933
3133967
3134021
3134022
3134088
3134117
3134119
3134173
3134226
3134243
3134255
3134312
3134314
3134386
3134407
3134409
3134415
3134420
3134475
3134485
3134504
3134506
3134600
3134624
3134701
3134703
3134726
3134733
3134757
3134780
3134803
3134830
3134836
3134867
3136013
3136027
3136041
3136046
3136052
3136078
3136091
3136116
3136158
3136183
3136206
3136270
3136303
3136331
3136359
3136392
3136394
3136421
3136422
3136433
3136443
3136446
3136447
3136505
3136515
3136545
3136547
3136587
3136856
3136880
3136902
3136906
3136907
3136935
3136996
3137069
3137073
3137104
3137164
3137170
3137184
3137287
3137319
3137353
3137360
3137415
3137444
3137506
3137515
3137613
3137684
3137691
3138804
3138833
3138911
3138916
3138974
3139055
3139070
3139104
3139241
3139264
3139269
3139346
3139383
3139390
3139454
3139640
3139769
3139770
3139838
3139881
3139940
3139942
3139950
3139952
3139986
3140014
3140020
3140091
3140106
3140180
3140241
3140309
3140342
3140373
3142197
3142221
3142293
3142310
3142335
3142373
3142387
3142428
3142452
3142460
3142464
3142476
3142617
3142619
3142672
3142734
3142753
3142766
3142792
3142841
3142877
3142962
3142964
3143011
3143197
3143210
3143318
3143340
3143395
3143404
3143408
3143499
3143520
3143534
3143567
3143627
3143818
3143820
3143910
3143985
3144049
3144304
3144395
3144460
3144536
3144563
3144584
3144671
3144675
3144677
3144988
3144996
3145009
3145030
3145110
3145182
3147265
3147280
3147347
3147384
3147410
3147585
3147629
3147713
3147723
3147823
3148110
3148198
3148229
3148274
3148288
3148296
3148374
3148480
3148573
3148592
3148625
3148679
3148718
3148846
3148901
3148922
3148993
3149077
3149081
3149085
3149087
3149181
3149333
3149383
3149425
3149467
3149546
3149637
3149710
3150003
3150212
3150249
3150308
3150352
3150357
3152377
3152400
3152488
3152490
3152492
3152519
3152653
3152701
3152703
3152707
3152732
3152774
3152811
3153066
3153075
3153102
3153158
3153182
3153192
3153305
3153388
3153404
3153452
3153474
3153479
3153525
3153527
3153535
3153564
3153610
3153851
3154033
3154085
3154177
3154183
3154254
3154377
3154402
3154463
3154498
3154670
3154769
3154808
3154830
3154841
3154843
3154894
3154937
3155011
3155046
3155051
3155056
3155099
3155153
3155155
3155192
3155229
3155247
3156350
3156459
3156468
3156498
3156519
3156526
3156539
3156545
3156579
3156582
3156628
3156658
3156686
3156688
3156696
3156728
3156732
3156749
3156784
3156893
3156941
3156952
3157130
3157169
3157178
3157196
3157242
3157253
3157259
3157358
3157370
3157412
3157425
3157434
3157440
3157461
3157464
3157495
3157516
3157544
3157576
3157617
3157643
3157673
3157687
3157703
3157714
3157727
3157730
3157799
3157821
3157822
3157827
3157843
3157864
3157884
3157903
3159240
3159255
3159271
3159272
3159302
3159327
3159353
3159368
3159436
3159487
3159570
3159584
3159597
3159671
3159672
3159674
3159695
3159700
3159736
3159745
3159746
3159775
3159778
3159795
3159800
3159820
3159838
3159899
3159930
3159961
3159963
3160050
3160054
3160091
3160105
3160111
3160132
3160157
3160244
3160265
3160287
3160302
3160378
3160387
3160404
3160408
3160410
3160518
3160539
3160551
3160598
3160624
3160636
3160641
3160654
3160770
3160818
3161924
3162032
3162102
3162130
3162131
3162147
3162157
3162209
3162330
3162429
3162443
3162457
3162480
3162713
3162822
3162824
3162901
3162966
3162974
3162994
3163123
3163164
3163176
3163195
3163218
3163222
3163307
3163308
3163347
3163353
3163411
3163412
3164590
3164591
3164624
3164671
3164675
3164676
3164679
3164707
3164738
3164792
3164832
3164884
3164902
3164904
3164940
3164946
3164948
3164950
3164986
3165016
3165047
3165074
3165096
3165152
3165184
3165193
3165210
3165224
3165245
3165318
3165321
3165333
3165407
3165429
3165438
3165497
3165587
3165614
3165640
3165707
3165716
3165718
3165740
3165825
3165829
3165878
3165887
3165932
3165939
3165995
3166003
3166072
3166077
3166107
3166159
3166161
3166163
3166191
3166259
3167351
3167370
3167426
3167456
3167588
3167630
3167631
3167632
3167639
3167643
3167686
3167740
3167742
3167788
3167810
3167837
3167856
3167873
3167946
3167959
3167975
3167982
3168006
3168020
3168089
3168127
3168136
3168195
3168224
3168259
3168283
3168291
3168293
3168321
3168323
3168352
3168357
3168360
3168365
3168372
3168377
3168390
3168400
3168444
3168471
3168562
3168597
3168598
3168695
3168711
3168720
3168746
3168747
3168789
3168821
3168823
3168884
3168915
3168987
3168988
3170156
3170163
3170234
3170238
3170241
3170274
3170312
3170334
3170362
3170434
3170442
3170465
3170475
3170494
3170564
3170604
3170638
3170667
3170677
3170767
3170771
3170778
3170800
3170812
3170824
3170831
3170903
3170904
3170922
3170935
3171001
3171124
3171144
3171158
3171167
3171200
3171209
3171215
3171222
3171231
3171272
3171276
3171279
3171290
3171297
3171346
3171394
3171514
3171533
3171568
3171573
3171649
3171652
3171764
3172893
3172924
3172928
3172934
3172952
3172969
3173006
3173014
3173021
3173107
3173135
3173144
3173152
3173200
3173216
3173248
3173263
3173323
3173394
3173401
3173446
3173451
3173475
3173541
3173582
3173588
3173619
3173637
3173680
3173681
3173702
3173704
3173714
3173726
3173737
3173836
3173844
3173864
3173908
3173926
3173953
3173957
3173963
3173985
3174001
3174029
3174050
3174104
3174105
3174130
3174133
3174183
3174186
3174207
3174208
3174217
3174262
3174307
3174324
3174468
3174476
3174487
3175602
3175612
3175718
3175795
3175855
3175878
3175899
3175926
3175986
3176012
3176068
3176073
3176087
3176096
3176097
3176133
3176143
3176159
3176190
3176193
3176197
3176289
3176320
3176322
3176375
3176419
3176426
3176463
3176554
3176563
3176565
3176567
3176584
3176698
3176700
3176724
3176726
3176736
3176741
3176754
3176780
3176816
3176820
3176842
3176864
3176887
3176892
3176968
3176997
3177008
3177051
3177105
3177125
3177141
3177159
3178298
3178307
3178329
3178342
3178472
3178474
3178489
3178595
3178647
3178708
3178751
3178776
3178811
3178846
3178886
3178897
3178924
3178952
3178956
3178960
3178982
3179002
3179044
3179076
3179080
3179087
3179097
3179102
3179107
3179137
3179142
3179153
3179178
3179187
3179189
3179266
3179347
3179369
3179394
3179401
3179460
3179461
3179596
3179598
3179602
3179614
3179625
3179652
3179678
3179681
3179741
3179806
3179832
3179867
3179944
3179960
3179981
3179986
3181115
3181135
3181214
3181216
3181274
3181280
3181311
3181346
3181380
3181500
3181543
3181559
3181563
3181617
3181635
3181708
3181761
3181765
3181774
3181787
3181828
3181838
3181885
3181906
3181910
3181966
3181977
3181979
3181997
3182041
3182053
3182090
3182091
3182096
3182104
3182123
3182134
3182146
3182240
3182251
3182261
3182273
3182275
3182279
3182325
3182368
3182382
3182420
3182581
3182589
3182595
3182607
3182662
3182674
3183847
3183867
3183902
3183907
3183915
3183921
3184090
3184098
3184157
3184181
3184228
3184292
3184303
3184313
3184360
3184436
3184441
3184472
3184480
3184516
3184527
3184528
3184536
3184587
3184630
3184652
3184679
3184712
3184772
3184813
3184825
3184890
3184933
3184940
3184954
3184968
3184983
3184984
3185010
3185038
3185086
3185087
3185149
3185212
3185234
3185238
3185265
3185287
3185379
3186578
3186592
3186598
3186600
3186622
3186623
3186630
3186694
3186696
3187021
3187028
3187052
3187056
3187078
3187090
3187167
3187184
3187234
3187272
3187314
3187317
3187338
3187401
3187475
3187478
3187497
3187544
3187590
3187613
3187627
3187698
3187712
3187740
3187754
3187826
3187829
3187843
3187872
3187875
3187965
3187967
3187978
3188000
3188023
3188028
3188036
3188043
3188085
3190228
3190235
3190275
3190279
3190303
3190427
3190433
3190451
3190453
3190686
3190781
3190787
3192051
3192092
3192170
3192525
3192549
3192630
3192641
3192802
3192817
3192864
3192946
3192949
3192954
3193056
3193070
3193101
3193120
3193156
3193162
3193188
3193201
3193532
3193546
3194726
3194744
3194852
3194872
3194883
3194929
3194930
3195052
3195068
3195080
3195108
3195141
3195144
3195239
3195282
3195325
3195341
3195359
3195411
3195415
3195455
3195473
3195519
3195531
3195544
3195553
3195574
3195598
3195619
3195627
3195634
3195666
3195695
3195699
3195700
3195706
3195714
3195749
3195783
3195903
3195931
3195942
3195955
3196088
3196089
3196104
3196125
3196131
3196136
3196139
3196160
3196169
3196179
3196193
3196220
3196262
3196298
3196330
3197638
3197915
3198063
3198219
3198312
3198314
3198386
3198496
3198868
3199020
3199148
3199270
3199290
3199654
3199763
3199805
3200040
3200229
3200342
3200447
3200449
3200451
3200476
3200570
3200628
3200668
3200717
3200750
3202967
3202978
3203004
3203016
3203033
3203035
3203046
3203143
3203165
3203176
3203187
3203225
3203267
3203979
3203983
3204032
3204059
3204065
3204117
3204187
3204218
3204237
3204275
3204336
3204347
3204352
3204355
3204402
3204408
3208164
3208200
3208301
3208322
3208476
3208509
3208580
3208625
3208635
3208772
3209125
3209172
3209226
3209785
3209843
3210787
3213707
3213799
3213844
3213889
3213930
3213959
3214031
3214048
3214050
3214079
3214083
3214108
3214157
3214239
3214266
3214451
3214476
3214480
3214507
3214523
3214534
3214575
3214825
3214836
3214860
3214888
3214902
3215019
3215060
3215199
3215238
3215397
3215410
3215501
3215521
3215540
3215656
3215685
3215828
3216046
3216050
3216054
3216065
3216119
3216149
3216208
3216315
3216323
3216378
3216540
3218716
3218914
3218935
3218939
3218994
3219006
3219297
3219341
3219397
3219439
3219548
3219636
3219650
3219659
3219690
3219767
3219769
3219822
3219828
3219979
3219996
3220064
3220093
3220114
3220204
3220218
3220364
3220396
3220444
3220452
3220509
3220548
3220624
3220697
3220707
3220736
3220747
3220804
3220806
3220820
3220877
3220888
3220923
3220931
3220977
3221107
3221170
3221254
3221345
3221386
3221391
3221460
3221485
3221524
3221535
3221605
3221651
3221653
3221667
3221696
3221754
3223786
3224037
3224125
3224134
3224150
3224169
3224182
3224497
3224571
3224682
3224736
3224738
3224765
3224784
3224816
3224875
3224982
3225227
3225252
3225283
3225289
3225301
3225359
3225377
3225387
3225412
3225437
3225462
3225527
3225529
3225607
3225617
3225790
3225821
3225846
3225981
3226033
3226252
3226291
3226331
3226364
3226378
3226387
3226489
3226570
3226615
3226648
3226734
3226744
3226836
3226879
3226881
3226978
3227036
3227083
3227166
3229076
3229111
3229169
3229223
3229226
3229242
3229247
3229282
3229417
3229467
3229705
3229728
3229864
3229922
3229934
3230088
3230137
3230184
3230229
3230306
3230375
3230387
3230411
3230453
3230513
3230517
3230539
3230549
3230566
3230601
3230717
3230758
3230779
3230965
3231031
3231064
3231150
3231183
3231267
3231274
3231327
3231381
3231392
3231483
3231487
3231593
3231597
3231606
3231659
3231719
3231810
3231873
3231900
3231949
3232049
3232079
3232169
3232186
3234293
3234307
3234353
3234371
3234633
3234730
3234751
3234759
3234938
3235060
3235081
3235099
3235162
3235216
3235243
3235260
3235268
3235298
3235316
3235355
3235377
3235427
3235487
3235493
3235572
3235656
3235674
3235705
3235719
3235741
3235770
3235771
3235774
3235797
3235799
3235865
3235876
3235922
3235976
3235990
3236034
3236088
3236103
3236141
3236185
3236261
3236338
3236457
3236459
3236468
3236485
3236566
3236619
3236757
3236791
3236816
3236840
3236857
3236859
3236893
3236970
3236986
3237016
3237313
3237344
3239270
3239371
3239426
3239463
3239591
3239618
3239649
3239664
3239690
3239715
3239877
3239912
3240234
3240241
3240251
3240292
3240314
3240340
3240403
3240412
3240420
3240512
3240533
3240569
3240690
3240740
3240779
3240830
3240859
3240885
3240939
3241082
3241088
3241125
3241153
3241209
3241293
3241327
3241412
3241532
3241583
3241618
3241639
3241641
3241658
3241757
3242005
3242072
3242166
3242196
3242243
3242253
3242381
3242387
3242400
3242420
3244437
3244444
3244471
3244478
3244497
3244511
3244523
3244544
3244585
3244589
3244593
3244598
3244716
3244722
3244736
3244761
3244770
3244782
3244785
3244820
3244849
3244851
3244887
3244946
3245014
3245047
3245049
3245113
3245115
3245204
3245217
3245326
3245341
3245366
3245415
3245610
3245655
3245716
3245756
3245762
3245805
3245808
3245822
3245841
3245847
3245864
3245877
3245884
3245898
3245901
3245958
3245968
3245973
3245975
3245981
3247243
3247308
3247357
3247435
3247462
3247474
3247548
3247571
3247576
3247586
3247603
3247632
3247662
3247683
3247694
3247719
3247774
3247868
3247895
3247912
3247988
3247990
3248010
3248029
3248042
3248093
3248133
3248174
3248195
3248196
3248204
3248209
3248248
3248257
3248289
3248347
3248354
3248368
3248405
3248435
3248447
3248522
3248523
3248529
3248532
3248556
3248559
3248568
3248589
3248633
3248651
3248667
3248701
3248763
3249908
3249964
3250035
3250065
3250135
3250165
3250259
3250300
3250331
3250333
3250379
3250398
3250403
3250444
3250486
3250509
3250530
3250540
3250568
3250651
3250672
3250679
3250698
3250758
3250763
3250823
3250847
3250855
3250913
3250982
3251035
3251046
3251085
3251109
3251140
3251180
3251189
3251226
3251227
3251247
3251272
3251330
3251368
3251379
3251401
3251480
3251521
3251538
3252810
3252985
3252988
3253143
3253220
3253394
3253397
3253398
3253418
3253433
3253439
3253448
3253526
3253544
3253562
3253591
3253682
3253740
3253765
3253768
3253771
3253817
3253823
3253846
3253859
3253889
3253897
3253916
3253941
3253967
3253987
3254015
3254042
3254088
3254101
3254105
3254125
3254152
3254154
3254185
3254212
3254214
3254265
3255503
3255522
3255575
3255591
3255659
3255675
3255692
3255803
3255816
3255860
3255869
3255923
3255956
3255975
3255988
3256108
3256121
3256125
3256132
3256139
3256141
3256214
3256225
3256254
3256280
3256283
3256392
3256398
3256407
3256432
3256434
3256436
3256460
3256465
3256592
3256611
3256644
3256646
3256651
3256655
3256656
3256691
3256722
3256726
3256758
3256786
3256809
3256881
3256927
3256963
3257007
3258059
3258097
3258235
3258246
3258257
3258314
3258377
3258442
3258452
3258461
3258487
3258563
3258579
3258581
3258587
3258595
3258600
3258624
3258650
3258816
3258835
3259087
3259141
3259197
3259284
3259366
3259384
3259392
3259411
3259412
3259442
3259490
3259499
3259507
3259513
3259585
3259634
3259644
3259662
3259681
3259685
3259718
3259727
3259761
3260890
3260970
3260996
3261541
3261567
3261572
3261580
3261584
3261624
3261652
3261653
3261662
3261700
3261714
3261736
3261753
3261771
3261780
3261788
3261804
3261830
3261856
3261874
3261939
3261947
3261957
3261971
3261980
3261985
3262027
3262028
3262038
3262049
3262073
3262117
3262136
3262182
3262197
3262214
3262240
3262242
3262262
3262272
3262305
3262482
3262491
3263146
3263663
3263681
3263724
3263767
3263789
3263792
3263800
3263843
3263871
3263889
3263903
3263912
3263922
3263926
3263944
3263976
3264021
3264093
3264117
3264184
3264185
3264188
3264244
3264247
3264255
3264292
3264319
3264326
3264375
3264390
3264429
3264449
3264540
3264564
3264587
3264601
3264859
3264875
3264912
3265095
3265167
3265194
3265217
3265250
3265264
3265278
3265295
3265299
3265380
3265435
3265497
3265537
3265560
3265645
3265647
3265656
3265706
3265710
3265736
3265796
3265970
3268082
3268163
3268188
3268194
3268204
3268231
3268281
3268360
3268387
3268393
3268406
3268445
3268449
3268560
3268720
3268876
3268968
3269004
3269023
3269153
3269280
3269318
3269347
3269361
3269403
3269409
3269554
3269585
3269617
3269673
3269737
3269741
3269798
3269852
3269885
3269896
3269910
3269923
3270019
3270074
3270146
3270206
3270279
3270409
3270472
3270475
3270479
3270562
3270592
3270750
3270771
3270996
3271084
3271086
3273546
3273579
3273589
3273652
3273693
3273721
3273793
3273864
3273884
3273888
3273961
3274069
3274087
3274101
3274114
3274229
3274233
3274304
3274354
3274379
3274404
3274507
3274647
3274686
3274696
3274851
3274917
3274962
3275048
3275079
3275157
3275159
3275190
3275258
3275268
3275280
3275315
3275420
3275438
3275505
3275530
3275542
3275558
3275583
3275671
3275675
3275716
3275728
3275799
3275899
3275917
3275966
3276021
3276144
3276470
3278692
3278741
3278747
3278751
3322486
3322555
3323397
3324030
3324035
3324162
3331730
3332369
3335470
3335490
3335655
3335679
3335914
3335921
3336180
3336370
3341642
3341715
3341850
3341853
3341886
3341935
3342043
3342061
3342280
3342293
3342301
3342506
3342521
3342562
3342702
3342726
3342729
3342758
3342762
3342777
3342797
3342828
3342873
3342923
3342956
3343013
3343025
3343096
3343104
3343106
3343174
3343193
3343216
3343237
3343294
3343373
3343393
3343444
3343459
3343474
3343602
3343657
3343722
3343750
3343785
3343806
3343828
3343848
3343862
3343927
3343940
3343986
3344051
3344104
3344107
3344144
3344150
3344153
3344159
3344164
3344169
3344184
3344252
3344278
3344361
3344397
3344416
3344497
3344502
3344519
3344553
3344566
3344613
3344659
3344751
3344754
3344759
3344765
3344843
3344941
3344984
3345005
3345066
3345069
3345086
3345095
3345128
3345151
3345177
3345190
3345231
3345276
3345320
3345357
3345376
3345379
3345381
3345413
3345419
3345563
3345635
3345663
3345711
3345722
3345777
3345805
3345821
3345829
3345840
3345884
3345944
3345983
3346012
3346025
3346054
3346083
3346090
3346137
3346155
3346184
3346190
3346219
3346221
3346253
3346351
3346355
3346363
3346371
3346372
3346404
3346498
3346508
3346518
3346552
3346568
3346611
3346631
3346713
3346760
3346912
3346917
3346951
3346964
3346975
3347019
3347021
3347029
3347031
3347117
3347142
3347156
3347165
3347227
3347233
3347249
3347290
3347340
3347412
3347426
3347499
3347533
3347568
3347582
3347587
3347593
3347601
3347633
3347644
3347697
3347711
3347737
3347774
3347803
3347810
3347820
3347934
3347936
3347950
3347969
3348016
3348096
3348103
3348174
3348201
3348239
3348242
3348259
3348546
3348611
3348667
3348703
3350885
3351824
3351899
3351912
3351944
3351965
3352021
3352029
3352034
3352083
3352108
3352127
3352131
3352181
3352201
3352266
3352308
3352315
3352358
3352395
3352418
3352449
3352451
3352469
3352496
3352531
3352557
3352600
3352657
3352664
3352684
3352699
3352806
3352835
3352843
3352867
3352938
3352947
3352962
3353003
3353021
3353067
3353068
3353090
3353092
3353131
3353138
3353173
3353177
3353179
3353182
3353216
3353223
3353247
3353302
3353314
3353408
3353423
3353450
3353497
3353571
3353596
3353624
3353662
3353745
3353797
3353902
3353919
3353945
3353984
3353986
3354054
3354062
3354074
3354162
3354188
3354214
3354219
3354220
3354238
3354266
3354272
3354274
3354277
3354356
3354366
3354374
3354427
3354508
3354513
3354562
3354570
3354594
3354605
3354675
3354706
3354724
3354780
3354849
3354857
3354884
3354910
3354914
3354963
3354985
3355000
3355002
3355026
3355044
3355052
3355130
3355148
3355177
3355197
3355203
3356025
3356488
3356604
3356787
3356841
3356888
3357122
3357390
3357556
3357607
3357615
3357619
3357630
3357677
3357756
3357851
3357951
3358108
3358112
3358405
3358433
3358579
3358597
3358671
3358706
3358711
3358790
3358838
3358879
3359009
3359092
3359106
3359131
3359157
3359216
3359238
3359259
3359317
3359324
3359340
3359363
3359382
3359425
3359457
3359482
3359486
3359491
3359554
3359676
3359713
3359735
3359748
3359749
3359807
3359832
3359834
3359879
3359888
3359935
3359942
3359985
3360006
3360027
3360178
3360248
3360253
3360266
3360331
3360334
3360407
3360453
3360459
3360494
3360523
3360542
3360548
3360572
3360763
3360773
3360782
3360903
3360935
3360971
3361005
3361146
3361193
3361202
3361229
3361244
3361256
3361370
3361391
3361395
3361516
3361522
3361543
3361569
3361572
3361576
3361727
3361798
3361799
3361801
3361828
3361957
3362074
3362177
3362197
3362203
3362208
3362254
3362446
3362482
3362533
3362570
3362583
3362664
3362905
3362914
3362998
3363159
3363176
3363190
3363207
3363219
3363278
3363412
3363559
3363568
3363607
3363622
3363776
3363805
3363858
3363908
3363979
3364078
3364110
3364121
3364182
3364211
3364253
3364266
3364398
3364401
3364465
3364471
3364484
3364549
3364562
3364646
3364738
3364768
3364816
3364865
3364876
3364926
3364953
3364994
3364995
3365013
3365068
3365113
3365199
3365274
3365294
3365333
3365360
3365392
3365424
3365516
3365532
3365562
3365618
3365658
3365661
3365785
3365808
3365900
3365951
3365968
3365990
3365993
3366049
3366067
3366074
3366084
3366104
3366152
3366216
3366234
3366252
3366253
3366272
3366330
3366366
3366372
3366375
3366415
3366432
3366437
3366463
3366471
3366509
3366621
3366716
3366750
3366779
3366794
3366814
3366902
3366911
3367010
3367171
3367175
3367182
3367229
3367245
3367308
3367379
3367411
3367461
3367466
3367501
3367527
3367666
3367680
3367721
3367725
3367753
3367758
3367796
3367801
3367925
3367933
3367970
3367995
3368010
3368071
3368101
3368108
3368111
3368126
3368221
3368241
3368284
3368318
3368321
3368374
3368463
3368479
3368534
3368582
3368621
3368655
3368678
3368729
3368786
3373645
3373659
3373673
3373698
3373734
3373798
3373860
3373862
3373881
3373901
3373917
3373949
3373952
3373976
3373978
3373996
3374091
3374162
3374237
3374241
3374365
3374535
3374557
3374618
3374629
3374657
3374822
3374865
3374889
3374931
3374997
3375048
3375055
3375079
3375092
3375107
3375137
3375173
3375210
3375319
3375324
3375336
3375359
3375368
3375371
3375388
3375400
3375409
3375410
3375431
3375446
3375468
3375554
3375580
3375606
3375612
3375617
3375644
3375645
3375650
3375731
3375738
3375900
3375903
3375940
3375986
3376106
3376122
3376202
3376206
3376272
3376365
3376422
3376423
3376438
3376446
3376495
3376511
3376576
3376639
3376640
3376779
3376782
3376813
3376814
3376868
3376896
3376996
3377004
3377090
3377105
3377158
3377247
3377283
3377318
3377353
3377363
3377389
3377412
3377531
3377617
3377622
3377782
3377838
3377854
3378038
3378085
3378111
3378123
3378193
3378201
3378221
3378235
3378289
3378303
3378341
3378372
3378379
3378384
3378401
3378416
3378423
3378450
3378520
3378548
3378632
3378638
3378645
3378654
3378669
3378732
3378777
3378896
3378908
3378912
3378940
3378967
3379011
3379036
3379043
3379210
3379239
3379300
3379304
3379312
3379364
3379389
3379414
3379481
3379500
3379524
3379529
3379541
3379563
3379591
3379594
3379687
3379715
3379723
3379781
3379894
3379910
3379963
3380090
3380370
3380604
3380671
3380837
3380849
3381070
3381225
3381300
3381391
3381553
3381657
3381658
3381680
3381739
3381747
3381956
3381958
3381975
3382005
3382093
3382109
3382252
3382284
3382420
3382448
3383001
3383177
3383264
3383308
3383489
3383543
3383571
3383605
3383651
3383672
3383859
3383933
3383953
3384066
3384103
3384219
3384226
3384526
3384530
3384575
3384661
3384706
3384866
3384988
3384999
3385030
3385054
3385079
3385134
3385142
3385174
3385218
3385461
3385509
3385565
3385615
3385646
3385695
3385762
3385768
3385769
3385786
3385796
3385821
3385826
3385831
3385911
3385943
3385969
3385998
3386025
3386032
3386046
3386080
3386112
3386150
3386160
3386196
3386222
3386283
3386296
3386319
3386369
3386455
3386487
3386504
3386535
3386547
3386628
3386653
3386655
3386675
3386694
3386712
3386744
3386759
3386804
3386866
3386893
3386939
3386987
3387065
3387070
3387177
3387232
3387258
3387296
3387376
3387401
3387457
3387489
3387499
3387519
3387561
3387691
3387746
3387747
3387777
3387781
3387788
3387805
3387814
3387871
3387897
3387912
3387995
3388004
3388034
3388067
3388208
3388222
3388238
3388253
3388267
3388421
3388515
3388657
3388682
3388805
3388838
3388920
3388962
3388976
3389000
3389006
3389060
3389063
3389103
3389116
3389161
3389170
3389241
3389323
3389340
3389383
3389419
3389426
3389450
3389458
3389486
3389536
3389552
3389661
3389681
3389708
3389725
3389737
3389763
3389867
3389899
3389903
3389945
3389988
3390006
3390062
3390147
3390167
3390260
3390412
3390783
3390841
3390889
3390893
3391116
3391300
3391339
3395260
3395337
3395383
3395410
3395419
3395477
3395501
3395569
3395579
3395585
3395660
3395715
3395793
3395805
3395817
3395989
3396012
3396037
3396044
3396168
3396191
3396250
3396310
3396336
3396340
3396395
3396497
3396544
3396551
3396575
3396613
3396624
3396629
3396631
3396665
3396675
3396700
3396726
3396765
3396778
3396862
3396892
3396893
3396935
3396963
3396981
3397062
3397102
3397138
3397174
3397178
3397245
3397251
3397309
3397344
3397382
3397441
3397461
3397524
3397675
3397690
3397694
3397733
3397773
3397800
3397848
3397885
3397922
3397976
3398031
3398108
3398129
3398133
3398185
3398221
3398243
3398295
3398317
3398451
3398491
3398507
3398520
3398527
3398603
3398698
3398759
3398809
3398930
3399021
3399057
3399216
3399397
3399462
3399517
3399650
3399661
3399744
3399760
3399779
3399908
3399923
3399928
3399961
3400027
3400044
3400048
3400054
3400120
3400136
3400188
3400201
3400208
3400209
3400244
3400248
3400269
3400287
3400328
3400495
3400534
3400583
3400606
3400674
3400723
3400800
3400821
3400880
3400891
3401004
3401065
3401080
3401086
3401103
3401150
3401208
3401245
3401250
3401310
3401315
3401324
3401368
3401448
3401598
3401632
3401647
3401698
3401724
3401781
3401893
3401924
3402074
