2979235
2979299
2979306
2979664
2979728
2979787
2979868
3034975
3034986
3034997
3035006
3035012
3035172
3035707
3035713
3035778
3035829
3035834
3036009
3036122
3036173
3036198
3036267
3036308
3036491
3037884
3037887
3037952
3038131
3038324
3038633
3038788
3038886
3038917
3039064
3039159
3040369
3040454
3040498
3040749
3040786
3040798
3040919
3041075
3041187
3041207
3041219
3041268
3041379
3041492
3041541
3041542
3041672
3041709
3041738
3041786
3041800
3041979
3043170
3043368
3043411
3043414
3043430
3043468
3043531
3043599
3043658
3043829
3043909
3043949
3043966
3043971
3044030
3044061
3044209
3044237
3044377
3044391
3044428
3044464
3045786
3045802
3045932
3045937
3046005
3046011
3046028
3046153
3046223
3046280
3046299
3046319
3046483
3046526
3046559
3046693
3046718
3046719
3046729
3046747
3046797
3046850
3046893
3046982
3047016
3047050
3047153
3047164
3047314
3047427
3048460
3048530
3048603
3048643
3048667
3048684
3048688
3048754
3048784
3048923
3048989
3049022
3049045
3049093
3049148
3049213
3049228
3049307
3049311
3049405
3049406
3049441
3049476
3049562
3049659
3049744
3049746
3049780
3049887
3051368
3051397
3051479
3051481
3051542
3051553
3051692
3051720
3051804
3051810
3051967
3052138
3052225
3052259
3052268
3052324
3052390
3052478
3052586
3052600
3052607
3052677
3052756
3052785
3052815
3052816
3052844
3052850
3052888
3052894
3052962
3053101
3053131
3053138
3053190
3053257
3053296
3054528
3054561
3054569
3054672
3054706
3054790
3054835
3054838
3054877
3054891
3055065
3055166
3055367
3055659
3055811
3055888
3055926
3055989
3056001
3056744
3056758
3056798
3056856
3056890
3056966
3057037
3057100
3057250
3057257
3057284
3057325
3057524
3057586
3057617
3058771
3058860
3058890
3058981
3059570
3059601
3059853
3059860
3059867
3060064
3060176
3060258
3061666
3061721
3061736
3061809
3061844
3061848
3061950
3062082
3062158
3062291
3062572
3062636
3062665
3062805
3062808
3062922
3062945
3062966
3062984
3062992
3063027
3063055
3064231
3064276
3064300
3064332
3064445
3064447
3064634
3064695
3064708
3064726
3064734
3064805
3064813
3064832
3064905
3064982
3065016
3065024
3065032
3065043
3065054
3065349
3065375
3065465
3065590
3065871
3066945
3066982
3067186
3067320
3067541
3067611
3067643
3067721
3067815
3068058
3068062
3068322
3068363
3068400
3069709
3069850
3069909
3069957
3069992
3070330
3070467
3070607
3070827
3070879
3071093
3071099
3072528
3072660
3072713
3072788
3072828
3072955
3072979
3072986
3073143
3073282
3073351
3073394
3073405
3073467
3073478
3073516
3073584
3073637
3073841
3073892
3073893
3074953
3075029
3075035
3075111
3075289
3075290
3075355
3075373
3075380
3075385
3075503
3075608
3075627
3075731
3075775
3075807
3076039
3076125
3076231
3076280
3076331
3076511
3077652
3077818
3077887
3078016
3078079
3078115
3078204
3078246
3078319
3078522
3078701
3078730
3078885
3078943
3078948
3078976
3079047
3079103
3079131
3079156
3079212
3079306
3079376
3080451
3080563
3080609
3080781
3080879
3080891
3081175
3081219
3081233
3081244
3081593
3081805
3081870
3081904
3081917
3082020
3082107
3082421
3082446
3083212
3083227
3083305
3083536
3083570
3083649
3083685
3083845
3083860
3083925
3083936
3084005
3084023
3084081
3084100
3084350
3084443
3084701
3084718
3084798
3085750
3085902
3085976
3086020
3086053
3086193
3086242
3086283
3086333
3086409
3086419
3086423
3086577
3086638
3086723
3086846
3087115
3087171
3087297
3087301
3087333
3088493
3088516
3088567
3088624
3088768
3088917
3088981
3089086
3089558
3089579
3089653
3089714
3089810
3089839
3089899
3089990
3090013
3091250
3091358
3091370
3091583
3091599
3091657
3091784
3091841
3091930
3091963
3092024
3092046
3092161
3092186
3092372
3092405
3092472
3092475
3092563
3092619
3092691
3092699
3092712
3092808
3092845
3093919
3093957
3094247
3094287
3094292
3094364
3094384
3094434
3094450
3094676
3094932
3094944
3094981
3095069
3095070
3095103
3095354
3095406
3095418
3095432
3095482
3096735
3096748
3096772
3096781
3096922
3097019
3097065
3097173
3097384
3097495
3097554
3097932
3097935
3097985
3098019
3098194
3098409
3099377
3099381
3099526
3099537
3099559
3099714
3099803
3099809
3099925
3099946
3099968
3099987
3100080
3100194
3100293
3100302
3100339
3100349
3100354
3100365
3100599
3100601
3102117
3102120
3102178
3102202
3102229
3102277
3102341
3102479
3102500
3102503
3102505
3102552
3102594
3102607
3102689
3102822
3102891
3102962
3103014
3103196
3103235
3103283
3103340
3103396
3103487
3103548
3103681
3103699
3103714
3104868
3104901
3104938
3105055
3105208
3105236
3105308
3105409
3105539
3105690
3105732
3105885
3105904
3105905
3105932
3105985
3106004
3106021
3106236
3106282
3107272
3107319
3107328
3107430
3107539
3107551
3107632
3107949
3108528
3108556
3108612
3108969
3108975
3109012
3109093
3109105
3109292
3109308
3110530
3110733
3110856
3110857
3110878
3110923
3111141
3111154
3111214
3111312
3111345
3111434
3111556
3111587
3111596
3111623
3111681
3111725
3111735
3111823
3111917
3112059
3113344
3113434
3113514
3113550
3113626
3113665
3113748
3113773
3113798
3113942
3114055
3114446
3114547
3115777
3115809
3115818
3115820
3115841
3117037
3117047
3117204
3117229
3117278
3117279
3117361
3117401
3117437
3117608
3117644
3117653
3117809
3117844
3118111
3118123
3118200
3118228
3118260
3118449
3118589
3119719
3119830
3119841
3119991
3120089
3120100
3120158
3120190
3120213
3120262
3120320
3120363
3121010
3121037
3121055
3121103
3121181
3121248
3121253
3121801
3122465
3122476
3122485
3122582
3122613
3122714
3122715
3122898
3122963
3123077
3123115
3123120
3123131
3123156
3123339
3123347
3123430
3123543
3123677
3123739
3123823
3123892
3123901
3123994
3124056
3125087
3125096
3125263
3125350
3125406
3125565
3125567
3125615
3125797
3125832
3125865
3125869
3125878
3125931
3125935
3125966
3125999
3126027
3126086
3126114
3126202
3126207
3126275
3126301
3126317
3126469
3126482
3126485
3127811
3127875
3127993
3128180
3128223
3128237
3128302
3128374
3128380
3128483
3128610
3128642
3128714
3128802
3128812
3128816
3128848
3128850
3129048
3129075
3129311
3129317
3130632
3130633
3130778
3130820
3130921
3130977
3131058
3131130
3131361
3131497
3131506
3131514
3131551
3131576
3131707
3131805
3131862
3132061
3132106
3132212
3132226
3133275
3133581
3133611
3133646
3133698
3133749
3133752
3133766
3134045
3134133
3134135
3134264
3134284
3134518
3134532
3134651
3134816
3134905
3135937
3135991
3136004
3136044
3136281
3136369
3136374
3136375
3136459
3136507
3136571
3136587
3136909
3136967
3137021
3137033
3137060
3137175
3137228
3137233
3137425
3137571
3137581
3137601
3137683
3137691
3139053
3139261
3139268
3139284
3139289
3139330
3139347
3139451
3139564
3139585
3139998
3140207
3140236
3140310
3140311
3140343
3140361
3142223
3142227
3142282
3142314
3142647
3142910
3143216
3143224
3143256
3143374
3143523
3143711
3143830
3143889
3143962
3144229
3144453
3144633
3144650
3144698
3144774
3144824
3144876
3145044
3145071
3145109
3145169
3147685
3147748
3147980
3148364
3148403
3148685
3149425
3149446
3150237
3152486
3152636
3152837
3152910
3152933
3153014
3153303
3153704
3153907
3153962
3154294
3154369
3154534
3154538
3154557
3154614
3155171
3155190
3155247
3155263
3155313
3156364
3156513
3156534
3156631
3156652
3156932
3156985
3157086
3157105
3157341
3157567
3157577
3157610
3157637
3157650
3157651
3157669
3157723
3157745
3157788
3157950
3159324
3159325
3159347
3159386
3159398
3159496
3159781
3159858
3159947
3160025
3160056
3160078
3160083
3160253
3160256
3160257
3160287
3160299
3160313
3160333
3160343
3160498
3160593
3160685
3162150
3162190
3162313
3162320
3162367
3162565
3162622
3162639
3162728
3162781
3162783
3162800
3162813
3162835
3162838
3162847
3162874
3162890
3162973
3163028
3163207
3163385
3163426
3164634
3164659
3164664
3164696
3164749
3164889
3164902
3164916
3165104
3165188
3165360
3165458
3165550
3165593
3165608
3165682
3165744
3165829
3165874
3165903
3165915
3167397
3167439
3167518
3167548
3167607
3167652
3167675
3167748
3167760
3167819
3167977
3168212
3168246
3168258
3168260
3168285
3168309
3168363
3168398
3168442
3168447
3168513
3168535
3168625
3168626
3168680
3168691
3168734
3168746
3168826
3168833
3168899
3170155
3170158
3170183
3170246
3170317
3170343
3170371
3170381
3170432
3170533
3170547
3170563
3170595
3170688
3170708
3170756
3170794
3170872
3170913
3171012
3171018
3171217
3171295
3171343
3171593
3171656
3173047
3173088
3173104
3173161
3173237
3173313
3173372
3173451
3173484
3173500
3173512
3173521
3173597
3173743
3173781
3173786
3173797
3173907
3173916
3173989
3174003
3174027
3174036
3174039
3174062
3174087
3174231
3174290
3174306
3174318
3174324
3174347
3175633
3175686
3175743
3175798
3175837
3175864
3175910
3175919
3175954
3176139
3176284
3176291
3176420
3176517
3176717
3176819
3176846
3177032
3177051
3178339
3178416
3178447
3178460
3178477
3178523
3178531
3178546
3178652
3178934
3179039
3179070
3179179
3179191
3179199
3179272
3179324
3179343
3179355
3179512
3179548
3179549
3179614
3179656
3179713
3179985
3179991
3181210
3181249
3181274
3181303
3181376
3181405
3181555
3181565
3181598
3181704
3181815
3181828
3181885
3181952
3182064
3182071
3182089
3182113
3182120
3182451
3182539
3182565
3182644
3183825
3183991
3183996
3184041
3184060
3184130
3184145
3184355
3184495
3184496
3184524
3184596
3184798
3184911
3184977
3185042
3185111
3185170
3185222
3185338
3185386
3185424
3186481
3186558
3186607
3186639
3186745
3187197
3187203
3187502
3187616
3187684
3187723
3187837
3187839
3187893
3187921
3187999
3189231
3190227
3190248
3190413
3190433
3190435
3190494
3190677
3190695
3192173
3192371
3192811
3192834
3192972
3193082
3193155
3193245
3193273
3194697
3194931
3195003
3195193
3195322
3195453
3195531
3195564
3195631
3195645
3195723
3195755
3195802
3195928
3195960
3195965
3196043
3196046
3196188
3196212
3196233
3196301
3196371
3197668
3197784
3198235
3198588
3199043
3199268
3199347
3199352
3199778
3199906
3200019
3200284
3200417
3200601
3200842
3202939
3203022
3203035
3203045
3203254
3203269
3203872
3203901
3204007
3204139
3204181
3208181
3208499
3208639
3209151
3209539
3209828
3209843
3214102
3214349
3214649
3214675
3214721
3214888
3214954
3215439
3215602
3215697
3215874
3216441
3216481
3218854
3218905
3218977
3219272
3219519
3219681
3219688
3219742
3219782
3219899
3220050
3220066
3220310
3220417
3220423
3220641
3220643
3220837
3220896
3220911
3221180
3221471
3221481
3221648
3221737
3221739
3223799
3223803
3224732
3224995
3225321
3225323
3225385
3225644
3225932
3225934
3225994
3226156
3226320
3226424
3226687
3228951
3228976
3229121
3229213
3229290
3229374
3229629
3229636
3229661
3229703
3230103
3230272
3230426
3230580
3230588
3230605
3230725
3230726
3230742
3230771
3231022
3231479
3231628
3231715
3231752
3231835
3232071
3232089
3234359
3234507
3234603
3234696
3234719
3234767
3234799
3234927
3235402
3235477
3235491
3235581
3235944
3236038
3236042
3236173
3236274
3236351
3236586
3236657
3236943
3236961
3237056
3237137
3237309
3239579
3239589
3239634
3240107
3240183
3240185
3240348
3240358
3240460
3240674
3241082
3241094
3241495
3241513
3241542
3241813
3241860
3242168
3242245
3242381
3244446
3244560
3244608
3244688
3244700
3244734
3244765
3244796
3245837
3245891
3246020
3247198
3247459
3247661
3247844
3247976
3248002
3248060
3248244
3248256
3248258
3248327
3248469
3248675
3248703
3248739
3249916
3250070
3250100
3250212
3250215
3250229
3250237
3250283
3250291
3250302
3250310
3250323
3250392
3250491
3250520
3250537
3250538
3250769
3250846
3250958
3250964
3251018
3251042
3251055
3251114
3251195
3251198
3251266
3251322
3251424
3252666
3252991
3253039
3253329
3253359
3253420
3253446
3253556
3253575
3253591
3253748
3253765
3253801
3253822
3253839
3253873
3253958
3254012
3254028
3254083
3254193
3255417
3255466
3255469
3255524
3255530
3255545
3255592
3255678
3255700
3255951
3256061
3256130
3256379
3256393
3256413
3256498
3256501
3256507
3256524
3256659
3256866
3256867
3256883
3256929
3258116
3258121
3258156
3258185
3258293
3258339
3258428
3258460
3258606
3258830
3259147
3259342
3259434
3259615
3259646
3259650
3259687
3261035
3261627
3261741
3261894
3262049
3262153
3262155
3262255
3262482
3262501
3263613
3263860
3263939
3264090
3264121
3264133
3264199
3264252
3264348
3264349
3264384
3264507
3264775
3264962
3265044
3265437
3265455
3265497
3265611
3265623
3265726
3265814
3267961
3268165
3268194
3268300
3268365
3268616
3268639
3269438
3269622
3269646
3269659
3269779
3269802
3269826
3269880
3269890
3269945
3270065
3270074
3270357
3270666
3271052
3273333
3273664
3273682
3273686
3273803
3273837
3273892
3273924
3274217
3274219
3274462
3274482
3274515
3274937
3274962
3275077
3275089
3275268
3275285
3275714
3275732
3275817
3275871
3275883
3275887
3275891
3276181
3276246
3276540
3278710
3278735
3323937
3324182
3330426
3330450
3330479
3331441
3334535
3334711
3335732
3341837
3342030
3342134
3342249
3342280
3342551
3342621
3342645
3342660
3342720
3342736
3342867
3342873
3342994
3343021
3343029
3343034
3343144
3343176
3343190
3343495
3343503
3343546
3343668
3343921
3343928
3343933
3344029
3344059
3344242
3344410
3344519
3344522
3344533
3344593
3344691
3344864
3344982
3345008
3345099
3345267
3345342
3345581
3345638
3345737
3345746
3345907
3345930
3345980
3346015
3346189
3346209
3346240
3346655
3346784
3346860
3346897
3346916
3347026
3347431
3347491
3347507
3347783
3347794
3347901
3347992
3348087
3348268
3348691
3351954
3352063
3352076
3352106
3352170
3352466
3352808
3352897
3352905
3353039
3353189
3353246
3353270
3353283
3353311
3353344
3353408
3353454
3353477
3353515
3353520
3353578
3353618
3353636
3353658
3353702
3353802
3353917
3354054
3354103
3354119
3354410
3354436
3354437
3354574
3354584
3354652
3354658
3354710
3354738
3354760
3354777
3354910
3354942
3354955
3355007
3355267
3356615
3357564
3358405
3358545
3358692
3358794
3358806
3358833
3358911
3358968
3359009
3359012
3359158
3359172
3359192
3359234
3359243
3359268
3359582
3359609
3359707
3359790
3359829
3359951
3359975
3359977
3360021
3360125
3360131
3360221
3360615
3360713
3360751
3360755
3360885
3360899
3360983
3361116
3361492
3361510
3361617
3361780
3361883
3362096
3362160
3362214
3362580
3362628
3362667
3363275
3363574
3363616
3363845
3364124
3364172
3364174
3364207
3364211
3364309
3364339
3364411
3364416
3364427
3364465
3364611
3364616
3364647
3364652
3364658
3364673
3364876
3365265
3365384
3365618
3365668
3365749
3365842
3365954
3366039
3366160
3366258
3366421
3366445
3366536
3366550
3366555
3366700
3366754
3366858
3366908
3366918
3366956
3367054
3367150
3367355
3367379
3367461
3367532
3367611
3367706
3367746
3367768
3367821
3367908
3368139
3368342
3368758
3373857
3373927
3373929
3373939
3373942
3373960
3374013
3374043
3374235
3374294
3374452
3374472
3374485
3374631
3374650
3374937
3374942
3374988
3375164
3375181
3375221
3375235
3375388
3375508
3375555
3375702
3375859
3375931
3375947
3376080
3376113
3376136
3376378
3376400
3376515
3376705
3376721
3376777
3376778
3376910
3376992
3377008
3377210
3377219
3377243
3377317
3377665
3377674
3378030
3378038
3378082
3378152
3378293
3378391
3378409
3378467
3378508
3378670
3378682
3378718
3378781
3378839
3378891
3379075
3379139
3379237
3379270
3379386
3379425
3379485
3379663
3379670
3379673
3379782
3379872
3380316
3380350
3380408
3380636
3380857
3381617
3381739
3381892
3382498
3382956
3383721
3383813
3383835
3384174
3384195
3384369
3384460
3384696
3384807
3385297
3385354
3385667
3385710
3385752
3385753
3385886
3385939
3386091
3386245
3386686
3386703
3386711
3386775
3387414
3387503
3387555
3387585
3387705
3387784
3387875
3388074
3388081
3388144
3388196
3388327
3388386
3388390
3388413
3388584
3388589
3388932
3389333
3389551
3389662
3390007
3390086
3390216
3390589
3390669
3390924
3390958
3395183
3395296
3395481
3395520
3395591
3395822
3395911
3396077
3396636
3396704
3396815
3396975
3397145
3397174
3397214
3397351
3397484
3397563
3397688
3398108
3398132
3398232
3398246
3398315
3398529
3398965
3399142
3399291
3399320
3399487
3399516
3399551
3399581
3399636
3399692
3399702
3399809
3399854
3400074
3400089
3400219
3400482
3400537
3400875
3400999
3401020
3401055
3401070
3401072
3401151
3401230
3401309
3401539
3401590
3401637
3401966
