3035173
3035203
3035230
3035264
3035348
3035374
3035713
3035745
3035771
3035800
3035828
3035857
3035884
3035912
3035939
3035965
3035992
3036052
3036083
3036109
3036135
3036169
3036195
3036224
3036265
3036296
3036327
3036353
3036382
3036432
3036462
3036497
3037619
3037816
3037897
3037933
3037987
3038130
3038158
3038188
3038220
3038246
3038275
3038304
3038339
3038368
3038395
3038426
3038457
3038485
3038511
3038542
3038570
3038596
3038623
3038649
3038677
3038705
3038734
3038765
3038793
3038819
3038847
3038873
3038899
3038926
3038952
3038979
3039007
3039038
3039065
3039092
3039120
3039146
3039173
3039201
3039252
3040371
3040398
3040424
3040458
3040485
3040515
3040545
3040572
3040601
3040628
3040656
3040686
3040713
3040740
3040770
3040809
3040841
3040868
3040894
3040923
3040950
3040977
3041004
3041031
3041059
3041086
3041112
3041139
3041165
3041192
3041220
3041247
3041277
3041305
3041341
3041373
3041405
3041443
3041469
3041499
3041543
3041569
3041598
3041632
3041663
3041692
3041720
3041749
3041775
3041810
3041836
3041955
3041993
3043104
3043175
3043207
3043238
3043293
3043326
3043353
3043380
3043408
3043437
3043464
3043490
3043520
3043549
3043576
3043606
3043633
3043660
3043687
3043713
3043742
3043769
3043795
3043821
3043848
3043882
3043908
3043935
3043962
3043993
3044021
3044054
3044080
3044107
3044134
3044162
3044188
3044218
3044244
3044386
3044413
3044441
3044468
3044502
3044596
3044626
3044655
3045690
3045719
3045745
3045773
3045799
3045827
3045856
3045886
3045912
3045939
3045969
3045998
3046027
3046054
3046080
3046110
3046137
3046165
3046192
3046219
3046246
3046273
3046300
3046329
3046355
3046381
3046407
3046433
3046459
3046487
3046531
3046560
3046589
3046615
3046642
3046670
3046697
3046724
3046750
3046778
3046804
3046832
3046859
3046888
3046917
3046946
3046975
3047003
3047030
3047059
3047085
3047114
3047142
3047168
3047197
3047224
3047250
3047287
3047324
3047378
3047431
3048458
3048487
3048514
3048542
3048582
3048611
3048647
3048674
3048703
3048737
3048765
3048824
3048851
3048879
3048908
3048936
3048964
3048992
3049024
3049052
3049080
3049106
3049135
3049161
3049187
3049214
3049240
3049267
3049294
3049323
3049349
3049392
3049419
3049451
3049479
3049510
3049537
3049564
3049592
3049634
3049660
3049690
3049717
3049745
3049771
3049838
3049867
3049896
3049969
3049995
3051147
3051208
3051254
3051285
3051315
3051344
3051371
3051402
3051440
3051474
3051503
3051536
3051563
3051591
3051620
3051646
3051692
3051723
3051749
3051777
3051804
3051830
3051859
3051885
3051934
3051960
3051986
3052015
3052045
3052074
3052116
3052142
3052171
3052199
3052230
3052259
3052285
3052314
3052342
3052370
3052398
3052426
3052452
3052480
3052508
3052540
3052571
3052601
3052629
3052656
3052685
3052712
3052739
3052768
3052795
3052824
3052851
3052879
3052905
3052931
3052964
3052992
3053018
3053044
3053071
3053098
3053125
3053152
3053182
3053221
3053247
3053274
3053301
3053336
3053367
3054434
3054464
3054494
3054533
3054560
3054586
3054618
3054648
3054674
3054705
3054732
3054762
3054789
3054826
3054867
3054902
3055010
3055036
3055062
3055101
3055177
3055325
3055353
3055476
3055610
3055712
3055794
3055842
3055896
3055949
3055985
3056014
3056099
3056594
3056620
3056646
3056673
3056701
3056728
3056756
3056792
3056819
3056848
3056876
3056904
3056934
3056960
3056987
3057013
3057043
3057070
3057096
3057125
3057153
3057183
3057216
3057247
3057280
3057306
3057333
3057362
3057388
3057414
3057442
3057468
3057500
3057526
3057555
3057584
3057619
3057652
3057679
3057822
3058728
3058767
3058802
3058829
3058869
3058897
3058981
3059089
3059218
3059320
3059426
3059460
3059486
3059514
3059547
3059574
3059602
3059631
3059661
3059687
3059714
3059741
3059768
3059796
3059826
3059853
3059880
3059967
3059993
3060025
3060054
3060088
3060119
3060147
3060173
3060199
3060226
3060252
3060280
3060308
3060335
3060361
3060389
3061109
3061452
3061481
3061515
3061565
3061632
3061659
3061685
3061712
3061739
3061765
3061792
3061836
3061862
3061891
3061918
3061946
3061972
3062000
3062026
3062052
3062081
3062108
3062136
3062164
3062192
3062219
3062246
3062272
3062298
3062327
3062354
3062380
3062409
3062436
3062463
3062492
3062528
3062555
3062582
3062610
3062640
3062667
3062698
3062725
3062766
3062804
3062837
3062870
3062908
3062940
3062966
3062995
3063021
3063064
3063091
3063133
3063225
3064188
3064225
3064252
3064283
3064311
3064342
3064370
3064399
3064454
3064483
3064511
3064539
3064567
3064594
3064624
3064651
3064677
3064704
3064730
3064762
3064788
3064816
3064845
3064872
3064898
3064927
3064954
3064980
3065006
3065032
3065059
3065085
3065305
3065352
3065381
3065407
3065433
3065459
3065485
3065511
3065539
3065570
3065601
3065629
3065717
3066806
3066863
3066891
3066928
3066955
3066982
3067010
3067037
3067064
3067095
3067126
3067152
3067187
3067218
3067249
3067277
3067308
3067338
3067369
3067397
3067424
3067451
3067482
3067508
3067543
3067570
3067596
3067626
3067652
3067680
3067709
3067748
3067806
3067835
3067865
3067891
3067917
3067949
3067976
3068003
3068031
3068058
3068099
3068126
3068172
3068204
3068232
3068258
3068293
3068319
3068357
3068384
3068411
3068438
3068465
3068502
3069523
3069580
3069641
3069667
3069714
3069836
3069862
3069888
3069915
3069941
3069987
3070161
3070222
3070315
3070353
3070394
3070428
3070471
3070514
3070550
3070588
3070632
3070777
3070850
3070923
3071022
3071113
3071194
3072232
3072349
3072460
3072486
3072519
3072547
3072621
3072654
3072688
3072715
3072745
3072773
3072800
3072828
3072856
3072884
3072912
3072939
3072966
3072994
3073031
3073059
3073088
3073120
3073149
3073176
3073254
3073284
3073320
3073349
3073380
3073408
3073437
3073466
3073495
3073522
3073549
3073578
3073608
3073635
3073663
3073707
3073774
3073805
3073832
3073859
3073886
3073914
3073941
3074935
3074966
3074995
3075035
3075062
3075089
3075115
3075141
3075168
3075198
3075230
3075257
3075285
3075315
3075372
3075400
3075429
3075463
3075498
3075525
3075552
3075600
3075627
3075653
3075703
3075729
3075759
3075787
3075813
3075840
3075877
3075903
3075930
3075958
3075986
3076014
3076040
3076067
3076095
3076131
3076159
3076187
3076214
3076267
3076296
3076328
3076359
3076388
3076433
3076467
3076496
3076527
3077683
3077711
3077752
3077782
3077809
3077835
3077862
3077892
3077919
3077946
3077974
3078016
3078047
3078107
3078134
3078166
3078204
3078232
3078261
3078287
3078314
3078343
3078371
3078397
3078425
3078452
3078478
3078506
3078534
3078561
3078590
3078618
3078647
3078683
3078709
3078737
3078763
3078789
3078817
3078844
3078875
3078907
3078936
3078964
3078992
3079021
3079049
3079075
3079103
3079129
3079156
3079186
3079219
3079254
3079281
3079307
3079358
3080389
3080417
3080447
3080494
3080555
3080583
3080609
3080641
3080669
3080748
3080790
3080820
3080848
3080877
3080910
3080939
3080968
3080997
3081023
3081064
3081091
3081118
3081154
3081186
3081216
3081242
3081277
3081311
3081343
3081385
3081421
3081495
3081528
3081555
3081581
3081608
3081635
3081663
3081703
3081734
3081762
3081788
3081816
3081842
3081870
3081897
3081926
3081953
3081997
3082025
3082082
3082111
3082471
3083128
3083186
3083212
3083240
3083267
3083302
3083331
3083359
3083389
3083415
3083444
3083486
3083513
3083540
3083568
3083598
3083624
3083651
3083680
3083708
3083736
3083762
3083789
3083815
3083856
3083884
3083913
3083941
3083988
3084016
3084060
3084089
3084117
3084144
3084172
3084207
3084236
3084262
3084288
3084319
3084356
3084389
3084415
3084443
3084470
3084510
3084537
3084568
3084602
3084630
3084692
3084743
3084805
3085798
3085853
3085900
3085932
3085979
3086008
3086036
3086065
3086091
3086119
3086146
3086172
3086199
3086226
3086254
3086282
3086311
3086338
3086364
3086390
3086417
3086444
3086473
3086503
3086529
3086559
3086587
3086614
3086642
3086670
3086701
3086731
3086759
3086808
3086834
3086861
3086890
3086921
3086950
3086977
3087004
3087033
3087068
3087104
3087164
3087229
3087275
3087316
3087368
3088488
3088527
3088566
3088593
3088626
3088655
3088682
3088710
3088736
3088762
3088792
3088819
3088847
3088875
3088902
3088928
3088962
3088990
3089019
3089046
3089075
3089102
3089128
3089156
3089184
3089213
3089242
3089270
3089296
3089322
3089349
3089433
3089459
3089494
3089521
3089549
3089581
3089626
3089655
3089684
3089710
3089736
3089765
3089793
3089821
3089849
3089878
3089930
3089962
3089998
3090026
3090068
3090121
3090162
3091192
3091261
3091293
3091324
3091371
3091404
3091432
3091477
3091507
3091552
3091580
3091610
3091639
3091665
3091702
3091730
3091759
3091787
3091815
3091844
3091871
3091897
3091924
3091955
3091999
3092027
3092053
3092083
3092120
3092152
3092181
3092211
3092238
3092264
3092290
3092316
3092343
3092369
3092398
3092424
3092451
3092480
3092507
3092533
3092559
3092589
3092617
3092645
3092671
3092699
3092729
3092756
3092786
3092812
3092845
3092871
3092954
3093913
3093942
3093969
3094123
3094213
3094248
3094276
3094303
3094329
3094356
3094383
3094410
3094438
3094465
3094492
3094524
3094552
3094581
3094637
3094664
3094690
3094719
3094745
3094774
3094810
3094841
3094867
3094896
3094927
3094953
3095055
3095085
3095112
3095149
3095183
3095221
3095250
3095279
3095305
3095332
3095360
3095388
3095415
3095445
3095474
3095503
3096671
3096698
3096725
3096755
3096786
3096815
3096841
3096871
3096906
3096933
3096967
3096994
3097027
3097053
3097080
3097108
3097134
3097162
3097189
3097216
3097243
3097271
3097301
3097327
3097353
3097380
3097407
3097434
3097461
3097487
3097514
3097541
3097568
3097597
3097624
3097651
3097691
3097719
3097752
3097804
3097837
3097864
3097893
3097920
3097947
3097979
3098007
3098034
3098061
3098088
3098118
3098172
3098200
3098237
3098264
3098293
3098403
3099341
3099371
3099404
3099433
3099461
3099489
3099516
3099545
3099573
3099604
3099630
3099663
3099694
3099731
3099760
3099796
3099844
3099883
3099919
3099948
3099975
3100016
3100045
3100085
3100150
3100180
3100207
3100239
3100265
3100299
3100328
3100358
3100384
3100415
3100442
3100471
3100498
3100525
3100554
3100582
3100608
3100640
3100668
3100696
3100724
3100751
3100778
3100804
3100834
3100862
3100889
3101014
3101052
3102075
3102101
3102128
3102157
3102183
3102212
3102240
3102267
3102294
3102321
3102347
3102377
3102403
3102433
3102462
3102496
3102523
3102554
3102581
3102609
3102640
3102666
3102694
3102721
3102749
3102789
3102827
3102853
3102882
3102911
3102945
3102976
3103004
3103031
3103089
3103177
3103221
3103252
3103281
3103311
3103341
3103368
3103395
3103421
3103447
3103476
3103503
3103530
3103568
3103608
3103644
3103695
3104744
3104786
3104855
3104891
3104919
3104947
3104975
3105002
3105029
3105055
3105089
3105116
3105145
3105174
3105202
3105228
3105255
3105283
3105310
3105339
3105369
3105396
3105422
3105451
3105482
3105509
3105537
3105566
3105593
3105621
3105653
3105679
3105708
3105738
3105767
3105821
3105847
3105876
3105902
3105928
3105959
3105987
3106015
3106042
3106069
3106123
3106150
3106201
3106231
3106258
3106288
3106319
3106350
3107179
3107209
3107237
3107264
3107293
3107322
3107354
3107381
3107409
3107435
3107463
3107490
3107520
3107549
3107576
3107605
3107649
3107681
3107707
3107734
3107764
3107794
3107832
3107858
3107885
3107957
3108012
3108078
3108508
3108538
3108565
3108592
3108619
3108645
3108673
3108702
3108740
3108941
3108972
3109001
3109028
3109056
3109084
3109111
3109137
3109293
3109459
3110504
3110530
3110557
3110596
3110648
3110736
3110826
3110853
3110880
3110907
3110935
3110963
3110993
3111022
3111053
3111083
3111123
3111149
3111177
3111203
3111230
3111256
3111291
3111320
3111364
3111390
3111417
3111445
3111471
3111497
3111527
3111555
3111582
3111608
3111637
3111668
3111697
3111728
3111758
3111796
3111823
3111852
3111882
3111909
3111938
3111967
3111993
3112022
3112049
3112151
3113300
3113327
3113356
3113382
3113408
3113434
3113463
3113489
3113517
3113543
3113570
3113596
3113623
3113653
3113680
3113713
3113740
3113766
3113793
3113823
3113878
3113905
3113931
3113960
3114001
3114029
3114055
3114146
3114174
3114236
3114278
3114307
3114346
3114399
3114445
3114479
3114513
3114666
3115772
3115811
3115846
3115882
3115937
3116104
3116661
3117032
3117060
3117088
3117188
3117217
3117246
3117273
3117300
3117332
3117363
3117392
3117419
3117445
3117472
3117537
3117564
3117637
3117664
3117691
3117718
3117745
3117782
3117841
3117869
3117898
3117931
3117959
3117988
3118018
3118045
3118072
3118100
3118128
3118161
3118197
3118226
3118261
3118299
3118329
3118356
3118383
3118410
3118442
3118469
3118535
3118561
3118590
3118621
3118673
3119729
3119755
3119781
3119807
3119834
3119862
3119893
3119922
3119949
3119976
3120006
3120039
3120066
3120094
3120126
3120162
3120198
3120225
3120252
3120279
3120312
3120347
3120374
3120403
3120430
3120458
3120484
3120510
3120537
3120587
3120810
3120862
3120890
3120917
3120944
3120972
3120998
3121027
3121058
3121101
3121127
3121153
3121181
3121209
3121237
3121265
3121333
3121800
3121832
3122404
3122439
3122465
3122494
3122520
3122548
3122577
3122603
3122633
3122660
3122687
3122716
3122744
3122775
3122802
3122828
3122855
3122884
3122912
3122938
3122970
3123002
3123030
3123059
3123086
3123115
3123142
3123170
3123197
3123243
3123271
3123299
3123328
3123354
3123388
3123415
3123449
3123476
3123503
3123530
3123558
3123585
3123612
3123640
3123678
3123705
3123731
3123762
3123790
3123817
3123848
3123877
3123905
3123934
3123963
3124009
3124037
3124063
3124091
3124406
3125093
3125125
3125154
3125180
3125226
3125258
3125287
3125315
3125341
3125371
3125408
3125447
3125474
3125501
3125530
3125557
3125585
3125611
3125637
3125663
3125689
3125717
3125744
3125772
3125799
3125827
3125854
3125881
3125910
3125937
3125963
3125995
3126023
3126050
3126078
3126104
3126132
3126161
3126191
3126220
3126248
3126276
3126302
3126331
3126358
3126385
3126419
3126446
3126475
3126501
3126530
3126558
3126586
3126613
3126642
3126668
3126694
3126724
3126770
3126811
3127813
3127844
3127883
3127914
3127940
3127967
3127993
3128021
3128048
3128075
3128106
3128132
3128160
3128187
3128216
3128246
3128276
3128302
3128330
3128357
3128386
3128415
3128456
3128486
3128516
3128555
3128594
3128620
3128647
3128674
3128701
3128728
3128755
3128782
3128811
3128838
3128868
3128895
3128922
3128949
3128975
3129002
3129029
3129055
3129084
3129112
3129140
3129169
3129195
3129222
3129249
3129306
3129360
3129399
3130597
3130625
3130652
3130680
3130710
3130737
3130766
3130808
3130835
3130862
3130892
3130921
3130948
3130978
3131005
3131033
3131061
3131112
3131139
3131169
3131198
3131227
3131256
3131300
3131327
3131354
3131383
3131413
3131441
3131471
3131502
3131529
3131555
3131581
3131609
3131635
3131663
3131690
3131716
3131746
3131777
3131804
3131833
3131861
3131890
3131917
3131943
3131970
3131997
3132023
3132062
3132089
3132118
3132146
3132174
3132202
3132229
3133224
3133277
3133311
3133337
3133366
3133408
3133470
3133496
3133522
3133550
3133577
3133606
3133634
3133661
3133689
3133716
3133757
3133784
3133812
3133842
3133868
3133898
3133927
3133953
3133982
3134009
3134035
3134063
3134091
3134119
3134146
3134173
3134200
3134233
3134261
3134290
3134325
3134389
3134416
3134445
3134472
3134501
3134536
3134570
3134601
3134630
3134657
3134683
3134711
3134741
3134769
3134800
3134828
3134856
3134882
3134908
3134934
3135969
3136006
3136039
3136066
3136095
3136123
3136153
3136179
3136207
3136236
3136263
3136289
3136316
3136344
3136371
3136398
3136424
3136451
3136478
3136505
3136533
3136561
3136589
3136818
3136847
3136873
3136899
3136926
3136954
3136984
3137013
3137040
3137068
3137096
3137125
3137153
3137185
3137216
3137251
3137280
3137308
3137340
3137372
3137398
3137431
3137458
3137486
3137512
3137539
3137567
3137595
3137692
3138804
3138848
3138919
3138951
3138977
3139017
3139045
3139072
3139099
3139237
3139282
3139314
3139345
3139375
3139424
3139457
3139486
3139521
3139553
3139583
3139610
3139641
3139668
3139712
3139774
3139864
3139899
3139929
3139964
3139998
3140025
3140059
3140088
3140181
3140241
3140274
3140302
3140328
3140364
3142142
3142194
3142252
3142314
3142380
3142437
3142487
3142561
3142611
3142662
3142721
3142772
3142821
3142863
3142908
3142960
3143013
3143065
3143170
3143226
3143276
3143338
3143397
3143453
3143507
3143557
3143612
3143664
3143713
3143766
3143813
3143866
3143917
3143965
3144013
3144187
3144250
3144296
3144347
3144399
3144460
3144518
3144573
3144625
3144677
3144727
3144784
3144834
3144886
3144986
3145042
3145095
3145151
3147142
3147194
3147247
3147301
3147353
3147406
3147571
3147675
3147729
3147792
3147846
3147955
3148009
3148125
3148179
3148231
3148280
3148334
3148384
3148442
3148496
3148549
3148599
3148654
3148708
3148762
3148816
3148867
3148918
3148968
3149019
3149071
3149125
3149177
3149227
3149279
3149347
3149412
3149481
3149531
3149597
3149687
3149738
3149882
3150036
3150134
3150291
3150377
3152418
3152502
3152592
3152648
3152703
3152755
3152805
3152860
3152916
3152968
3153027
3153077
3153131
3153184
3153236
3153286
3153336
3153391
3153447
3153533
3153585
3153634
3153778
3153853
3153978
3154033
3154089
3154154
3154210
3154267
3154325
3154381
3154431
3154481
3154533
3154585
3154637
3154691
3154746
3154797
3154849
3154900
3154953
3155011
3155038
3155064
3155096
3155124
3155151
3155179
3155206
3155260
3156355
3156412
3156447
3156474
3156501
3156528
3156579
3156611
3156640
3156666
3156695
3156722
3156750
3156795
3156821
3156865
3156908
3156946
3157001
3157044
3157075
3157111
3157138
3157166
3157194
3157220
3157251
3157277
3157303
3157331
3157358
3157385
3157411
3157444
3157471
3157499
3157526
3157557
3157584
3157612
3157639
3157667
3157694
3157722
3157749
3157777
3157805
3157832
3157858
3157886
3157916
3157945
3157975
3159243
3159270
3159296
3159323
3159352
3159380
3159406
3159433
3159461
3159491
3159520
3159548
3159576
3159605
3159631
3159658
3159693
3159722
3159749
3159775
3159804
3159834
3159863
3159890
3159916
3159946
3159973
3160000
3160027
3160055
3160083
3160110
3160137
3160165
3160192
3160222
3160249
3160276
3160304
3160330
3160359
3160387
3160415
3160443
3160469
3160497
3160525
3160554
3160580
3160608
3160639
3160667
3160703
3160796
3160825
3161885
3161914
3161945
3161971
3161998
3162026
3162056
3162096
3162124
3162154
3162182
3162208
3162235
3162266
3162292
3162322
3162349
3162386
3162412
3162440
3162469
3162496
3162525
3162551
3162578
3162607
3162634
3162662
3162688
3162714
3162757
3162784
3162811
3162839
3162869
3162899
3162925
3162976
3163005
3163031
3163057
3163084
3163113
3163139
3163168
3163197
3163224
3163255
3163288
3163316
3163345
3163371
3163399
3163436
3163478
3164667
3164697
3164752
3164787
3164816
3164843
3164873
3164899
3164928
3164954
3164981
3165015
3165046
3165076
3165108
3165142
3165169
3165196
3165225
3165252
3165279
3165311
3165340
3165366
3165393
3165419
3165447
3165474
3165500
3165528
3165554
3165582
3165611
3165638
3165666
3165701
3165745
3165782
3165812
3165838
3165868
3165894
3165926
3165955
3165992
3166019
3166057
3166084
3166116
3166144
3166179
3166260
3167364
3167392
3167426
3167452
3167481
3167511
3167538
3167566
3167593
3167622
3167648
3167676
3167705
3167737
3167765
3167793
3167822
3167849
3167878
3167908
3167936
3167964
3167991
3168017
3168043
3168070
3168098
3168126
3168182
3168212
3168239
3168265
3168292
3168319
3168346
3168372
3168399
3168430
3168456
3168484
3168514
3168540
3168566
3168592
3168620
3168647
3168675
3168703
3168730
3168756
3168783
3168812
3168840
3168867
3168904
3168930
3168958
3168986
3169012
3170127
3170159
3170203
3170237
3170266
3170295
3170323
3170356
3170383
3170411
3170438
3170467
3170496
3170525
3170553
3170579
3170609
3170649
3170675
3170702
3170729
3170755
3170781
3170807
3170836
3170869
3170897
3170924
3170952
3170979
3171007
3171036
3171116
3171146
3171173
3171199
3171225
3171254
3171280
3171307
3171334
3171361
3171391
3171421
3171448
3171476
3171510
3171549
3171581
3171615
3171648
3172841
3172898
3172926
3172953
3172982
3173008
3173036
3173063
3173090
3173117
3173145
3173172
3173202
3173229
3173256
3173283
3173310
3173338
3173365
3173392
3173422
3173467
3173493
3173525
3173552
3173578
3173606
3173635
3173661
3173691
3173719
3173745
3173772
3173799
3173830
3173857
3173884
3173910
3173936
3173963
3173989
3174018
3174045
3174078
3174105
3174133
3174167
3174197
3174229
3174257
3174295
3174322
3174350
3174378
3174449
3174487
3175615
3175680
3175731
3175764
3175795
3175842
3175871
3175911
3175944
3175972
3175998
3176028
3176054
3176080
3176106
3176133
3176159
3176186
3176213
3176251
3176279
3176307
3176333
3176362
3176391
3176418
3176445
3176472
3176502
3176533
3176565
3176593
3176622
3176649
3176676
3176704
3176730
3176757
3176787
3176823
3176850
3176877
3176904
3176930
3176970
3176999
3177026
3177052
3177087
3177114
3177142
3178297
3178335
3178418
3178452
3178478
3178506
3178539
3178568
3178595
3178621
3178648
3178676
3178709
3178736
3178766
3178793
3178820
3178850
3178883
3178909
3178937
3178965
3178992
3179019
3179047
3179073
3179101
3179128
3179154
3179183
3179209
3179237
3179266
3179293
3179325
3179352
3179384
3179412
3179440
3179466
3179492
3179521
3179547
3179573
3179600
3179629
3179660
3179686
3179712
3179746
3179773
3179811
3179845
3179927
3179954
3179981
3181068
3181147
3181187
3181221
3181261
3181296
3181343
3181373
3181402
3181430
3181464
3181493
3181525
3181554
3181582
3181608
3181642
3181668
3181696
3181723
3181753
3181791
3181837
3181864
3181900
3181929
3181968
3182002
3182042
3182069
3182098
3182126
3182153
3182183
3182210
3182237
3182270
3182299
3182326
3182354
3182380
3182410
3182436
3182467
3182494
3182545
3182576
3182610
3182655
3182681
3183862
3183891
3183919
3183946
3183976
3184003
3184031
3184062
3184089
3184115
3184145
3184171
3184199
3184226
3184253
3184279
3184306
3184335
3184361
3184388
3184416
3184446
3184477
3184506
3184532
3184558
3184585
3184612
3184639
3184666
3184693
3184720
3184747
3184774
3184802
3184830
3184858
3184885
3184913
3184946
3184972
3184998
3185025
3185053
3185082
3185109
3185136
3185164
3185191
3185222
3185248
3185277
3185331
3185424
3186560
3186595
3186624
3186651
3186680
3186707
3186743
3186823
3186868
3186972
3187021
3187047
3187073
3187102
3187149
3187177
3187203
3187230
3187258
3187285
3187313
3187358
3187386
3187412
3187440
3187470
3187497
3187523
3187550
3187579
3187606
3187633
3187659
3187685
3187713
3187739
3187767
3187806
3187843
3187874
3187901
3187930
3187976
3188004
3188031
3188058
3188087
3189233
3190244
3190279
3190400
3190431
3190467
3190500
3190680
3190715
3190761
3190813
3190868
3192054
3192138
3192295
3192402
3192493
3192549
3192608
3192709
3192745
3192771
3192798
3192826
3192853
3192881
3192908
3192936
3192967
3193070
3193096
3193125
3193152
3193191
3193243
3193344
3193445
3193533
3193636
3194710
3194784
3194828
3194862
3194903
3194940
3194996
3195068
3195113
3195150
3195183
3195220
3195288
3195314
3195344
3195371
3195397
3195426
3195453
3195479
3195506
3195533
3195560
3195593
3195621
3195648
3195676
3195702
3195733
3195768
3195795
3195823
3195849
3195878
3195921
3195955
3195983
3196011
3196040
3196067
3196099
3196127
3196154
3196188
3196215
3196262
3196288
3196319
3197619
3197689
3197751
3197857
3197957
3198032
3198105
3198183
3198285
3198353
3198428
3198482
3198572
3198706
3198856
3198948
3199029
3199125
3199255
3199311
3199364
3199659
3199782
3199856
3199967
3200038
3200171
3200261
3200378
3200441
3200488
3200536
3200577
3200630
3200685
3200773
3200844
3203004
3203043
3203079
3203131
3203179
3203224
3203275
3203399
3203880
3203935
3203986
3204039
3204086
3204135
3204191
3204239
3204287
3204340
3204388
3204452
3208187
3208312
3208364
3208414
3208494
3208546
3208598
3208650
3208774
3209095
3209162
3209272
3209464
3209717
3209812
3210629
3210795
3213326
3213627
3213688
3213756
3213811
3213865
3213922
3213974
3214025
3214077
3214132
3214186
3214245
3214295
3214351
3214412
3214463
3214517
3214569
3214620
3214673
3214725
3214790
3214842
3214896
3214951
3215001
3215052
3215103
3215170
3215224
3215280
3215336
3215393
3215443
3215494
3215546
3215604
3215658
3215708
3215764
3215822
3215872
3215925
3216007
3216054
3216109
3216157
3216200
3216249
3216296
3216349
3216399
3216459
3216518
3216577
3218709
3218861
3218945
3219008
3219071
3219121
3219178
3219230
3219282
3219334
3219429
3219486
3219538
3219590
3219640
3219692
3219744
3219801
3219853
3219907
3219961
3220013
3220070
3220123
3220179
3220231
3220306
3220356
3220442
3220496
3220546
3220597
3220649
3220701
3220757
3220806
3220860
3220911
3220961
3221013
3221070
3221121
3221174
3221230
3221281
3221341
3221393
3221444
3221495
3221570
3221628
3221683
3221745
3221804
3223872
3224002
3224058
3224110
3224184
3224403
3224507
3224670
3224738
3224792
3224845
3224896
3224952
3225005
3225060
3225159
3225213
3225276
3225328
3225392
3225451
3225504
3225556
3225609
3225671
3225730
3225790
3225846
3225905
3225965
3226021
3226071
3226127
3226177
3226229
3226279
3226329
3226387
3226443
3226495
3226551
3226605
3226672
3226726
3226774
3226857
3226978
3227025
3227078
3228958
3229090
3229146
3229217
3229267
3229347
3229397
3229448
3229499
3229546
3229596
3229646
3229697
3229742
3229791
3229846
3229903
3229957
3230090
3230147
3230202
3230262
3230412
3230476
3230547
3230598
3230650
3230703
3230754
3230806
3230863
3230963
3231016
3231068
3231134
3231191
3231241
3231307
3231359
3231415
3231468
3231525
3231595
3231647
3231701
3231764
3231814
3231865
3231914
3231966
3232047
3232111
3232163
3234285
3234336
3234386
3234447
3234495
3234547
3234591
3234640
3234681
3234727
3234779
3234827
3234880
3234936
3234988
3235037
3235091
3235145
3235197
3235250
3235306
3235362
3235418
3235473
3235527
3235579
3235634
3235682
3235726
3235765
3235801
3235834
3235874
3235925
3235980
3236032
3236085
3236116
3236153
3236200
3236251
3236305
3236359
3236443
3236497
3236551
3236607
3236657
3236723
3236773
3236824
3236874
3236924
3236976
3237033
3237093
3237154
3237212
3237334
3239270
3239398
3239459
3239511
3239589
3239664
3239719
3239769
3239834
3239890
3239949
3240003
3240055
3240105
3240156
3240210
3240259
3240313
3240365
3240420
3240472
3240524
3240574
3240629
3240682
3240734
3240791
3240863
3240916
3240970
3241022
3241076
3241131
3241184
3241235
3241293
3241347
3241478
3241532
3241618
3241672
3241730
3241786
3241837
3241888
3241944
3242002
3242055
3242108
3242161
3242216
3242269
3242416
3244433
3244474
3244506
3244533
3244561
3244589
3244617
3244661
3244688
3244719
3244746
3244774
3244801
3244831
3244857
3244886
3244914
3244950
3244981
3245021
3245047
3245075
3245102
3245155
3245210
3245317
3245345
3245374
3245414
3245452
3245486
3245515
3245543
3245581
3245610
3245638
3245667
3245694
3245720
3245749
3245779
3245805
3245833
3245860
3245889
3245916
3245944
3245971
3245998
3246027
3246079
3247206
3247299
3247336
3247389
3247426
3247465
3247509
3247548
3247575
3247602
3247630
3247656
3247684
3247710
3247737
3247766
3247792
3247819
3247845
3247872
3247898
3247946
3247972
3247999
3248030
3248057
3248083
3248110
3248139
3248165
3248192
3248218
3248247
3248274
3248302
3248333
3248362
3248405
3248435
3248466
3248494
3248521
3248550
3248578
3248622
3248662
3248691
3248717
3248745
3248995
3249928
3249956
3249984
3250025
3250052
3250078
3250105
3250133
3250160
3250186
3250214
3250241
3250269
3250296
3250322
3250348
3250383
3250411
3250457
3250486
3250515
3250550
3250577
3250603
3250631
3250660
3250686
3250715
3250749
3250777
3250806
3250833
3250861
3250890
3250919
3250946
3250983
3251012
3251039
3251068
3251096
3251124
3251153
3251183
3251211
3251238
3251266
3251294
3251320
3251346
3251376
3251404
3251458
3251487
3251514
3251561
3252681
3252794
3252858
3252934
3253008
3253114
3253160
3253314
3253379
3253415
3253448
3253527
3253555
3253583
3253611
3253655
3253684
3253711
3253737
3253764
3253792
3253818
3253845
3253873
3253901
3253928
3253955
3253983
3254010
3254037
3254064
3254100
3254128
3254154
3254189
3254217
3254268
3255382
3255418
3255455
3255484
3255518
3255549
3255584
3255610
3255637
3255664
3255693
3255720
3255752
3255804
3255835
3255868
3255895
3255927
3255953
3255979
3256012
3256038
3256066
3256092
3256121
3256147
3256200
3256226
3256261
3256293
3256321
3256350
3256377
3256403
3256431
3256459
3256487
3256513
3256540
3256568
3256595
3256621
3256649
3256677
3256703
3256730
3256759
3256786
3256814
3256843
3256876
3256919
3256945
3257006
3258063
3258108
3258143
3258193
3258255
3258281
3258310
3258336
3258364
3258393
3258420
3258448
3258492
3258519
3258546
3258572
3258600
3258627
3258654
3258692
3258788
3258815
3259089
3259133
3259161
3259190
3259218
3259246
3259306
3259336
3259363
3259392
3259421
3259447
3259476
3259502
3259532
3259576
3259602
3259632
3259662
3259719
3259796
3260876
3260914
3260998
3261032
3261060
3261086
3261528
3261555
3261583
3261610
3261640
3261668
3261697
3261725
3261752
3261779
3261807
3261834
3261862
3261890
3261917
3261947
3261979
3262005
3262033
3262060
3262086
3262114
3262141
3262168
3262196
3262223
3262251
3262283
3262314
3262360
3262389
3262478
3262505
3263683
3263717
3263765
3263798
3263829
3263855
3263883
3263909
3263936
3263964
3263995
3264022
3264051
3264082
3264113
3264141
3264172
3264202
3264229
3264260
3264286
3264312
3264339
3264365
3264391
3264420
3264446
3264472
3264525
3264576
3264626
3264681
3264744
3264797
3264849
3264904
3264955
3265007
3265063
3265114
3265172
3265225
3265293
3265349
3265402
3265461
3265509
3265555
3265613
3265668
3265730
3265800
3265926
3267953
3268038
3268094
3268148
3268198
3268248
3268298
3268352
3268402
3268452
3268529
3268581
3268714
3268835
3268977
3269029
3269207
3269305
3269359
3269423
3269475
3269528
3269576
3269628
3269679
3269733
3269790
3269845
3269896
3269947
3270003
3270057
3270114
3270199
3270262
3270340
3270411
3270477
3270541
3270689
3270805
3270995
3271058
3271216
3273348
3273517
3273567
3273625
3273678
3273734
3273791
3273849
3273899
3273959
3274023
3274073
3274137
3274190
3274244
3274304
3274381
3274433
3274483
3274537
3274590
3274645
3274698
3274752
3274805
3274866
3274919
3274974
3275038
3275093
3275147
3275203
3275256
3275311
3275369
3275424
3275483
3275538
3275593
3275651
3275702
3275754
3275807
3275867
3275919
3275972
3276053
3276119
3276181
3276499
3278698
3278751
3322466
3323022
3323397
3323644
3323942
3324050
3330406
3330636
3331299
3331583
3331779
3332353
3332466
3334601
3334707
3334775
3334890
3335659
3335925
3336144
3336334
3340350
3341590
3341694
3341770
3341862
3341919
3341976
3342054
3342095
3342138
3342187
3342242
3342284
3342318
3342359
3342398
3342436
3342472
3342515
3342551
3342579
3342612
3342647
3342682
3342715
3342744
3342784
3342821
3342859
3342894
3342928
3342986
3343037
3343078
3343115
3343145
3343175
3343203
3343231
3343261
3343288
3343317
3343347
3343381
3343411
3343444
3343485
3343523
3343555
3343590
3343621
3343648
3343683
3343716
3343753
3343779
3343806
3343834
3343860
3343889
3343919
3343947
3343975
3344007
3344033
3344062
3344091
3344119
3344148
3344175
3344202
3344231
3344258
3344284
3344328
3344372
3344405
3344435
3344464
3344490
3344516
3344546
3344574
3344602
3344631
3344663
3344699
3344735
3344765
3344795
3344826
3344853
3344882
3344912
3344944
3344975
3345024
3345062
3345090
3345122
3345151
3345180
3345212
3345242
3345271
3345306
3345336
3345366
3345401
3345437
3345470
3345507
3345537
3345567
3345598
3345628
3345656
3345690
3345727
3345761
3345787
3345816
3345845
3345872
3345899
3345927
3345960
3345987
3346014
3346044
3346070
3346096
3346123
3346150
3346177
3346206
3346233
3346263
3346290
3346318
3346346
3346379
3346413
3346456
3346498
3346536
3346564
3346591
3346619
3346653
3346686
3346712
3346743
3346776
3346813
3346850
3346887
3346921
3346948
3346983
3347011
3347040
3347077
3347115
3347148
3347174
3347201
3347229
3347269
3347303
3347340
3347376
3347407
3347443
3347475
3347505
3347533
3347566
3347600
3347631
3347665
3347698
3347733
3347769
3347801
3347828
3347874
3347907
3347942
3347983
3348079
3348121
3348174
3348214
3348255
3348538
3348644
3348938
3350849
3351785
3351825
3351870
3351906
3351934
3351964
3352003
3352037
3352063
3352091
3352119
3352150
3352192
3352257
3352298
3352342
3352389
3352443
3352496
3352544
3352583
3352611
3352638
3352667
3352693
3352721
3352748
3352774
3352803
3352831
3352858
3352885
3352912
3352940
3352967
3352995
3353022
3353050
3353077
3353104
3353132
3353159
3353187
3353217
3353247
3353278
3353305
3353332
3353361
3353392
3353420
3353449
3353476
3353502
3353531
3353562
3353591
3353617
3353645
3353673
3353702
3353730
3353756
3353782
3353810
3353838
3353864
3353893
3353920
3353951
3353979
3354005
3354033
3354059
3354085
3354114
3354146
3354179
3354214
3354243
3354272
3354304
3354337
3354369
3354403
3354436
3354466
3354495
3354523
3354580
3354616
3354643
3354672
3354698
3354725
3354753
3354780
3354807
3354837
3354864
3354891
3354920
3354949
3354988
3355030
3355084
3355142
3355255
3355314
3356025
3356476
3356579
3356678
3356802
3356906
3357014
3357145
3357262
3357548
3357666
3357771
3357895
3358007
3358116
3358325
3358437
3358523
3358577
3358623
3358672
3358722
3358772
3358820
3358856
3358906
3358954
3359005
3359045
3359079
3359105
3359136
3359164
3359191
3359217
3359246
3359278
3359306
3359333
3359374
3359405
3359433
3359461
3359488
3359527
3359567
3359593
3359627
3359660
3359688
3359718
3359748
3359783
3359816
3359855
3359894
3359935
3359977
3360023
3360071
3360116
3360157
3360197
3360241
3360281
3360331
3360376
3360416
3360456
3360495
3360538
3360576
3360615
3360656
3360700
3360739
3360781
3360821
3360860
3360899
3360938
3360980
3361027
3361074
3361122
3361167
3361211
3361250
3361293
3361340
3361380
3361424
3361492
3361536
3361576
3361641
3361700
3361771
3361847
3361936
3362025
3362109
3362183
3362223
3362269
3362312
3362395
3362473
3362551
3362637
3362723
3362803
3362882
3362932
3362985
3363028
3363114
3363145
3363181
3363212
3363251
3363298
3363335
3363383
3363416
3363456
3363513
3363555
3363597
3363639
3363688
3363727
3363766
3363808
3363849
3363893
3363940
3363989
3364039
3364084
3364125
3364167
3364204
3364242
3364288
3364331
3364369
3364408
3364446
3364479
3364515
3364557
3364598
3364632
3364666
3364700
3364733
3364767
3364808
3364845
3364881
3364916
3364949
3364984
3365018
3365053
3365088
3365120
3365154
3365188
3365220
3365258
3365298
3365342
3365387
3365432
3365477
3365519
3365558
3365592
3365627
3365659
3365696
3365737
3365781
3365825
3365861
3365898
3365935
3365968
3366003
3366036
3366075
3366108
3366143
3366181
3366235
3366276
3366317
3366360
3366394
3366429
3366463
3366499
3366536
3366570
3366607
3366642
3366675
3366709
3366748
3366784
3366817
3366849
3366883
3366917
3366955
3366987
3367020
3367053
3367095
3367128
3367165
3367199
3367235
3367273
3367312
3367354
3367402
3367436
3367472
3367507
3367541
3367585
3367647
3367680
3367740
3367786
3367828
3367885
3367948
3367994
3368039
3368096
3368155
3368245
3368299
3368342
3368383
3368424
3368463
3368523
3368573
3368638
3368688
3368743
3368810
3368886
3373632
3373683
3373721
3373759
3373801
3373837
3373873
3373909
3373946
3373987
3374028
3374079
3374123
3374174
3374239
3374294
3374338
3374385
3374422
3374466
3374504
3374542
3374579
3374615
3374650
3374689
3374725
3374761
3374801
3374843
3374877
3374915
3374944
3374978
3375010
3375048
3375079
3375115
3375150
3375178
3375207
3375241
3375272
3375309
3375343
3375378
3375410
3375445
3375474
3375502
3375535
3375568
3375601
3375640
3375675
3375709
3375752
3375792
3375844
3375892
3375943
3375988
3376033
3376088
3376133
3376174
3376220
3376263
3376304
3376342
3376377
3376415
3376451
3376486
3376526
3376565
3376601
3376638
3376674
3376716
3376759
3376798
3376837
3376887
3376928
3376980
3377030
3377094
3377138
3377180
3377239
3377284
3377328
3377367
3377411
3377460
3377500
3377536
3377575
3377610
3377645
3377680
3377717
3377753
3377788
3377825
3377863
3377899
3377937
3377973
3378008
3378049
3378088
3378124
3378169
3378204
3378240
3378275
3378310
3378349
3378392
3378427
3378463
3378500
3378536
3378574
3378610
3378646
3378687
3378722
3378762
3378803
3378837
3378875
3378920
3378963
3379032
3379068
3379106
3379140
3379187
3379224
3379261
3379297
3379336
3379370
3379408
3379453
3379497
3379536
3379590
3379643
3379687
3379741
3379794
3379864
3379923
3379996
3380107
3380275
3380395
3380515
3380628
3380738
3380861
3380987
3381062
3381115
3381170
3381231
3381288
3381359
3381439
3381510
3381617
3381697
3381780
3381892
3381962
3382019
3382113
3382240
3382357
3382463
3382578
3382685
3382796
3382912
3382967
3383092
3383224
3383336
3383428
3383502
3383583
3383676
3383768
3383834
3383891
3383949
3384010
3384074
3384132
3384184
3384234
3384301
3384355
3384412
3384475
3384534
3384594
3384653
3384712
3384805
3384851
3384894
3384946
3384994
3385038
3385078
3385126
3385170
3385210
3385261
3385305
3385354
3385400
3385453
3385510
3385563
3385603
3385640
3385676
3385712
3385749
3385784
3385831
3385876
3385909
3385938
3385972
3386009
3386039
3386084
3386123
3386163
3386204
3386237
3386266
3386295
3386326
3386359
3386397
3386439
3386478
3386512
3386545
3386581
3386618
3386648
3386674
3386701
3386730
3386759
3386791
3386825
3386867
3386915
3386955
3387005
3387050
3387086
3387122
3387166
3387212
3387248
3387291
3387335
3387380
3387430
3387474
3387511
3387547
3387588
3387632
3387667
3387703
3387741
3387776
3387810
3387848
3387887
3387921
3387958
3387992
3388031
3388066
3388108
3388149
3388184
3388222
3388260
3388303
3388359
3388398
3388436
3388471
3388506
3388541
3388577
3388613
3388656
3388710
3388764
3388806
3388844
3388882
3388922
3388962
3389002
3389040
3389076
3389111
3389154
3389193
3389231
3389270
3389308
3389349
3389384
3389419
3389457
3389497
3389539
3389589
3389632
3389670
3389705
3389740
3389775
3389814
3389849
3389886
3389923
3389964
3390014
3390058
3390117
3390180
3390245
3390297
3390369
3390449
3390562
3390661
3390760
3390861
3390958
3391029
3391132
3391304
3391409
3395219
3395272
3395312
3395354
3395388
3395424
3395465
3395501
3395544
3395581
3395616
3395654
3395694
3395748
3395785
3395820
3395858
3395892
3395932
3395968
3396006
3396044
3396085
3396124
3396161
3396202
3396256
3396291
3396332
3396368
3396408
3396447
3396484
3396515
3396543
3396569
3396598
3396624
3396652
3396680
3396708
3396734
3396760
3396787
3396818
3396845
3396874
3396901
3396927
3396956
3396985
3397018
3397055
3397092
3397141
3397199
3397237
3397271
3397307
3397342
3397376
3397413
3397462
3397509
3397563
3397605
3397652
3397695
3397743
3397792
3397841
3397893
3397960
3398024
3398088
3398142
3398189
3398233
3398280
3398329
3398375
3398426
3398472
3398520
3398585
3398653
3398723
3398836
3398952
3399046
3399099
3399170
3399222
3399291
3399349
3399400
3399454
3399522
3399599
3399675
3399749
3399814
3399908
3399976
3400043
3400115
3400189
3400244
3400294
3400340
3400388
3400446
3400505
3400563
3400639
3400711
3400778
3400845
3400911
3400970
3401015
3401060
3401110
3401160
3401213
3401264
3401310
3401375
3401453
3401544
3401622
3401698
3401822
3401966
3402099
2979143
2979169
2979197
2979223
2979252
2979283
2979310
2979652
2979687
2979722
2979749
2979775
2979801
2979846
2979875
3034957
3034987
3035013
3035041
3035068
3035121
3035150
3035177
3035207
3035236
3035268
3035352
3035691
3035719
3035749
3035776
3035804
3035832
3035861
3035888
3035916
3035943
3035969
3035996
3036058
3036087
3036113
3036145
3036173
3036199
3036228
3036270
3036301
3036331
3036357
3036386
3036437
3036466
3036501
3037686
3037869
3037902
3037939
3038039
3038134
3038162
3038192
3038224
3038252
3038279
3038309
3038344
3038372
3038400
3038430
3038461
3038489
3038516
3038546
3038574
3038600
3038627
3038653
3038681
3038709
3038738
3038769
3038797
3038823
3038851
3038877
3038904
3038930
3038956
3038983
3039012
3039042
3039069
3039096
3039124
3039151
3039177
3039206
3039256
3040375
3040402
3040428
3040462
3040490
3040519
3040549
3040576
3040605
3040632
3040660
3040690
3040717
3040744
3040774
3040816
3040845
3040872
3040898
3040927
3040954
3040982
3041008
3041036
3041063
3041090
3041116
3041143
3041169
3041196
3041225
3041252
3041281
3041318
3041345
3041377
3041409
3041447
3041473
3041504
3041547
3041573
3041602
3041637
3041667
3041697
3041724
3041753
3041779
3041814
3041840
3041971
3041997
3043109
3043184
3043213
3043242
3043297
3043330
3043357
3043384
3043412
3043441
3043468
3043494
3043524
3043553
3043581
3043610
3043637
3043664
3043691
3043717
3043746
3043773
3043799
3043825
3043852
3043886
3043912
3043939
3043967
3043997
3044025
3044058
3044085
3044111
3044138
