0.000000 0.666667 0.694013 0.694013
0.025000 0.630363 0.694013 0.694013
0.050000 0.603503 0.662076 0.662076
0.075000 0.585994 0.649342 0.649342
0.100000 0.537916 0.623131 0.623131
0.125000 0.509677 0.590480 0.590480
0.150000 0.485288 0.562219 0.562219
0.175000 0.450934 0.526481 0.526481
0.200000 0.422563 0.493097 0.493097
0.225000 0.388851 0.469214 0.469214
0.250000 0.365882 0.432586 0.432586
0.275000 0.333067 0.399884 0.399884
0.300000 0.302057 0.356667 0.356667
0.325000 0.267906 0.311623 0.311623
0.350000 0.228328 0.257762 0.257762
0.375000 0.188648 0.180436 0.180436
0.400000 0.130562 0.079395 0.079395
0.425000 0.056816 0.032405 0.032405
0.450000 0.021194 0.000000 0.000000
0.475000 0.000000 0.000000 0.000000
0.500000 0.000000 0.000000 0.000000
0.525000 0.000000 0.000000 0.000000
0.550000 0.000000 0.000000 0.000000
0.575000 0.000000 0.000000 0.000000
0.600000 0.000000 0.000000 0.000000
0.625000 0.000000 0.000000 0.000000
0.650000 0.000000 0.000000 0.000000
0.675000 0.000000 0.000000 0.000000
0.700000 0.000000 0.000000 0.000000
0.725000 0.000000 0.000000 0.000000
0.750000 0.000000 0.000000 0.000000
0.775000 0.000000 0.000000 0.000000
0.800000 0.000000 0.000000 0.000000
0.825000 0.000000 0.000000 0.000000
0.850000 0.000000 0.000000 0.000000
0.875000 0.000000 0.000000 0.000000
0.900000 0.000000 0.000000 0.000000
0.925000 0.000000 0.000000 0.000000
0.950000 0.000000 0.000000 0.000000
0.975000 0.000000 0.000000 0.000000
1.000000 0.000000 0.000000 0.000000
