0.000000 1.000000 1.000000 1.000000
0.025000 0.710280 0.740964 0.740964
0.050000 0.638655 0.684211 0.684211
0.075000 0.600000 0.663063 0.663063
0.100000 0.583493 0.639323 0.639323
0.125000 0.561300 0.614000 0.614000
0.150000 0.523536 0.578947 0.578947
0.175000 0.480613 0.556274 0.556274
0.200000 0.447137 0.525134 0.525134
0.225000 0.421279 0.495516 0.495516
0.250000 0.389258 0.465328 0.465328
0.275000 0.371011 0.415948 0.415948
0.300000 0.321027 0.375255 0.375255
0.325000 0.290285 0.337207 0.337207
0.350000 0.257682 0.279058 0.279058
0.375000 0.217358 0.194201 0.194201
0.400000 0.151105 0.085479 0.085479
0.425000 0.071087 0.033234 0.033234
0.450000 0.024466 0.000000 0.000000
0.475000 0.022404 0.000000 0.000000
0.500000 0.000000 0.000000 0.000000
0.525000 0.000000 0.000000 0.000000
0.550000 0.000000 0.000000 0.000000
0.575000 0.000000 0.000000 0.000000
0.600000 0.000000 0.000000 0.000000
0.625000 0.000000 0.000000 0.000000
0.650000 0.000000 0.000000 0.000000
0.675000 0.000000 0.000000 0.000000
0.700000 0.000000 0.000000 0.000000
0.725000 0.000000 0.000000 0.000000
0.750000 0.000000 0.000000 0.000000
0.775000 0.000000 0.000000 0.000000
0.800000 0.000000 0.000000 0.000000
0.825000 0.000000 0.000000 0.000000
0.850000 0.000000 0.000000 0.000000
0.875000 0.000000 0.000000 0.000000
0.900000 0.000000 0.000000 0.000000
0.925000 0.000000 0.000000 0.000000
0.950000 0.000000 0.000000 0.000000
0.975000 0.000000 0.000000 0.000000
1.000000 0.000000 0.000000 0.000000
