3035153
3035182
3035210
3035239
3035271
3035355
3035694
3035722
3035752
3035779
3035807
3035835
3035864
3035891
3035919
3035946
3035972
3036000
3036062
3036090
3036116
3036148
3036176
3036203
3036231
3036273
3036305
3036334
3036361
3036389
3036440
3036469
3036504
3037692
3037874
3037905
3037942
3038047
3038137
3038165
3038195
3038227
3038256
3038282
3038316
3038347
3038375
3038403
3038433
3038464
3038492
3038520
3038549
3038577
3038604
3038630
3038656
3038685
3038712
3038741
3038773
3038800
3038826
3038854
3038880
3038907
3038933
3038960
3038986
3039015
3039045
3039072
3039099
3039127
3039154
3039180
3039209
3040322
3040379
3040405
3040431
3040465
3040494
3040522
3040553
3040579
3040608
3040635
3040663
3040693
3040720
3040748
3040787
3040819
3040848
3040875
3040903
3040931
3040957
3040985
3041011
3041039
3041066
3041093
3041119
3041146
3041172
3041200
3041228
3041255
3041284
3041321
3041348
3041380
3041421
3041450
3041478
3041507
3041550
3041576
3041605
3041640
3041670
3041701
3041727
3041756
3041782
3041817
3041933
3041974
3043080
3043112
3043187
3043216
3043273
3043300
3043333
3043361
3043387
3043415
3043444
3043471
3043497
3043527
3043556
3043584
3043613
3043640
3043667
3043694
3043720
3043750
3043776
3043802
3043828
3043855
3043889
3043915
3043942
3043970
3044000
3044030
3044061
3044088
3044114
3044142
3044169
3044196
3044225
3044251
3044393
3044420
3044449
3044482
3044510
3044603
3044635
3044675
3045698
3045726
3045753
3045780
3045806
3045834
3045866
3045893
3045920
3045946
3045977
3046005
3046034
3046061
3046089
3046117
3046145
3046172
3046199
3046226
3046253
3046281
3046307
3046336
3046362
3046388
3046414
3046440
3046466
3046510
3046539
3046569
3046596
3046622
3046650
3046678
3046704
3046731
3046757
3046785
3046811
3046840
3046866
3046897
3046925
3046954
3046983
3047010
3047037
3047066
3047093
3047122
3047149
3047177
3047205
3047231
3047257
3047298
3047331
3047389
3048421
3048465
3048494
3048521
3048551
3048589
3048618
3048654
3048682
3048715
3048744
3048774
3048832
3048858
3048887
3048916
3048944
3048971
3049004
3049032
3049059
3049087
3049113
3049142
3049168
3049194
3049221
3049247
3049274
3049302
3049330
3049356
3049399
3049427
3049459
3049488
3049517
3049544
3049571
3049600
3049641
3049668
3049698
3049725
3049752
3049778
3049845
3049874
3049947
3049976
3050002
3051157
3051230
3051261
3051292
3051324
3051351
3051379
3051409
3051451
3051481
3051511
3051543
3051570
3051598
3051627
3051653
3051702
3051730
3051756
3051784
3051811
3051837
3051866
3051910
3051941
3051967
3051994
3052022
3052053
3052081
3052123
3052150
3052178
3052211
3052237
3052266
3052292
3052321
3052349
3052377
3052405
3052433
3052459
3052488
3052516
3052551
3052582
3052608
3052637
3052663
3052692
3052719
3052746
3052775
3052802
3052831
3052859
3052886
3052912
3052944
3052972
3052999
3053025
3053051
3053078
3053105
3053132
3053159
3053189
3053228
3053254
3053281
3053308
3053345
3053375
3054443
3054471
3054502
3054540
3054567
3054595
3054625
3054655
3054684
3054712
3054740
3054769
3054798
3054838
3054874
3054909
3055017
3055043
3055069
3055109
3055252
3055332
3055364
3055522
3055627
3055749
3055803
3055855
3055920
3055957
3055992
3056030
3056106
3056601
3056627
3056653
3056681
3056708
3056735
3056763
3056799
3056827
3056857
3056883
3056911
3056941
3056967
3056994
3057021
3057050
3057077
3057105
3057133
3057160
3057195
3057223
3057257
3057287
3057313
3057340
3057369
3057395
3057421
3057449
3057476
3057507
3057533
3057562
3057591
3057626
3057659
3057723
3058706
3058735
3058783
3058809
3058849
3058877
3058925
3059008
3059158
3059272
3059327
3059433
3059467
3059494
3059521
3059555
3059581
3059609
3059639
3059668
3059694
3059721
3059749
3059775
3059803
3059834
3059860
3059887
3059974
3060000
3060034
3060063
3060097
3060126
3060154
3060180
3060206
3060233
3060259
3060288
3060315
3060342
3060369
3060396
3061412
3061462
3061490
3061540
3061612
3061640
3061666
3061693
3061720
3061746
3061772
3061799
3061843
3061869
3061898
3061925
3061953
3061980
3062007
3062033
3062060
3062088
3062115
3062144
3062171
3062199
3062226
3062253
3062279
3062306
3062334
3062361
3062389
3062416
3062443
3062470
3062500
3062535
3062562
3062590
3062619
3062648
3062675
3062705
3062736
3062778
3062812
3062844
3062883
3062915
3062947
3062974
3063002
3063028
3063071
3063107
3063140
3064088
3064196
3064233
3064262
3064291
3064321
3064350
3064379
3064406
3064461
3064490
3064519
3064547
3064574
3064601
3064631
3064658
3064684
3064711
3064739
3064769
3064796
3064823
3064853
3064879
3064905
3064934
3064961
3064987
3065013
3065039
3065066
3065092
3065313
3065359
3065388
3065414
3065440
3065466
3065492
3065518
3065550
3065577
3065608
3065674
3065791
3066813
3066871
3066907
3066936
3066962
3066991
3067017
3067044
3067071
3067103
3067133
3067159
3067197
3067226
3067257
3067287
3067317
3067346
3067378
3067404
3067431
3067459
3067489
3067516
3067550
3067577
3067607
3067633
3067660
3067689
3067717
3067756
3067814
3067843
3067872
3067898
3067924
3067956
3067983
3068011
3068038
3068065
3068106
3068151
3068179
3068213
3068239
3068265
3068300
3068326
3068365
3068391
3068419
3068445
3068472
3069335
3069532
3069592
3069648
3069687
3069767
3069843
3069869
3069896
3069922
3069949
3070052
3070170
3070242
3070325
3070365
3070404
3070435
3070480
3070521
3070563
3070597
3070645
3070794
3070863
3070930
3071065
3071121
3071209
3072292
3072427
3072467
3072495
3072526
3072590
3072635
3072661
3072696
3072723
3072754
3072781
3072808
3072835
3072863
3072893
3072919
3072947
3072973
3073011
3073040
3073068
3073098
3073129
3073156
3073183
3073261
3073295
3073327
3073360
3073388
3073417
3073445
3073473
3073502
3073529
3073556
3073586
3073615
3073642
3073671
3073748
3073785
3073812
3073839
3073866
3073893
3073921
3073955
3074942
3074974
3075002
3075042
3075069
3075096
3075122
3075148
3075176
3075205
3075238
3075264
3075293
3075351
3075380
3075409
3075438
3075470
3075506
3075532
3075560
3075607
3075634
3075684
3075710
3075737
3075767
3075794
3075821
3075857
3075884
3075910
3075937
3075965
3075993
3076021
3076048
3076075
3076110
3076138
3076168
3076194
3076221
3076276
3076304
3076335
3076366
3076395
3076447
3076476
3076503
3077653
3077690
3077720
3077761
3077789
3077816
3077843
3077869
3077900
3077926
3077954
3077981
3078028
3078060
3078114
3078145
3078177
3078212
3078239
3078268
3078294
3078321
3078350
3078378
3078405
3078432
3078459
3078485
3078513
3078541
3078569
3078598
3078626
3078654
3078690
3078716
3078744
3078770
3078797
3078825
3078853
3078882
3078916
3078944
3078971
3078999
3079028
3079056
3079082
3079110
3079136
3079163
3079200
3079227
3079261
3079288
3079314
3079375
3080397
3080426
3080475
3080535
3080562
3080590
3080616
3080649
3080700
3080756
3080798
3080827
3080855
3080888
3080918
3080947
3080977
3081004
3081030
3081072
3081098
3081130
3081165
3081194
3081223
3081250
3081286
3081319
3081358
3081392
3081441
3081502
3081535
3081562
3081588
3081615
3081643
3081682
3081711
3081741
3081769
3081796
3081823
3081849
3081877
3081905
3081933
3081962
3082004
3082032
3082090
3082264
3082479
3083166
3083193
3083220
3083247
3083275
3083312
3083338
3083366
3083396
3083422
3083454
3083493
3083520
3083548
3083575
3083605
3083631
3083660
3083688
3083716
3083743
3083769
3083796
3083822
3083865
3083893
3083920
3083948
3083995
3084023
3084070
3084096
3084124
3084152
3084179
3084214
3084243
3084269
3084297
3084326
3084363
3084396
3084422
3084450
3084478
3084517
3084544
3084583
3084609
3084639
3084699
3084755
3085754
3085814
3085863
3085908
3085953
3085986
3086016
3086043
3086072
3086098
3086126
3086153
3086179
3086207
3086233
3086262
3086289
3086319
3086345
3086371
3086397
3086424
3086451
3086483
3086510
3086536
3086567
3086594
3086622
3086649
3086678
3086708
3086740
3086789
3086815
3086841
3086869
3086897
3086928
3086957
3086984
3087012
3087040
3087076
3087112
3087171
3087246
3087284
3087325
3087411
3088496
3088534
3088573
3088600
3088634
3088662
3088690
3088717
3088743
3088771
3088799
3088827
3088854
3088882
3088909
3088939
3088970
3088997
3089026
3089053
3089082
3089109
3089136
3089164
3089191
3089222
3089249
3089277
3089303
3089329
3089373
3089440
3089466
3089501
3089530
3089560
3089588
3089633
3089663
3089691
3089717
3089744
3089773
3089801
3089828
3089856
3089894
3089938
3089969
3090005
3090033
3090075
3090142
3090169
3091242
3091268
3091301
3091332
3091378
3091411
3091439
3091486
3091514
3091561
3091590
3091620
3091646
3091681
3091709
3091738
3091767
3091795
3091824
3091851
3091878
3091904
3091931
3091963
3092006
3092034
3092061
3092090
3092132
3092159
3092189
3092218
3092245
3092271
3092297
3092323
3092350
3092377
3092405
3092431
3092459
3092487
3092514
3092540
3092568
3092596
3092624
3092652
3092678
3092707
3092736
3092764
3092793
3092821
3092852
3092886
3093296
3093921
3093949
3094090
3094179
3094229
3094255
3094283
3094310
3094336
3094364
3094390
3094417
3094445
3094472
3094500
3094532
3094559
3094588
3094644
3094671
3094698
3094726
3094752
3094783
3094821
3094848
3094874
3094906
3094934
3094960
3095062
3095093
3095119
3095160
3095193
3095229
3095258
3095286
3095312
3095339
3095367
3095395
3095425
3095453
3095484
3095531
3096679
3096705
3096733
3096762
3096793
3096822
3096848
3096884
3096914
3096941
3096974
3097002
3097034
3097060
3097087
3097115
3097141
3097169
3097196
3097223
3097251
3097278
3097308
3097334
3097360
3097387
3097414
3097441
3097468
3097494
3097521
3097548
3097575
3097605
3097632
3097669
3097698
3097726
3097760
3097812
3097844
3097873
3097900
3097928
3097954
3097986
3098014
3098042
3098069
3098095
3098136
3098179
3098209
3098244
3098271
3098301
3098422
3099348
3099382
3099411
3099440
3099469
3099496
3099524
3099553
3099580
3099611
3099643
3099673
3099701
3099738
3099767
3099808
3099854
3099890
3099928
3099956
3099992
3100025
3100052
3100120
3100157
3100187
3100215
3100246
3100275
3100307
3100336
3100365
3100391
3100423
3100450
3100479
3100505
3100532
3100561
3100589
3100616
3100647
3100675
3100704
3100731
3100758
3100785
3100812
3100841
3100869
3100896
3101032
3101059
3102082
3102109
3102135
3102164
3102190
3102219
3102247
3102274
3102301
3102328
3102355
3102384
3102411
3102443
3102476
3102503
3102531
3102561
3102588
3102619
3102647
3102674
3102702
3102729
3102756
3102799
3102834
3102862
3102891
3102921
3102954
3102984
3103011
3103038
3103154
3103196
3103233
3103259
3103291
3103318
3103349
3103375
3103402
3103428
3103456
3103483
3103510
3103539
3103576
3103616
3103676
3103702
3104754
3104793
3104864
3104898
3104926
3104954
3104983
3105009
3105036
3105067
3105096
3105125
3105152
3105181
3105209
3105235
3105263
3105290
3105317
3105346
3105377
3105403
3105430
3105458
3105489
3105516
3105545
3105573
3105600
3105628
3105660
3105686
3105716
3105745
3105774
3105828
3105856
3105883
3105909
3105936
3105967
3105994
3106023
3106049
3106089
3106131
3106157
3106209
3106238
3106265
3106299
3106326
3106359
3107188
3107216
3107244
3107272
3107301
3107331
3107361
3107389
3107416
3107442
3107470
3107498
3107528
3107557
3107583
3107622
3107657
3107688
3107715
3107743
3107775
3107801
3107839
3107865
3107894
3107984
3108019
3108488
3108515
3108546
3108572
3108600
3108626
3108654
3108680
3108710
3108919
3108951
3108982
3109008
3109036
3109065
3109092
3109118
3109269
3109300
3109466
3110511
3110537
3110565
3110606
3110665
3110769
3110834
3110860
3110887
3110915
3110943
3110970
3111001
3111030
3111062
3111101
3111130
3111156
3111184
3111211
3111237
3111270
3111300
3111341
3111371
3111397
3111425
3111452
3111478
3111505
3111534
3111562
3111589
3111615
3111646
3111676
3111705
3111736
3111766
3111803
3111830
3111860
3111889
3111919
3111945
3111974
3112001
3112029
3112058
3112158
3113308
3113334
3113363
3113389
3113415
3113442
3113470
3113497
3113524
3113550
3113577
3113604
3113632
3113660
3113687
3113721
3113747
3113773
3113800
3113835
3113885
3113912
3113938
3113968
3114008
3114036
3114062
3114154
3114186
3114244
3114285
3114315
3114355
3114406
3114455
3114486
3114549
3114683
3115784
3115819
3115853
3115889
3115946
3116111
3116968
3117040
3117067
3117097
3117196
3117227
3117253
3117280
3117312
3117339
3117371
3117399
3117426
3117452
3117479
3117544
3117571
3117645
3117671
3117698
3117725
3117761
3117809
3117848
3117876
3117908
3117938
3117968
3117996
3118025
3118052
3118079
3118108
3118135
3118169
3118204
3118233
3118276
3118306
3118336
3118364
3118390
3118419
3118449
3118478
3118542
3118569
3118599
3118642
3119693
3119736
3119762
3119788
3119814
3119843
3119870
3119900
3119929
3119956
3119983
3120015
3120047
3120075
3120101
3120133
3120178
3120206
3120232
3120259
3120287
3120321
3120355
3120381
3120411
3120437
3120465
3120491
3120517
3120544
3120709
3120820
3120871
3120897
3120924
3120952
3120979
3121005
3121035
3121071
3121108
3121134
3121161
3121190
3121217
3121244
3121273
3121341
3121807
3122379
3122418
3122446
3122473
3122501
3122528
3122555
3122584
3122610
3122640
3122667
3122696
3122723
3122753
3122782
3122809
3122835
3122863
3122892
3122919
3122945
3122977
3123010
3123038
3123066
3123096
3123123
3123149
3123178
3123204
3123252
3123278
3123307
3123335
3123367
3123395
3123422
3123456
3123483
3123510
3123537
3123565
3123592
3123620
3123647
3123685
3123712
3123741
3123769
3123797
3123828
3123858
3123886
3123912
3123942
3123970
3124018
3124044
3124071
3124098
3125072
3125101
3125132
3125161
3125200
3125238
3125266
3125294
3125322
3125349
3125378
3125419
3125454
3125481
3125508
3125537
3125564
3125592
3125618
3125644
3125670
3125696
3125724
3125751
3125779
3125808
3125835
3125862
3125889
3125917
3125944
3125970
3126003
3126030
3126058
3126085
3126112
3126141
3126168
3126198
3126227
3126255
3126283
3126310
3126338
3126365
3126393
3126426
3126453
3126482
3126511
3126537
3126565
3126593
3126620
3126649
3126675
3126701
3126746
3126788
3126818
3127821
3127859
3127892
3127921
3127947
3127974
3128000
3128028
3128055
3128082
3128113
3128139
3128168
3128194
3128223
3128253
3128283
3128310
3128337
3128366
3128394
3128431
3128463
3128493
3128523
3128568
3128601
3128627
3128654
3128681
3128708
3128736
3128762
3128790
3128819
3128848
3128875
3128902
3128929
3128956
3128982
3129010
3129036
3129063
3129091
3129119
3129149
3129176
3129203
3129229
3129256
3129314
3129368
3129406
3130604
3130632
3130659
3130688
3130717
3130744
3130774
3130815
3130842
3130871
3130901
3130928
3130957
3130985
3131012
3131041
3131077
3131119
3131147
3131176
3131208
3131235
3131263
3131308
3131334
3131361
3131391
3131421
3131448
3131481
3131509
3131536
3131562
3131588
3131616
3131642
3131671
3131697
3131724
3131754
3131784
3131811
3131840
3131868
3131897
3131924
3131950
3131978
3132004
3132030
3132069
3132097
3132125
3132154
3132183
3132210
3132236
3133231
3133284
3133318
3133345
3133375
3133415
3133477
3133503
3133529
3133557
3133584
3133614
3133641
3133668
3133696
3133723
3133764
3133791
3133820
3133849
3133876
3133905
3133934
3133960
3133990
3134016
3134043
3134070
3134098
3134126
3134153
3134180
3134209
3134241
3134268
3134297
3134370
3134396
3134423
3134452
3134479
3134509
3134550
3134579
3134610
3134637
3134664
3134691
3134720
3134748
3134777
3134807
3134835
3134863
3134889
3134915
3135940
3135976
3136013
3136046
3136076
3136103
3136130
3136160
3136187
3136217
3136243
3136270
3136296
3136324
3136351
3136378
3136405
3136431
3136458
3136485
3136512
3136541
3136568
3136597
3136828
3136854
3136880
3136906
3136934
3136963
3136991
3137021
3137047
3137076
3137103
3137132
3137164
3137194
3137230
3137259
3137288
3137316
3137347
3137379
3137406
3137439
3137465
3137493
3137519
3137546
3137574
3137606
3137705
3138826
3138870
3138932
3138958
3138997
3139025
3139052
3139079
3139106
3139244
3139293
3139323
3139353
3139389
3139436
3139467
3139494
3139531
3139561
3139590
3139617
3139649
3139675
3139719
3139839
3139871
3139906
3139941
3139975
3140005
3140032
3140066
3140095
3140212
3140248
3140283
3140309
3140336
3140372
3142155
3142209
3142266
3142343
3142395
3142450
3142522
3142574
3142625
3142678
3142736
3142788
3142834
3142873
3142924
3142973
3143029
3143078
3143187
3143241
3143294
3143354
3143412
3143466
3143522
3143573
3143627
3143680
3143728
3143776
3143826
3143880
3143932
3143977
3144055
3144201
3144263
3144309
3144360
3144419
3144473
3144534
3144586
3144639
3144691
3144745
3144797
3144849
3144903
3145003
3145056
3145109
3145167
3147156
3147207
3147263
3147314
3147367
3147423
3147587
3147688
3147746
3147807
3147861
3147973
3148087
3148139
3148194
3148244
3148294
3148347
3148399
3148457
3148511
3148563
3148615
3148667
3148723
3148777
3148830
3148881
3148932
3148982
3149032
3149085
3149139
3149191
3149241
3149295
3149364
3149437
3149494
3149544
3149610
3149700
3149752
3149927
3150049
3150216
3150312
3152376
3152450
3152521
3152609
3152661
3152717
3152769
3152818
3152876
3152929
3152987
3153041
3153091
3153147
3153199
3153249
3153300
3153353
3153404
3153464
3153546
3153598
3153690
3153792
3153868
3153991
3154047
3154110
3154174
3154227
3154283
3154341
3154394
3154444
3154494
3154546
3154598
3154653
3154705
3154760
3154810
3154863
3154913
3154961
3155018
3155045
3155071
3155103
3155132
3155159
3155186
3155222
3155295
3156363
3156425
3156454
3156481
3156508
3156535
3156586
3156619
3156647
3156674
3156703
3156730
3156758
3156802
3156828
3156872
3156923
3156972
3157011
3157051
3157083
3157119
3157147
3157173
3157201
3157227
3157258
3157284
3157312
3157339
3157365
3157392
3157419
3157452
3157478
3157506
3157538
3157565
3157591
3157619
3157646
3157675
3157701
3157729
3157757
3157786
3157812
3157839
3157865
3157895
3157923
3157952
3159183
3159250
3159277
3159303
3159331
3159360
3159387
3159414
3159440
3159470
3159499
3159528
3159556
3159584
3159612
3159638
3159667
3159700
3159730
3159756
3159782
3159812
3159842
3159870
3159897
3159925
3159953
3159980
3160008
3160035
3160062
3160090
3160117
3160144
3160172
3160199
3160229
3160256
3160284
3160311
3160338
3160366
3160394
3160423
3160450
3160476
3160504
3160534
3160561
3160587
3160617
3160646
3160680
3160710
3160804
3161862
3161895
3161922
3161952
3161979
3162005
3162033
3162077
3162103
3162131
3162162
3162189
3162215
3162242
3162273
3162299
3162329
3162357
3162393
3162419
3162449
3162476
3162503
3162532
3162558
3162585
3162614
3162641
3162669
3162695
3162721
3162764
3162791
3162819
3162848
3162879
3162906
3162936
3162985
3163012
3163038
3163065
3163091
3163120
3163146
3163175
3163205
3163232
3163266
3163295
3163324
3163352
3163378
3163414
3163443
3164590
3164676
3164710
3164766
3164795
3164823
3164851
3164880
3164908
3164935
3164961
3164989
3165026
3165053
3165083
3165115
3165149
3165177
3165204
3165232
3165259
3165289
3165319
3165347
3165373
3165400
3165427
3165454
3165481
3165507
3165535
3165562
3165589
3165618
3165645
3165673
3165714
3165762
3165791
3165819
3165846
3165875
3165903
3165935
3165966
3165999
3166026
3166064
3166094
3166124
3166151
3166187
3166290
3167371
3167399
3167433
3167461
3167488
3167518
3167545
3167573
3167602
3167629
3167656
3167683
3167712
3167744
3167772
3167800
3167829
3167857
3167886
3167916
3167943
3167971
3167998
3168024
3168050
3168077
3168105
3168133
3168190
3168219
3168246
3168272
3168299
3168326
3168353
3168379
3168407
3168437
3168463
3168493
3168521
3168547
3168573
3168599
3168627
3168655
3168683
3168710
3168737
3168763
3168791
3168819
3168847
3168883
3168911
3168937
3168966
3168993
3169509
3170137
3170167
3170216
3170244
3170274
3170302
3170335
3170363
3170390
3170419
3170445
3170474
3170506
3170532
3170560
3170586
3170616
3170656
3170683
3170709
3170736
3170762
3170788
3170814
3170848
3170876
3170904
3170932
3170959
3170987
3171015
3171094
3171124
3171153
3171180
3171206
3171233
3171261
3171288
3171315
3171341
3171368
3171400
3171429
3171456
3171485
3171519
3171560
3171596
3171622
3171657
3172878
3172906
3172934
3172962
3172989
3173015
3173044
3173071
3173097
3173126
3173152
3173179
3173209
3173236
3173264
3173290
3173317
3173345
3173372
3173399
3173447
3173474
3173500
3173533
3173559
3173585
3173614
3173642
3173668
3173698
3173726
3173753
3173779
3173808
3173837
3173865
3173891
3173917
3173943
3173970
3173996
3174025
3174053
3174086
3174112
3174140
3174178
3174210
3174236
3174265
3174302
3174331
3174358
3174385
3174464
3175576
3175626
3175690
3175739
3175773
3175822
3175851
3175879
3175922
3175951
3175979
3176005
3176035
3176061
3176087
3176113
3176140
3176166
3176194
3176221
3176259
3176287
3176314
3176341
3176371
3176398
3176425
3176452
3176482
3176509
3176542
3176572
3176600
3176630
3176657
3176685
3176711
3176738
3176764
3176804
3176830
3176857
3176884
3176911
3176937
3176978
3177007
3177033
3177066
3177094
3177122
3177149
3178304
3178342
3178431
3178459
3178485
3178513
3178548
3178575
3178602
3178628
3178655
3178685
3178716
3178744
3178774
3178801
3178827
3178863
3178890
3178917
3178944
3178973
3178999
3179026
3179054
3179080
3179108
3179135
3179161
3179190
3179216
3179246
3179273
3179303
3179332
3179359
3179392
3179420
3179447
3179473
3179499
3179528
3179554
3179580
3179607
3179636
3179667
3179693
3179719
3179753
3179792
3179819
3179858
3179934
3179961
3179988
3181118
3181156
3181198
3181239
3181270
3181310
3181350
3181383
3181409
3181437
3181471
3181503
3181534
3181562
3181589
3181615
3181649
3181675
3181703
3181731
3181762
3181816
3181844
3181878
3181908
3181943
3181977
3182014
3182049
3182076
3182106
3182134
3182163
3182190
3182217
3182249
3182279
3182306
3182335
3182361
3182387
3182417
3182443
3182474
3182501
3182552
3182583
3182618
3182662
3183841
3183870
3183899
3183926
3183953
3183983
3184010
3184041
3184069
3184096
3184125
3184152
3184179
3184206
3184234
3184260
3184286
3184314
3184342
3184369
3184395
3184423
3184453
3184484
3184513
3184539
3184565
3184593
3184619
3184646
3184674
3184700
3184728
3184754
3184781
3184810
3184838
3184865
3184892
3184922
3184953
3184979
3185006
3185033
3185060
3185089
3185116
3185143
3185171
3185199
3185229
3185255
3185284
3185338
3186444
3186576
3186604
3186631
3186660
3186687
3186716
3186750
3186833
3186881
3187001
3187028
3187054
3187081
3187113
3187158
3187184
3187211
3187237
3187265
3187294
3187338
3187366
3187393
3187419
3187449
3187477
3187504
3187531
3187557
3187586
3187613
3187640
3187666
3187692
3187720
3187746
3187774
3187814
3187850
3187882
3187908
3187938
3187983
3188011
3188038
3188065
3188095
3189255
3190253
3190293
3190412
3190438
3190474
3190507
3190688
3190742
3190781
3190822
3191962
3192068
3192171
3192333
3192434
3192502
3192560
3192631
3192725
3192752
3192779
3192805
3192833
3192860
3192888
3192915
3192944
3192978
3193077
3193103
3193132
3193159
3193207
3193276
3193376
3193502
3193545
3193668
3194727
3194795
3194842
3194872
3194916
3194950
3195014
3195084
3195123
3195160
3195190
3195228
3195295
3195322
3195351
3195378
3195405
3195433
3195460
3195487
3195513
3195540
3195567
3195600
3195629
3195657
3195683
3195710
3195745
3195775
3195802
3195830
3195857
3195898
3195933
3195962
3195990
3196020
3196047
3196076
3196106
3196134
3196161
3196195
3196222
3196269
3196300
3196333
3197647
3197707
3197793
3197878
3197978
3198051
3198121
3198216
3198299
3198367
3198444
3198498
3198592
3198736
3198885
3198982
3199050
3199151
3199268
3199328
3199577
3199699
3199807
3199876
3199983
3200061
3200185
3200282
3200394
3200454
3200503
3200547
3200587
3200644
3200702
3200798
3202950
3203020
3203050
3203091
3203143
3203192
3203237
3203288
3203434
3203895
3203951
3204000
3204052
3204100
3204153
3204203
3204252
3204300
3204352
3204402
3208059
3208200
3208328
3208378
3208428
3208507
3208561
3208612
3208730
3208789
3209122
3209176
3209330
3209503
3209773
3209835
3210644
3211016
3213363
3213648
3213702
3213770
3213827
3213881
3213935
3213988
3214039
3214091
3214147
3214200
3214258
3214309
3214365
3214425
3214476
3214532
3214583
3214634
3214686
3214741
3214803
3214858
3214910
3214964
3215015
3215066
3215117
3215185
3215240
3215296
3215352
3215406
3215457
3215507
3215567
3215617
3215672
3215722
3215781
3215836
3215888
3215966
3216020
3216068
3216122
3216164
3216214
3216263
3216310
3216362
3216412
3216472
3216538
3216590
3218735
3218886
3218964
3219027
3219084
3219136
3219192
3219243
3219295
3219387
3219444
3219500
3219554
3219604
3219654
3219707
3219763
3219815
3219867
3219920
3219975
3220031
3220083
3220139
3220193
3220245
3220320
3220400
3220456
3220509
3220559
3220613
3220664
3220714
3220770
3220820
3220873
3220925
3220975
3221028
3221084
3221134
3221190
3221244
3221298
3221355
3221407
3221458
3221510
3221584
3221646
3221704
3221758
3221820
3223893
3224017
3224071
3224127
3224291
3224432
3224528
3224684
3224751
3224808
3224858
3224910
3224966
3225021
3225120
3225173
3225231
3225291
3225350
3225406
3225464
3225519
3225572
3225623
3225685
3225745
3225808
3225862
3225920
3225981
3226034
3226089
3226141
3226192
3226243
3226293
3226343
3226403
3226456
3226510
3226568
3226633
3226687
3226739
3226786
3226873
3226992
3227038
3227114
3228966
3229105
3229159
3229230
3229280
3229361
3229411
3229461
3229513
3229560
3229609
3229661
3229709
3229752
3229805
3229862
3229916
3230055
3230103
3230160
3230215
3230308
3230428
3230492
3230560
3230613
3230666
3230717
3230769
3230824
3230884
3230977
3231031
3231084
3231150
3231205
3231267
3231321
3231373
3231429
3231481
3231549
3231608
3231661
3231717
3231777
3231827
3231878
3231930
3231980
3232073
3232125
3232186
3234299
3234350
3234406
3234459
3234509
3234557
3234605
3234650
3234691
3234740
3234793
3234839
3234894
3234950
3235002
3235051
3235106
3235158
3235212
3235264
3235322
3235377
3235433
3235491
3235543
3235593
3235647
3235696
3235734
3235774
3235809
3235841
3235888
3235939
3235996
3236046
3236096
3236130
3236162
3236215
3236267
3236318
3236372
3236457
3236510
3236565
3236621
3236673
3236736
3236786
3236838
3236888
3236938
3236997
3237048
3237112
3237170
3237297
3237350
3239352
3239412
3239475
3239525
3239622
3239678
3239732
3239783
3239850
3239904
3239964
3240016
3240068
3240119
3240171
3240223
3240274
3240328
3240379
3240436
3240486
3240537
3240588
3240643
3240696
3240748
3240805
3240879
3240929
3240984
3241037
3241090
3241145
3241198
3241252
3241306
3241389
3241495
3241548
3241633
3241691
3241745
3241799
3241851
3241903
3241958
3242015
3242068
3242121
3242176
3242229
3242377
3242432
3244440
3244484
3244513
3244540
3244568
3244596
3244633
3244669
3244695
3244726
3244753
3244781
3244810
3244838
3244866
3244893
3244921
3244958
3244991
3245028
3245054
3245082
3245109
3245162
3245224
3245326
3245353
3245383
3245423
3245460
3245494
3245523
3245558
3245591
3245617
3245646
3245674
3245701
3245729
3245758
3245786
3245812
3245840
3245867
3245896
3245925
3245951
3245978
3246005
3246034
3246086
3247216
3247312
3247343
3247405
3247435
3247472
3247516
3247555
3247582
3247611
3247637
3247663
3247691
3247718
3247744
3247773
3247799
3247826
3247852
3247879
3247905
3247953
3247979
3248006
3248038
3248064
3248090
3248117
3248146
3248173
3248199
3248226
3248254
3248283
3248312
3248341
3248369
3248413
3248442
3248474
3248501
3248530
3248557
3248585
3248639
3248669
3248698
3248724
3248756
3249906
3249935
3249963
3249992
3250033
3250059
3250086
3250112
3250141
3250167
3250193
3250221
3250250
3250276
3250303
3250329
3250355
3250390
3250421
3250467
3250493
3250523
3250557
3250584
3250610
3250638
3250667
3250693
3250725
3250757
3250784
3250813
3250841
3250869
3250897
3250926
3250963
3250991
3251019
3251047
3251076
3251104
3251131
3251161
3251190
3251218
3251245
3251274
3251301
3251327
3251354
3251384
3251411
3251466
3251494
3251522
3251606
3252697
3252815
3252883
3252969
3253039
3253126
3253216
3253321
3253387
3253428
3253460
3253535
3253562
3253590
3253626
3253663
3253691
3253718
3253744
3253771
3253799
3253825
3253852
3253880
3253909
3253935
3253963
3253990
3254017
3254044
3254073
3254108
3254135
3254161
3254196
3254224
3254275
3255389
3255426
3255463
3255497
3255527
3255560
3255591
3255617
3255644
3255671
3255700
3255732
3255759
3255814
3255842
3255876
3255904
3255934
3255960
3255986
3256019
3256046
3256073
3256100
3256128
3256154
3256207
3256233
3256270
3256300
3256328
3256357
3256384
3256411
3256438
3256466
3256494
3256520
3256547
3256576
3256602
3256630
3256657
3256684
3256711
3256737
3256766
3256793
3256822
3256853
3256883
3256926
3256953
3258014
3258072
3258115
3258160
3258235
3258262
3258288
3258317
3258344
3258371
3258400
3258428
3258456
3258499
3258526
3258553
3258579
3258607
3258634
3258665
3258709
3258796
3258822
3259103
3259141
3259169
3259197
3259226
3259254
3259313
3259343
3259371
3259401
3259428
3259455
3259483
3259510
3259540
3259583
3259609
3259640
3259672
3259756
3259806
3260885
3260921
3261006
3261040
3261067
3261093
3261535
3261563
3261590
3261617
3261648
3261675
3261705
3261732
3261760
3261786
3261814
3261842
3261870
3261897
3261924
3261957
3261986
3262012
3262040
3262067
3262093
3262121
3262148
3262175
3262204
3262230
3262260
3262291
3262334
3262367
3262396
3262485
3263664
3263697
3263724
3263774
3263808
3263836
3263862
3263890
3263916
3263943
3263972
3264002
3264030
3264058
3264092
3264122
3264148
3264179
3264209
3264236
3264267
3264293
3264320
3264346
3264372
3264398
3264427
3264453
3264486
3264539
3264589
3264640
3264707
3264757
3264810
3264863
3264918
3264970
3265021
3265077
3265130
3265186
3265238
3265306
3265363
3265418
3265473
3265522
3265567
3265627
3265683
3265746
3265811
3265938
3267967
3268055
3268107
3268161
3268211
3268261
3268312
3268365
3268416
3268466
3268543
3268621
3268733
3268876
3268991
3269088
3269230
3269320
3269384
3269436
3269491
3269542
3269589
3269642
3269694
3269747
3269804
3269858
3269910
3269966
3270021
3270071
3270127
3270212
3270279
3270353
3270432
3270493
3270571
3270710
3270849
3271010
3271077
3271249
3273364
3273531
3273581
3273639
3273693
3273748
3273804
3273862
3273915
3273984
3274036
3274093
3274151
3274204
3274267
3274335
3274395
3274447
3274497
3274550
3274604
3274661
3274712
3274766
3274823
3274881
3274933
3274989
3275052
3275106
3275163
3275217
3275270
3275325
3275383
3275442
3275499
3275554
3275609
3275665
3275716
3275769
3275823
3275881
3275933
3276013
3276068
3276133
3276195
3276514
3278712
3322362
3322500
3323056
3323510
3323860
3323980
3324109
3330441
3330678
3331456
3331623
3331824
3332381
3334505
3334631
3334721
3334803
3335448
3335687
3336058
3336172
3336362
3340378
3341642
3341707
3341803
3341878
3341935
3341988
3342065
3342106
3342155
3342207
3342254
3342292
3342328
3342371
3342408
3342445
3342483
3342528
3342559
3342587
3342622
3342655
3342692
3342723
3342754
3342794
3342832
3342868
3342903
3342940
3343001
3343049
3343088
3343124
3343152
3343182
3343211
3343238
3343268
3343297
3343325
3343355
3343391
3343418
3343454
3343496
3343531
3343564
3343598
3343628
3343660
3343691
3343724
3343760
3343787
3343813
3343841
3343867
3343896
3343927
3343954
3343983
3344014
3344040
3344069
3344099
3344127
3344156
3344182
3344210
3344239
3344265
3344292
3344337
3344383
3344412
3344445
3344471
3344497
3344523
3344553
3344581
3344610
3344638
3344672
3344706
3344742
3344774
3344805
3344833
3344860
3344890
3344920
3344952
3344986
3345034
3345069
3345097
3345130
3345159
3345189
3345220
3345249
3345279
3345313
3345343
3345376
3345411
3345447
3345478
3345515
3345548
3345578
3345606
3345637
3345663
3345699
3345738
3345768
3345794
3345824
3345852
3345879
3345906
3345935
3345968
3345994
3346022
3346051
3346077
3346104
3346130
3346157
3346184
3346213
3346242
3346270
3346298
3346325
3346354
3346388
3346423
3346465
3346507
3346544
3346571
3346599
3346628
3346662
3346693
3346719
3346753
3346785
3346823
3346861
3346897
3346929
3346958
3346991
3347019
3347050
3347087
3347125
3347155
3347181
3347210
3347237
3347279
3347310
3347350
3347386
3347420
3347451
3347485
3347513
3347544
3347577
3347607
3347640
3347677
3347705
3347743
3347777
3347808
3347838
3347886
3347916
3347954
3348003
3348094
3348144
3348185
3348226
3348270
3348566
3348663
3348967
3350870
3351798
3351837
3351881
3351913
3351943
3351974
3352013
3352044
3352070
3352099
3352127
3352160
3352213
3352268
3352311
3352353
3352400
3352455
3352511
3352555
3352592
3352618
3352645
3352674
3352701
3352728
3352755
3352782
3352811
3352838
3352865
3352892
3352919
3352947
3352974
3353002
3353029
3353057
3353084
3353111
3353139
3353167
3353197
3353224
3353254
3353285
3353313
3353341
3353369
3353399
3353428
3353457
3353483
3353511
3353538
3353569
3353598
3353626
3353654
3353681
3353710
3353737
3353763
3353789
3353818
3353845
3353871
3353901
3353929
3353958
3353986
3354012
3354040
3354066
3354092
3354121
3354154
3354186
3354222
3354250
3354280
3354315
3354348
3354376
3354410
3354443
3354473
3354503
3354533
3354596
3354624
3354650
3354679
3354705
3354732
3354761
3354787
3354814
3354844
3354871
3354898
3354929
3354956
3355002
3355044
3355102
3355158
3355269
3355338
3356402
3356508
3356604
3356714
3356833
3356934
3357061
3357179
3357290
3357579
3357693
3357799
3357927
3358036
3358181
3358364
3358473
3358537
3358587
3358635
3358687
3358734
3358788
3358830
3358866
3358916
3358968
3359016
3359057
3359086
3359113
3359143
3359171
3359198
3359224
3359254
3359285
3359313
3359341
3359385
3359412
3359440
3359469
3359496
3359539
3359574
3359600
3359639
3359667
3359695
3359728
3359755
3359792
3359826
3359866
3359905
3359946
3359988
3360033
3360084
3360128
3360167
3360208
3360253
3360293
3360341
3360386
3360427
3360467
3360508
3360548
3360587
3360626
3360666
3360710
3360749
3360791
3360831
3360870
3360909
3360949
3360996
3361041
3361084
3361134
3361178
3361221
3361261
3361303
3361350
3361392
3361435
3361502
3361546
3361587
3361657
3361712
3361795
3361871
3361957
3362050
3362133
3362194
3362233
3362281
3362326
3362416
3362494
3362577
3362661
3362741
3362824
3362899
3362943
3362997
3363055
3363122
3363155
3363188
3363219
3363268
3363310
3363354
3363393
3363429
3363466
3363523
3363567
3363607
3363651
3363699
3363737
3363776
3363821
3363860
3363905
3363950
3364006
3364049
3364096
3364136
3364176
3364213
3364254
3364297
3364339
3364384
3364418
3364455
3364489
3364528
3364570
3364607
3364641
3364674
3364708
3364743
3364781
3364816
3364855
3364893
3364925
3364958
3364994
3365028
3365063
3365096
3365130
3365163
3365197
3365229
3365269
3365309
3365350
3365400
3365444
3365491
3365528
3365567
3365600
3365635
3365668
3365704
3365751
3365793
3365833
3365874
3365910
3365944
3365978
3366011
3366050
3366084
3366118
3366153
3366192
3366243
3366289
3366330
3366369
3366404
3366439
3366472
3366507
3366545
3366579
3366617
3366651
3366684
3366719
3366756
3366793
3366825
3366858
3366892
3366927
3366964
3366996
3367029
3367064
3367103
3367141
3367174
3367207
3367245
3367283
3367323
3367368
3367411
3367446
3367482
3367516
3367555
3367607
3367656
3367691
3367751
3367797
3367846
3367899
3367960
3368008
3368051
3368108
3368186
3368259
3368311
3368357
3368393
3368436
3368474
3368541
3368590
3368650
3368704
3368758
3368829
3373594
3373644
3373694
3373730
3373772
3373812
3373846
3373884
3373919
3373956
3373998
3374040
3374093
3374139
3374183
3374259
3374305
3374347
3374397
3374433
3374476
3374514
3374553
3374589
3374625
3374659
3374698
3374734
3374770
3374814
3374854
3374886
3374923
3374953
3374987
3375020
3375058
3375090
3375126
3375159
3375185
3375216
3375250
3375280
3375319
3375352
3375386
3375422
3375452
3375481
3375511
3375542
3375578
3375610
3375650
3375684
3375725
3375763
3375805
3375854
3375904
3375955
3376001
3376043
3376098
3376144
3376186
3376235
3376274
3376316
3376352
3376386
3376424
3376460
3376495
3376537
3376574
3376611
3376647
3376687
3376726
3376771
3376808
3376852
3376896
3376941
3376993
3377041
3377108
3377154
3377194
3377254
3377298
3377340
3377380
3377422
3377472
3377509
3377548
3377585
3377619
3377654
3377690
3377726
3377762
3377797
3377836
3377872
3377909
3377946
3377982
3378017
3378061
3378097
3378139
3378179
3378213
3378249
3378284
3378320
3378364
3378401
3378436
3378474
3378509
3378545
3378583
3378619
3378655
3378697
3378733
3378773
3378812
3378847
3378888
3378934
3378983
3379043
3379078
3379115
3379150
3379198
3379235
3379270
3379309
3379345
3379381
3379417
3379468
3379507
3379549
3379603
3379653
3379703
3379755
3379813
3379880
3379936
3380025
3380139
3380312
3380432
3380545
3380659
3380770
3380891
3381007
3381077
3381131
3381183
3381249
3381303
3381387
3381456
3381538
3381645
3381724
3381809
3381918
3381976
3382035
3382145
3382268
3382385
3382494
3382606
3382717
3382829
3382925
3383001
3383120
3383252
3383364
3383448
3383523
3383599
3383705
3383792
3383851
3383906
3383963
3384024
3384095
3384146
3384200
3384257
3384314
3384375
3384432
3384491
3384566
3384603
3384669
3384736
3384814
3384863
3384907
3384960
3385003
3385048
3385089
3385138
3385180
3385224
3385271
3385323
3385363
3385415
3385464
3385525
3385576
3385612
3385650
3385686
3385721
3385758
3385798
3385843
3385885
3385917
3385948
3385980
3386019
3386048
3386095
3386141
3386174
3386214
3386245
3386274
3386303
3386335
3386370
3386409
3386451
3386486
3386519
3386555
3386591
3386625
3386655
3386681
3386709
3386737
3386766
3386800
3386836
3386880
3386922
3386968
3387022
3387060
3387096
3387135
3387179
3387222
3387257
3387304
3387351
3387396
3387446
3387485
3387521
3387557
3387597
3387641
3387676
3387713
3387750
3387785
3387821
3387859
3387896
3387932
3387967
3388002
3388040
3388075
3388122
3388158
3388196
3388232
3388271
3388317
3388373
3388408
3388445
3388480
3388515
3388550
3388586
3388624
3388669
3388723
3388775
3388817
3388853
3388892
3388932
3388971
3389013
3389049
3389086
3389120
3389165
3389203
3389243
3389283
3389319
3389358
3389394
3389430
3389468
3389506
3389552
3389603
3389642
3389680
3389715
3389749
3389786
3389824
3389858
3389895
3389935
3389978
3390023
3390073
3390133
3390203
3390260
3390315
3390386
3390483
3390589
3390677
3390787
3390893
3390985
3391057
3391226
3391335
3391437
3395235
3395283
3395323
3395363
3395399
3395434
3395474
3395510
3395556
3395591
3395627
3395664
3395710
3395758
3395794
3395830
3395867
3395903
3395942
3395980
3396016
3396058
3396096
3396133
3396171
3396222
3396266
3396301
3396341
3396377
3396417
3396457
3396493
3396523
3396550
3396577
3396605
3396633
3396659
3396688
3396715
3396741
3396767
3396797
3396825
3396853
3396881
3396908
3396935
3396963
3396993
3397027
3397065
3397102
3397158
3397210
3397248
3397281
3397317
3397353
3397383
3397426
3397472
3397525
3397573
3397619
3397664
3397709
3397756
3397807
3397857
3397910
3397971
3398041
3398108
3398154
3398202
3398246
3398291
3398344
3398391
3398437
3398485
3398534
3398603
3398673
3398754
3398884
3398986
3399057
3399121
3399181
3399245
3399311
3399360
3399417
3399471
3399546
3399619
3399692
3399765
3399842
3399924
3399998
3400054
3400134
3400206
3400258
3400307
3400351
3400403
3400462
3400520
3400583
3400659
3400732
3400796
3400863
3400930
3400983
3401027
3401072
3401125
3401171
3401230
3401275
3401323
3401394
3401478
3401560
3401638
3401714
3401858
3402001
2979120
2979150
2979176
2979204
2979230
2979259
2979290
2979317
2979660
2979694
2979729
2979756
2979782
2979811
2979853
2979958
3034966
3034994
3035020
3035048
3035100
3035128
3035157
3035187
3035214
3035244
3035275
3035359
3035698
3035730
3035756
3035783
3035812
3035840
3035869
3035896
3035923
3035950
3035976
3036004
3036066
3036094
3036120
3036153
3036180
3036207
3036237
3036278
3036309
3036338
3036365
3036417
3036445
3036473
3036508
3037744
3037879
3037909
3037946
3038059
3038141
3038169
3038200
3038231
3038260
3038286
3038320
3038352
3038379
3038408
3038437
3038468
3038496
3038525
3038554
3038581
3038608
3038634
3038660
3038689
3038716
3038745
3038778
3038804
3038830
3038858
3038884
3038911
3038937
3038964
3038991
3039019
3039049
3039076
3039104
3039131
3039158
3039184
3039213
3040356
3040383
3040409
3040436
3040470
3040498
3040526
3040557
3040583
3040613
3040639
3040671
3040698
3040725
3040753
3040791
3040824
3040853
3040879
3040907
3040935
3040961
3040989
3041015
3041043
3041070
3041097
3041123
3041150
3041176
3041205
3041232
3041259
3041288
3041325
3041353
3041385
3041425
3041454
3041482
3041512
3041554
3041580
3041609
3041644
3041674
3041705
3041732
3041760
3041786
3041821
3041938
3041978
3043084
3043150
3043191
3043221
3043277
3043306
3043337
3043365
3043392
3043420
3043448
3043475
3043505
3043531
3043560
3043589
3043617
3043644
3043672
3043698
3043725
3043754
3043780
3043806
3043833
3043859
3043893
3043919
3043946
3043975
3044004
3044039
3044065
3044092
3044118
3044146
