2979189
2979233
2979259
2979296
2979763
3035865
3035925
3035943
3036001
3036131
3036283
3036493
3038252
3038305
3038421
3038434
3038632
3038888
3039174
3039207
3039213
3040380
3040913
3041030
3041182
3041495
3041566
3041615
3041752
3043231
3043236
3043376
3043434
3043463
3043498
3043640
3043683
3043887
3043895
3044152
3044224
3044638
3045721
3046344
3046373
3046413
3046414
3046419
3046736
3046761
3046891
3047022
3047203
3047317
3047386
3048458
3048473
3048512
3048553
3048689
3048904
3048953
3049098
3049203
3049420
3049668
3049763
3049968
3049979
3051370
3051391
3051825
3051993
3052153
3052272
3052438
3052591
3053169
3053219
3053226
3054475
3054701
3054833
3055047
3055106
3055314
3055322
3056637
3056882
3056989
3057084
3057249
3057501
3057657
3058795
3058937
3059216
3059272
3059519
3059540
3059687
3059767
3059842
3060050
3060124
3060164
3060350
3061538
3061716
3061803
3061836
3061933
3061982
3062026
3062042
3062076
3062091
3062254
3064318
3064343
3064470
3064608
3064675
3064883
3064953
3065010
3065051
3065428
3065685
3065689
3067099
3067218
3067390
3067449
3067455
3067867
3067909
3068122
3068247
3068490
3068494
3069586
3069904
3070387
3072325
3072492
3072665
3072789
3072901
3072947
3073126
3073638
3073771
3073796
3073866
3074984
3075083
3075123
3075161
3075258
3075299
3075540
3075813
3075911
3076129
3077684
3077894
3078004
3078057
3078186
3078305
3078404
3078468
3078475
3078581
3078584
3078698
3078721
3079072
3079118
3079139
3080444
3081024
3081273
3081720
3081940
3082094
3082112
3083115
3083118
3083211
3083266
3083349
3084113
3084525
3084527
3084700
3085894
3086037
3086083
3086103
3086194
3086299
3086464
3086707
3086908
3087015
3087297
3088687
3088811
3088861
3088879
3089131
3089274
3089482
3089764
3089940
3090116
3090153
3091251
3091272
3091361
3091375
3091381
3091443
3091704
3091811
3091860
3091876
3091890
3091968
3092096
3092227
3092433
3092578
3092813
3092820
3094379
3094950
3094960
3095231
3095444
3096823
3097115
3097116
3097399
3097700
3097735
3097748
3097876
3098118
3098303
3099415
3099755
3099958
3099999
3100382
3100445
3100505
3100517
3100536
3100573
3100688
3101066
3102061
3102317
3102721
3102750
3103009
3103031
3103207
3103264
3103283
3103532
3105142
3105350
3105398
3105579
3105634
3105848
3105853
3105872
3106322
3107415
3107440
3107655
3107716
3107757
3107778
3107840
3107897
3109001
3110914
3110926
3110987
3111221
3111341
3111431
3111459
3111567
3111752
3111804
3111855
3111894
3111901
3111977
3113400
3113449
3113497
3113520
3113540
3113662
3113667
3113679
3113692
3113724
3113846
3113986
3114018
3114027
3114151
3114317
3114544
3114569
3115935
3117304
3117554
3117656
3117685
3117728
3117770
3117811
3117845
3117915
3118257
3119842
3119871
3119934
3120062
3120224
3120412
3120453
3120508
3120513
3120858
3120913
3121124
3122451
3122572
3122586
3122674
3122898
3123317
3123568
3123614
3123678
3123691
3123949
3123968
3125467
3125585
3125639
3125799
3126308
3126815
3127828
3128176
3128206
3128221
3128390
3128486
3128501
3128515
3128662
3128872
3129015
3129241
3129411
3130100
3130627
3130864
3130871
3130990
3131114
3131155
3131217
3131224
3131290
3131657
3131949
3132008
3132086
3132187
3132206
3133292
3133343
3133475
3133582
3133750
3133788
3133932
3134067
3134246
3134253
3134371
3134402
3134606
3134819
3134893
3136057
3136322
3136496
3137067
3137085
3137178
3137301
3137372
3137377
3137462
3139311
3139884
3140000
3140026
3140066
3140085
3140106
3142268
3142399
3142799
3142812
3142935
3143048
3143311
3143324
3143416
3143582
3143830
3143905
3144003
3144234
3144444
3144677
3145112
3148103
3148125
3148526
3149030
3149293
3152536
3152542
3152771
3152877
3152912
3152914
3153257
3154680
3154843
3155127
3155171
3156425
3156478
3156508
3156586
3157182
3157295
3157504
3157646
3157740
3159259
3159377
3159381
3159603
3159907
3160497
3161946
3162332
3162376
3162472
3162667
3162717
3162774
3162803
3162829
3162888
3163089
3163240
3163250
3163301
3163367
3164794
3165145
3165232
3165325
3165460
3165481
3165746
3165780
3166013
3167477
3167512
3167607
3167769
3167770
3167829
3168024
3168222
3168596
3168737
3168840
3168923
3170071
3170254
3170301
3170305
3170324
3170353
3170390
3170587
3170652
3170729
3170826
3170854
3171288
3171322
3171403
3172836
3173539
3173658
3173719
3173966
3173986
3174021
3175628
3175821
3175857
3176522
3176643
3176880
3177134
3178502
3178847
3179056
3179167
3181188
3181198
3181533
3181779
3181906
3182011
3182039
3182130
3182145
3182292
3182471
3183909
3183993
3184050
3184674
3184953
3185022
3185191
3186766
3186956
3187438
3187479
3187556
3187572
3187709
3187823
3187834
3187840
3188058
3192548
3192551
3192703
3192905
3193274
3193356
3195402
3195607
3195833
3196110
3196318
3197684
3198028
3198243
3198818
3199298
3199370
3200042
3200332
3200451
3200572
3200646
3200652
3200809
3202965
3203202
3204157
3204181
3204393
3213588
3213766
3214225
3214291
3214371
3214821
3214842
3215109
3215826
3215897
3215938
3216046
3216133
3216548
3218711
3219696
3219707
3219859
3219913
3219915
3224008
3224182
3224982
3225141
3225241
3225315
3225367
3225408
3225595
3225922
3226297
3226603
3226863
3228959
3229698
3230480
3230707
3230728
3230942
3231323
3231612
3232008
3232047
3234224
3234377
3234406
3234519
3234965
3235058
3235126
3235608
3235700
3236023
3236030
3237328
3239344
3239467
3239711
3240221
3240360
3240383
3240547
3240633
3241153
3241213
3241283
3241285
3241555
3241934
3241948
3244452
3244485
3244788
3244791
3244950
3245042
3245085
3245233
3245825
3245878
3245956
3245971
3247338
3247419
3247453
3247606
3247631
3247856
3248062
3248076
3248082
3248148
3248313
3248331
3248425
3248580
3248644
3249913
3249989
3250040
3250186
3250473
3250598
3250676
3252858
3253694
3253750
3253898
3254033
3254055
3254118
3255402
3255667
3256314
3256367
3256390
3256717
3256764
3256773
3258109
3258265
3258277
3258369
3258486
3258563
3258807
3259157
3259639
3261609
3261668
3261674
3261713
3261739
3261743
3261975
3262097
3262114
3262275
3262291
3262332
3262338
3263790
3264373
3264382
3264424
3264499
3264638
3268306
3268508
3269568
3269632
3269704
3270393
3270477
3270487
3273368
3273984
3274105
3274472
3274533
3274730
3274954
3275001
3275083
3275659
3275834
3276474
3278739
3323517
3324182
3330589
3334559
3336120
3340358
3341979
3342507
3342562
3342916
3343145
3343437
3343699
3343734
3344372
3344435
3344556
3344757
3344809
3344888
3344936
3345067
3345217
3345328
3345443
3345471
3345769
3345849
3345853
3346145
3346216
3346566
3346892
3346993
3347001
3347008
3347188
3347215
3347249
3347266
3347298
3347975
3348126
3351840
3352181
3352670
3352757
3353102
3353183
3353247
3353278
3353426
3353480
3353507
3353791
3353859
3353919
3354072
3354163
3354243
3354392
3354456
3354464
3354590
3354898
3355046
3355287
3357187
3358056
3358789
3358843
3358914
3359091
3359165
3359216
3359317
3359323
3359559
3359709
3359934
3359954
3360248
3360413
3360603
3360618
3360623
3361377
3361430
3361713
3362248
3362428
3362830
3363269
3363669
3363753
3364168
3364184
3364229
3365100
3365167
3365200
3365313
3365422
3365674
3365704
3365808
3365976
3366027
3366247
3367383
3367460
3367505
3367515
3368673
3374294
3374310
3374313
3374381
3374535
3374573
3374602
3374791
3374814
3375007
3375074
3375124
3375328
3375364
3375810
3375953
3376739
3376892
3376918
3377259
3377347
3377585
3377590
3377752
3378088
3378206
3378339
3378420
3378564
3378671
3378797
3379393
3379745
3379928
3380374
3380632
3380671
3381087
3381633
3381958
3382101
3382475
3382590
3382837
3383972
3384008
3384070
3384301
3384405
3384595
3385035
3385644
3385788
3386401
3386769
3386911
3386963
3387018
3387213
3387367
3387390
3387749
3387855
3388000
3388230
3388276
3388291
3388354
3388488
3388630
3388662
3388759
3388908
3389239
3389266
3389314
3389388
3389415
3389458
3389736
3389747
3389913
3390066
3390239
3390283
3390814
3391135
3395244
3395390
3395399
3395640
3395686
3396004
3396048
3396334
3396373
3396600
3396844
3396894
3396898
3397153
3397249
3397264
3397428
3397680
3398121
3398164
3398497
3400252
3400825
3401298
3401304
3401464
3401652
3401718
3401960
3402021
