3035207
3035236
3035268
3035352
3035691
3035719
3035749
3035776
3035804
3035832
3035861
3035888
3035916
3035943
3035969
3035996
3036058
3036087
3036113
3036145
3036173
3036199
3036228
3036270
3036301
3036331
3036357
3036386
3036437
3036466
3036501
3037686
3037869
3037902
3037939
3038039
3038134
3038162
3038192
3038224
3038252
3038279
3038309
3038344
3038372
3038400
3038430
3038461
3038489
3038516
3038546
3038574
3038600
3038627
3038653
3038681
3038709
3038738
3038769
3038797
3038823
3038851
3038877
3038904
3038930
3038956
3038983
3039012
3039042
3039069
3039096
3039124
3039151
3039177
3039206
3039256
3040375
3040402
3040428
3040462
3040490
3040519
3040549
3040576
3040605
3040632
3040660
3040690
3040717
3040744
3040774
3040816
3040845
3040872
3040898
3040927
3040954
3040982
3041008
3041036
3041063
3041090
3041116
3041143
3041169
3041196
3041225
3041252
3041281
3041318
3041345
3041377
3041409
3041447
3041473
3041504
3041547
3041573
3041602
3041637
3041667
3041697
3041724
3041753
3041779
3041814
3041840
3041971
3041997
3043109
3043184
3043213
3043242
3043297
3043330
3043357
3043384
3043412
3043441
3043468
3043494
3043524
3043553
3043581
3043610
3043637
3043664
3043691
3043717
3043746
3043773
3043799
3043825
3043852
3043886
3043912
3043939
3043967
3043997
3044025
3044058
3044085
3044111
3044138
3044166
3044192
3044222
3044248
3044390
3044417
3044446
3044472
3044507
3044600
3044631
3044661
3045694
3045723
3045750
3045777
3045803
3045831
3045863
3045890
3045917
3045943
3045973
3046002
3046031
3046058
3046085
3046114
3046142
3046169
3046196
3046223
3046250
3046278
3046304
3046333
3046359
3046385
3046411
3046437
3046463
3046491
3046535
3046565
3046593
3046619
3046647
3046674
3046701
3046728
3046754
3046782
3046808
3046837
3046863
3046893
3046921
3046950
3046980
3047007
3047034
3047063
3047090
3047119
3047146
3047172
3047202
3047228
3047254
3047292
3047328
3047386
3048418
3048462
3048491
3048518
3048546
3048586
3048615
3048651
3048679
3048711
3048741
3048771
3048829
3048855
3048883
3048912
3048940
3048968
3048997
3049028
3049056
3049084
3049110
3049139
3049165
3049191
3049218
3049244
3049271
3049298
3049327
3049353
3049396
3049424
3049456
3049484
3049514
3049541
3049568
3049597
3049638
3049665
3049694
3049722
3049749
3049775
3049842
3049871
3049943
3049973
3049999
3051151
3051216
3051258
3051289
3051320
3051348
3051375
3051406
3051444
3051478
3051507
3051540
3051567
3051595
3051624
3051650
3051699
3051727
3051753
3051781
3051808
3051834
3051863
3051907
3051938
3051964
3051990
3052019
3052050
3052078
3052120
3052147
3052175
3052208
3052234
3052263
3052289
3052318
3052346
3052374
3052402
3052430
3052456
3052485
3052513
3052547
3052579
3052605
3052634
3052660
3052689
3052716
3052743
3052772
3052799
3052828
3052856
3052883
3052909
3052941
3052968
3052996
3053022
3053048
3053075
3053102
3053129
3053156
3053186
3053225
3053251
3053278
3053305
3053342
3053372
3054439
3054468
3054499
3054537
3054564
3054592
3054622
3054652
3054678
3054709
3054737
3054766
3054794
3054835
3054871
3054906
3055014
3055040
3055066
3055105
3055245
3055329
3055357
3055519
3055618
3055746
3055799
3055847
3055907
3055954
3055989
3056018
3056103
3056598
3056624
3056650
3056678
3056705
3056732
3056760
3056796
3056824
3056853
3056880
3056908
3056938
3056964
3056991
3057018
3057047
3057074
3057101
3057130
3057157
3057190
3057220
3057251
3057284
3057310
3057337
3057366
3057392
3057418
3057446
3057472
3057504
3057530
3057559
3057588
3057623
3057656
3057691
3058701
3058732
3058772
3058806
3058846
3058873
3058901
3058987
3059113
3059264
3059324
3059430
3059464
3059490
3059518
3059551
3059578
3059606
3059635
3059665
3059691
3059718
3059745
3059772
3059800
3059831
3059857
3059884
3059971
3059997
3060031
3060059
3060094
3060123
3060151
3060177
3060203
3060230
3060256
3060285
3060312
3060339
3060365
3060393
3061409
3061459
3061485
3061537
3061609
3061636
3061663
3061689
3061717
3061743
3061769
3061796
3061840
3061866
3061895
3061922
3061950
3061977
3062004
3062030
3062056
3062085
3062112
3062140
3062168
3062196
3062223
3062250
3062276
3062303
3062331
3062358
3062385
3062413
3062440
3062467
3062496
3062532
3062559
3062587
3062616
3062644
3062672
3062702
3062733
3062775
3062808
3062841
3062876
3062912
3062944
3062971
3062999
3063025
3063068
3063099
3063137
3064085
3064193
3064230
3064256
3064288
3064318
3064346
3064375
3064403
3064458
3064487
3064515
3064544
3064571
3064598
3064628
3064655
3064681
3064708
3064735
3064766
3064793
3064820
3064850
3064876
3064902
3064931
3064958
3064984
3065010
3065036
3065063
3065089
3065310
3065356
3065385
3065411
3065437
3065463
3065489
3065515
3065545
3065574
3065605
3065671
3065721
3066810
3066867
3066895
3066932
3066959
3066987
3067014
3067041
3067068
3067099
3067130
3067156
3067194
3067223
3067253
3067281
3067313
3067342
3067373
3067401
3067428
3067455
3067486
3067513
3067547
3067574
3067603
3067630
3067657
3067686
3067713
3067753
3067810
3067840
3067869
3067895
3067921
3067953
3067980
3068008
3068035
3068062
3068103
3068131
3068176
3068209
3068236
3068262
3068297
3068323
3068361
3068388
3068415
3068442
3068469
3068506
3069528
3069584
3069645
3069671
3069734
3069840
3069866
3069892
3069919
3069946
3069992
3070167
3070239
3070321
3070357
3070401
3070432
3070476
3070518
3070557
3070594
3070641
3070791
3070857
3070927
3071059
3071118
3071203
3072246
3072382
3072464
3072492
3072523
3072551
3072629
3072658
3072693
3072720
3072749
3072777
3072804
3072832
3072860
3072890
3072916
3072944
3072970
3073008
3073037
3073063
3073092
3073125
3073153
3073180
3073258
3073288
3073324
3073353
3073385
3073413
3073441
3073470
3073499
3073526
3073553
3073582
3073612
3073639
3073668
3073744
3073778
3073809
3073836
3073863
3073890
3073918
3073952
3074939
3074970
3074999
3075039
3075066
3075093
3075119
3075145
3075173
3075202
3075234
3075261
3075289
3075320
3075377
3075406
3075435
3075467
3075502
3075529
3075557
3075604
3075631
3075681
3075707
3075734
3075764
3075791
3075818
3075854
3075881
3075907
3075934
3075962
3075990
3076018
3076045
3076071
3076107
3076135
3076165
3076191
3076218
3076272
3076301
3076332
3076363
3076392
3076444
3076472
3076500
3076704
3077687
3077717
3077758
3077786
3077813
3077840
3077866
3077897
3077923
3077951
3077978
3078025
3078057
3078111
3078139
3078170
3078209
3078236
3078265
3078291
3078318
3078347
3078375
3078402
3078429
3078456
3078482
3078510
3078538
3078566
3078595
3078622
3078651
3078687
3078713
3078741
3078767
3078794
3078821
3078850
3078879
3078911
3078941
3078968
3078996
3079025
3079053
3079079
3079107
3079133
3079160
3079190
3079224
3079258
3079285
3079311
3079371
3080394
3080423
3080463
3080532
3080559
3080587
3080613
3080646
3080673
3080753
3080794
3080824
3080852
3080885
3080915
3080943
3080974
3081001
3081027
3081069
3081095
3081127
3081160
3081191
3081220
3081246
3081283
3081316
3081348
3081389
3081431
3081499
3081532
3081559
3081585
3081612
3081640
3081667
3081708
3081738
3081766
3081792
3081820
3081846
3081874
3081902
3081930
3081958
3082001
3082029
3082087
3082127
3082475
3083132
3083190
3083216
3083244
3083272
3083308
3083335
3083363
3083393
3083419
3083451
3083490
3083517
3083545
3083572
3083602
3083628
3083656
3083685
3083712
3083740
3083766
3083793
3083819
3083862
3083889
3083917
3083945
3083992
3084020
3084067
3084093
3084121
3084148
3084176
3084211
3084240
3084266
3084293
3084323
3084360
3084393
3084419
3084447
3084475
3084514
3084541
3084575
3084606
3084636
3084696
3084749
3085751
3085804
3085860
3085904
3085950
3085983
3086013
3086040
3086069
3086095
3086123
3086150
3086176
3086204
3086230
3086259
3086286
3086316
3086342
3086368
3086394
3086421
3086448
3086477
3086507
3086533
3086564
3086591
3086618
3086646
3086675
3086705
3086737
3086763
3086812
3086838
3086866
3086894
3086925
3086954
3086981
3087009
3087037
3087073
3087108
3087168
3087234
3087279
3087321
3087391
3088493
3088531
3088570
3088597
3088631
3088659
3088687
3088714
3088740
3088768
3088796
3088823
3088851
3088879
3088906
3088936
3088967
3088994
3089023
3089050
3089079
3089106
3089132
3089161
3089188
3089219
3089246
3089274
3089300
3089326
3089353
3089437
3089463
3089498
3089526
3089557
3089585
3089630
3089659
3089688
3089714
3089740
3089770
3089797
3089825
3089853
3089890
3089934
3089966
3090002
3090030
3090072
3090139
3090166
3091238
3091265
3091297
3091328
3091375
3091408
3091436
3091481
3091511
3091558
3091585
3091615
3091643
3091678
3091706
3091735
3091764
3091792
3091820
3091848
3091875
3091901
3091928
3091959
3092003
3092031
3092058
3092087
3092126
3092156
3092185
3092215
3092242
3092268
3092294
3092320
3092347
3092373
3092402
3092428
3092456
3092484
3092511
3092537
3092563
3092593
3092621
3092649
3092675
3092703
3092733
3092761
3092790
3092818
3092849
3092876
3093118
3093918
3093946
3094003
3094154
3094217
3094252
3094280
3094307
3094333
3094360
3094387
3094414
3094442
3094469
3094496
3094528
3094556
3094585
3094641
3094668
3094695
3094723
3094749
3094780
3094814
3094845
3094871
3094903
3094931
3094957
3095059
3095090
3095116
3095156
3095189
3095225
3095255
3095283
3095309
3095336
3095364
3095392
3095421
3095449
3095481
3095509
3096675
3096702
3096729
3096759
3096790
3096819
3096845
3096880
3096911
3096938
3096971
3096999
3097031
3097057
3097084
3097112
3097138
3097166
3097193
3097220
3097248
3097275
3097305
3097331
3097357
3097384
3097411
3097438
3097465
3097491
3097518
3097545
3097572
3097601
3097629
3097666
3097695
3097723
3097756
3097808
3097841
3097869
3097897
3097925
3097951
3097983
3098011
3098039
3098066
3098092
3098122
3098176
3098205
3098241
3098268
3098298
3098413
3099345
3099379
3099408
3099437
3099465
3099493
3099521
3099549
3099577
3099608
3099635
3099670
3099698
3099735
3099764
3099803
3099851
3099887
3099925
3099953
3099989
3100020
3100049
3100099
3100154
3100184
3100212
3100243
3100271
3100304
3100332
3100362
3100388
3100420
3100447
3100476
3100502
3100529
3100558
3100586
3100613
3100644
3100672
3100701
3100728
3100755
3100782
3100809
3100838
3100866
3100893
3101029
3101056
3102079
3102105
3102132
3102161
3102187
3102216
3102244
3102271
3102298
3102325
3102352
3102381
3102407
3102439
3102469
3102500
3102527
3102558
3102585
3102614
3102644
3102670
3102699
3102726
3102753
3102793
3102831
3102859
3102888
3102916
3102951
3102981
3103008
3103035
3103149
3103192
3103230
3103256
3103287
3103315
3103346
3103372
3103399
3103425
3103451
3103480
3103507
3103534
3103572
3103613
3103673
3103699
3104750
3104790
3104861
3104895
3104923
3104951
3104979
3105006
3105033
3105060
3105093
3105121
3105149
3105178
3105206
3105232
3105260
3105287
3105314
3105343
3105374
3105400
3105427
3105455
3105486
3105513
3105542
3105570
3105597
3105625
3105657
3105683
3105713
3105742
3105771
3105825
3105853
3105880
3105906
3105933
3105963
3105991
3106020
3106046
3106085
3106128
3106154
3106205
3106235
3106262
3106295
3106323
3106354
3107185
3107213
3107241
3107269
3107297
3107327
3107358
3107386
3107413
3107439
3107467
3107495
3107525
3107554
3107580
3107619
3107653
3107685
3107712
3107739
3107771
3107798
3107836
3107862
3107891
3107981
3108016
3108485
3108512
3108543
3108569
3108597
3108623
3108649
3108677
3108707
3108744
3108945
3108977
3109005
3109033
3109060
3109088
3109115
3109197
3109297
3109463
3110508
3110534
3110562
3110600
3110657
3110749
3110831
3110857
3110884
3110912
3110939
3110967
3110997
3111027
3111058
3111098
3111127
3111153
3111181
3111207
3111234
3111267
3111297
3111324
3111368
3111394
3111421
3111449
3111475
3111502
3111531
3111559
3111586
3111612
3111641
3111673
3111701
3111733
3111763
3111800
3111827
3111857
3111886
3111913
3111942
3111971
3111998
3112026
3112055
3112155
3113305
3113331
3113360
3113386
3113412
3113439
3113467
3113494
3113521
3113547
3113574
3113600
3113627
3113657
3113684
3113717
3113744
3113770
3113797
3113829
3113882
3113909
3113935
3113964
3114005
3114033
3114059
3114150
3114183
3114240
3114282
3114312
3114352
3114403
3114452
3114483
3114546
3114679
3115776
3115815
3115850
3115886
3115942
3116108
3116666
3117036
3117064
3117093
3117192
3117222
3117250
3117277
3117304
3117336
3117368
3117396
3117423
3117449
3117476
3117541
3117568
3117642
3117668
3117695
3117722
3117758
3117789
3117845
3117873
3117905
3117935
3117963
3117993
3118022
3118049
3118076
3118105
3118132
3118166
3118201
3118230
3118266
3118303
3118333
3118361
3118387
3118416
3118446
3118473
3118539
3118566
3118596
3118639
3119689
3119733
3119759
3119785
3119811
3119839
3119867
3119897
3119926
3119953
3119980
3120010
3120044
3120072
3120098
3120130
3120175
3120202
3120229
3120256
3120284
3120318
3120352
3120378
3120408
3120434
3120462
3120488
3120514
3120541
3120697
3120815
3120866
3120894
3120921
3120949
3120976
3121002
3121031
3121062
3121105
3121131
3121157
3121187
3121213
3121241
3121270
3121338
3121804
3122374
3122410
3122443
3122469
3122498
3122525
3122552
3122581
3122607
3122637
3122664
3122691
3122720
3122749
3122779
3122806
3122832
3122860
3122888
3122916
3122942
3122974
3123007
3123034
3123063
3123093
3123120
3123146
3123174
3123201
3123248
3123275
3123304
3123332
3123359
3123392
3123419
3123453
3123480
3123507
3123534
3123562
3123589
3123616
3123644
3123682
3123709
3123738
3123766
3123794
3123825
3123854
3123882
3123909
3123938
3123967
3124015
3124041
3124068
3124095
3125069
3125097
3125129
3125158
3125196
3125235
3125263
3125291
3125319
3125345
3125375
3125414
3125451
3125478
3125505
3125534
3125561
3125589
3125615
3125641
3125667
3125693
3125721
3125748
3125776
3125803
3125832
3125858
3125886
3125914
3125941
3125967
3125999
3126027
3126054
3126082
3126109
3126137
3126165
3126195
3126224
3126252
3126280
3126307
3126335
3126362
3126390
3126423
3126450
3126479
3126508
3126534
3126562
3126590
3126617
3126646
3126672
3126698
3126728
3126774
3126815
3127818
3127856
3127888
3127918
3127944
3127971
3127997
3128025
3128052
3128079
3128110
3128136
3128164
3128191
3128220
3128250
3128280
3128307
3128334
3128362
3128390
3128419
3128460
3128490
3128520
3128560
3128598
3128624
3128651
3128678
3128705
3128733
3128759
3128787
3128816
3128844
3128872
3128899
3128926
3128953
3128979
3129006
3129033
3129059
3129088
3129116
3129146
3129173
3129199
3129226
3129253
3129311
3129364
3129403
3130601
3130629
3130656
3130685
3130714
3130741
3130770
3130812
3130839
3130868
3130898
3130925
3130952
3130982
3131009
3131038
3131074
3131116
3131144
3131173
3131204
3131231
3131260
3131304
3131331
3131358
3131387
3131418
3131445
3131478
3131506
3131533
3131559
3131585
3131613
3131639
3131668
3131694
3131720
3131750
3131781
3131808
3131837
3131865
3131894
3131921
3131947
3131974
3132001
3132027
3132066
3132094
3132122
3132150
3132180
3132206
3132233
3133228
3133281
3133315
3133341
3133370
3133412
3133474
3133500
3133526
3133554
3133581
3133611
3133638
3133665
3133693
3133720
3133761
3133788
3133817
3133846
3133872
3133902
3133931
3133957
3133987
3134013
3134040
3134067
3134095
3134123
3134150
3134177
3134205
3134238
3134265
3134294
3134334
3134393
3134420
3134449
3134476
3134506
3134540
3134576
3134607
3134634
3134661
3134688
3134717
3134745
3134773
3134804
3134832
3134860
3134886
3134912
3135937
3135973
3136010
3136043
3136073
3136100
3136127
3136157
3136183
3136211
3136240
3136267
3136293
3136320
3136348
3136375
3136402
3136428
3136455
3136482
3136509
3136538
3136565
3136594
3136825
3136851
3136877
3136903
3136931
3136960
3136988
3137018
3137044
3137073
3137100
3137129
3137158
3137191
3137226
3137256
3137284
3137312
3137344
3137376
3137402
3137436
3137462
3137490
3137516
3137543
3137571
3137603
3137702
3138822
3138857
3138925
3138955
3138994
3139021
3139049
3139076
3139103
3139241
3139289
3139320
3139350
3139383
3139433
3139464
3139490
3139527
3139558
3139587
3139614
3139645
3139672
3139716
3139836
3139868
3139903
3139937
3139970
3140002
3140029
3140063
3140092
3140209
3140245
3140278
3140306
3140333
3140369
3142150
3142201
3142260
3142337
3142387
3142445
3142516
3142569
3142619
3142672
3142728
3142780
3142827
3142869
3142919
3142967
3143023
3143073
3143182
3143235
3143288
3143348
3143406
3143460
3143516
3143565
3143620
3143672
3143722
3143771
3143820
3143874
3143926
3143972
3144049
3144195
3144258
3144304
3144354
3144407
3144467
3144528
3144581
3144633
3144685
3144739
3144791
3144844
3144894
3144998
3145050
3145103
3145159
3147150
3147201
3147257
3147309
3147361
3147415
3147579
3147683
3147736
3147801
3147854
3147963
3148082
3148133
3148188
3148238
3148288
3148341
3148393
3148452
3148505
3148557
3148607
3148662
3148716
3148772
3148824
3148875
3148926
3148976
3149026
3149079
3149133
3149185
3149235
3149289
3149358
3149425
3149489
3149539
3149605
3149694
3149746
3149921
3150043
3150210
3150306
3152328
3152444
3152511
3152602
3152655
3152711
3152763
3152812
3152870
3152923
3152981
3153035
3153085
3153141
3153192
3153244
3153294
3153347
3153399
3153454
3153541
3153592
3153663
3153786
3153862
3153985
3154041
3154101
3154162
3154220
3154275
3154335
3154389
3154438
3154488
3154540
3154593
3154645
3154699
3154754
3154804
3154857
3154908
3154958
3155015
3155042
3155068
3155100
3155128
3155155
3155183
3155210
3155292
3156359
3156422
3156451
3156478
3156505
3156532
3156583
3156615
3156644
3156670
3156700
3156727
3156755
3156799
3156825
3156869
3156919
3156954
3157008
3157048
3157080
3157116
3157143
3157170
3157198
3157224
3157255
3157281
3157307
3157335
3157362
3157389
3157415
3157449
3157475
3157503
3157535
3157562
3157588
3157616
3157643
3157672
3157698
3157726
3157754
3157782
3157809
3157836
3157862
3157892
3157920
3157949
3159180
3159247
3159274
3159300
3159327
3159357
3159384
3159410
3159437
3159465
3159496
3159525
3159552
3159581
3159609
3159635
3159664
3159697
3159726
3159753
3159779
3159809
3159839
3159867
3159894
3159921
3159950
3159977
3160004
3160031
3160059
3160087
3160114
3160141
3160169
3160196
3160226
3160253
3160280
3160308
3160335
3160363
3160391
3160420
3160447
3160473
3160501
3160530
3160558
3160584
3160613
3160643
3160674
3160707
3160801
3161859
3161889
3161919
3161949
3161976
3162002
3162030
3162074
3162100
3162128
3162158
3162186
3162212
3162239
3162270
3162296
3162326
3162353
3162390
3162416
3162445
3162473
3162500
3162529
3162555
3162582
3162611
3162638
3162666
3162692
3162718
3162761
3162788
3162815
3162844
3162875
3162903
3162932
3162981
3163009
3163035
3163062
3163088
3163117
3163143
3163172
3163202
3163229
3163260
3163292
3163320
3163349
3163375
3163411
3163440
3164550
3164671
3164707
3164763
3164792
3164820
3164848
3164877
3164903
3164932
3164958
3164986
3165020
3165050
3165080
3165112
3165146
3165174
3165201
3165229
3165256
3165285
3165315
3165344
3165370
3165397
3165423
3165451
3165478
3165504
3165532
3165558
3165586
3165615
3165642
3165670
3165711
3165749
3165787
3165816
3165843
3165872
3165900
3165932
3165963
3165996
3166023
3166061
3166090
3166120
3166148
3166183
3166264
3167368
3167396
3167430
3167458
3167485
3167515
3167542
3167570
3167599
3167626
3167653
3167680
3167709
3167741
3167769
3167797
3167826
3167853
3167882
3167913
3167940
3167968
3167995
3168021
3168047
3168074
3168102
3168130
3168186
3168216
3168243
3168269
3168296
3168323
3168350
3168376
3168403
3168434
3168460
3168490
3168518
3168544
3168570
3168596
3168624
3168652
3168679
3168707
3168734
3168760
3168787
3168816
3168844
3168872
3168908
3168934
3168963
3168990
3169016
3170131
3170163
3170209
3170241
3170270
3170299
3170329
3170360
3170387
3170416
3170442
3170471
3170501
3170529
3170557
3170583
3170613
3170653
3170679
3170706
3170733
3170759
3170785
3170811
3170840
3170873
3170901
3170929
3170956
3170983
3171012
3171058
3171121
3171150
3171177
3171203
3171229
3171258
3171285
3171311
3171338
3171365
3171397
3171425
3171452
3171482
3171515
3171556
3171593
3171619
3171652
3172875
3172903
3172930
3172958
3172986
3173012
3173041
3173067
3173094
3173123
3173149
3173176
3173206
3173233
3173260
3173287
3173314
3173342
3173369
3173396
3173442
3173471
3173497
3173530
3173556
3173582
3173611
3173639
3173665
3173695
3173723
3173749
3173776
3173803
3173834
3173862
3173888
3173914
3173940
3173967
3173993
3174022
3174050
3174082
3174109
3174137
3174171
3174207
3174233
3174261
3174299
3174327
3174355
3174382
3174461
3174509
3175623
3175686
3175736
3175770
3175819
3175848
3175876
3175918
3175948
3175976
3176002
3176032
3176058
3176084
3176110
3176137
3176163
3176191
3176218
3176255
3176284
3176311
3176337
3176367
3176395
3176422
3176449
3176479
3176506
3176537
3176569
3176597
3176626
3176654
3176680
3176708
3176735
3176761
3176801
3176827
3176854
3176881
3176908
3176934
3176975
3177003
3177030
3177057
3177091
3177118
3177146
3178301
3178339
3178428
3178456
3178482
3178510
3178545
3178572
3178599
3178625
3178652
3178681
3178713
3178740
3178771
3178797
3178824
3178859
3178887
3178914
3178941
3178970
3178996
3179023
3179051
3179077
3179105
3179132
3179158
3179187
3179213
3179243
3179270
3179297
3179329
3179356
3179388
3179416
3179444
3179470
3179496
3179525
3179551
3179577
3179604
3179633
3179664
3179690
3179716
3179750
3179777
3179815
3179855
3179931
3179958
3179985
3181115
3181153
3181195
3181236
3181265
3181302
3181347
3181380
3181406
3181434
3181468
3181498
3181531
3181559
3181586
3181612
3181646
3181672
3181700
3181728
3181759
3181799
3181841
3181875
3181905
3181933
3181973
3182010
3182046
3182073
3182102
3182131
3182160
3182187
3182214
3182244
3182275
3182303
3182330
3182358
3182384
3182414
3182440
3182471
3182498
3182549
3182580
3182615
3182659
3182709
3183866
3183895
3183923
3183950
3183980
3184007
3184038
3184066
3184093
3184122
3184149
3184176
3184203
3184230
3184257
3184283
3184311
3184339
3184365
3184392
3184420
3184450
3184481
3184510
3184536
3184562
3184590
3184616
3184643
3184671
3184697
3184725
3184751
3184778
3184807
3184834
3184862
3184889
3184919
3184950
3184976
3185003
3185030
3185057
3185086
3185113
3185140
3185168
3185196
3185226
3185252
3185281
3185335
3185429
3186564
3186600
3186628
3186656
3186684
3186713
3186747
3186830
3186875
3186998
3187025
3187051
3187078
3187106
3187153
3187181
3187207
3187234
3187262
3187290
3187317
3187363
3187390
3187416
3187446
3187474
3187501
3187527
3187554
3187583
3187610
3187637
3187663
3187689
3187717
3187743
3187771
3187811
3187847
3187878
3187905
3187935
3187980
3188008
3188035
3188062
3188091
3189251
3190248
3190287
3190409
3190435
3190471
3190504
3190685
3190729
3190765
3190819
3191956
3192060
3192160
3192326
3192427
3192498
3192555
3192612
3192715
3192749
3192776
3192802
3192830
3192857
3192885
3192912
3192940
3192971
3193074
3193100
3193129
3193156
3193200
3193273
3193363
3193462
3193541
3193640
3194716
3194792
3194839
3194869
3194910
3194947
3195011
3195080
3195117
3195154
3195187
3195225
3195292
3195319
3195348
3195375
3195402
3195430
3195457
3195484
3195510
3195537
3195564
3195597
3195625
3195653
3195680
3195706
3195741
3195772
3195799
3195827
3195854
3195883
3195930
3195959
3195987
3196016
3196044
3196073
3196103
3196131
3196158
3196192
3196219
3196266
3196292
3196330
3197642
3197699
3197784
3197870
3197965
3198040
3198115
3198210
3198293
3198361
3198438
3198490
3198586
3198729
3198872
3198968
3199041
3199134
3199262
3199322
3199560
3199686
3199793
3199866
3199977
3200048
3200179
3200273
3200386
3200449
3200496
3200542
3200581
3200638
3200693
3200788
3202939
3203014
3203047
3203086
3203137
3203187
3203231
3203283
3203429
3203889
3203943
3203994
3204046
3204094
3204143
3204198
3204246
3204294
3204347
3204397
3204460
3208195
3208322
3208372
3208422
3208501
3208554
3208606
3208665
3208783
3209116
3209170
3209291
3209495
3209745
3209829
3210639
3211011
3213336
3213640
3213696
3213764
3213819
3213875
3213930
3213982
3214033
3214085
3214141
3214194
3214252
3214303
3214359
3214419
3214470
3214526
3214577
3214628
3214681
3214735
3214798
3214852
3214904
3214959
3215009
3215060
3215111
3215178
3215232
3215290
3215344
3215401
3215451
3215501
3215561
3215611
3215666
3215716
3215775
3215830
3215880
3215935
3216014
3216063
3216117
3216161
3216208
3216258
3216304
3216356
3216407
3216466
3216533
3216584
3218720
3218876
3218958
3219017
3219078
3219130
3219186
3219237
3219289
3219343
3219439
3219494
3219546
3219598
3219648
3219702
3219751
3219809
3219861
3219915
3219969
3220023
3220077
3220133
3220187
3220239
3220314
3220364
3220450
3220503
3220553
3220607
3220657
3220709
3220764
3220814
3220867
3220919
3220969
3221023
3221078
3221128
3221184
3221238
3221291
3221349
3221401
3221452
3221504
3221578
3221640
3221696
3221753
3221812
3223885
3224012
3224065
3224117
3224274
3224422
3224518
3224678
3224745
3224800
3224852
3224904
3224960
3225013
3225115
3225167
3225225
3225285
3225344
3225400
3225459
3225514
3225566
3225617
3225679
3225740
3225800
3225854
3225915
3225975
3226029
3226081
3226135
3226185
3226237
3226287
3226337
3226397
3226451
3226505
3226561
3226613
3226682
3226734
3226780
3226867
3226986
3227032
3227087
3228963
3229100
3229153
3229224
3229274
3229355
3229405
3229455
3229507
3229554
3229604
3229656
3229703
3229748
3229799
3229854
3229910
3230049
3230098
3230155
3230209
3230270
3230420
3230486
3230554
3230607
3230658
3230711
3230761
3230814
3230870
3230971
3231024
3231076
3231142
3231199
3231261
3231315
3231367
3231423
3231475
3231543
3231603
3231655
3231711
3231771
3231822
3231873
3231924
3231974
3232063
3232119
3232171
3234293
3234344
3234396
3234454
3234503
3234553
3234599
3234646
3234685
3234734
3234787
3234834
3234888
3234944
3234996
3235045
3235099
3235153
3235206
3235258
3235316
3235370
3235427
3235481
3235535
3235587
3235642
3235690
3235731
3235771
3235806
3235838
3235883
3235933
3235990
3236040
3236091
3236124
3236158
3236209
3236261
3236313
3236367
3236451
3236505
3236559
3236615
3236667
3236730
3236780
3236832
3236882
3236932
3236986
3237041
3237104
3237162
3237224
3237344
3239346
3239406
3239467
3239519
3239616
3239672
3239727
3239777
3239844
3239898
3239959
3240011
3240063
3240113
3240165
3240218
3240267
3240320
3240373
3240430
3240480
3240531
3240582
3240637
3240690
3240742
3240799
3240873
3240924
3240978
3241029
3241084
3241139
3241192
3241246
3241300
3241368
3241490
3241540
3241627
3241685
3241737
3241794
3241845
3241896
3241952
3242009
3242062
3242115
3242168
3242223
3242353
3242424
3244437
3244481
3244510
3244537
3244565
3244593
3244630
3244666
3244692
3244723
3244750
3244778
3244807
3244835
3244863
3244890
3244918
3244955
3244985
3245025
3245051
3245079
3245106
3245159
3245221
3245323
3245350
3245379
3245418
3245456
3245491
3245519
3245555
3245585
3245614
3245642
3245671
3245698
3245725
3245753
3245783
3245809
3245837
3245864
3245893
3245922
3245948
3245975
3246002
3246031
3246083
3247210
3247308
3247340
3247395
3247432
3247469
3247513
3247552
3247579
3247607
3247634
3247660
3247688
3247714
3247741
3247770
3247796
3247823
3247849
3247876
3247902
3247950
3247976
3248003
3248035
3248061
3248087
3248114
3248143
3248170
3248196
3248222
3248251
3248278
3248307
3248337
3248366
3248410
3248439
3248471
3248498
3248527
3248554
3248582
3248632
3248666
3248695
3248721
3248753
3249030
3249932
3249960
3249988
3250030
3250056
3250083
3250109
3250137
3250164
3250190
3250218
3250245
3250273
3250300
3250326
3250352
3250387
3250415
3250464
3250490
3250519
3250554
3250581
3250607
3250635
3250664
3250690
3250719
3250753
3250781
3250810
3250838
3250865
3250894
3250923
3250960
3250988
3251016
3251044
3251073
3251101
3251128
3251157
3251187
3251215
3251242
3251271
3251298
3251324
3251351
3251380
3251408
3251462
3251491
3251518
3251568
3252685
3252811
3252863
3252966
3253036
3253120
3253166
3253318
3253383
3253421
3253452
3253532
3253559
3253587
3253623
3253660
3253688
3253715
3253741
3253768
3253796
3253822
3253849
3253877
3253906
3253932
3253959
3253987
3254014
3254041
3254070
3254105
3254132
3254158
3254193
3254221
3254272
3255386
3255423
3255459
3255488
3255523
3255554
3255588
3255614
3255641
3255668
3255697
3255724
3255756
3255811
3255839
3255872
3255901
3255931
3255957
3255983
3256016
3256043
3256070
3256096
3256125
3256151
3256204
3256230
3256267
3256297
3256325
3256354
3256381
3256407
3256435
3256463
3256491
3256517
3256544
3256572
3256599
3256627
3256653
3256681
3256708
3256734
3256763
3256790
3256819
3256849
3256880
3256923
3256949
3257059
3258068
3258112
3258155
3258232
3258259
3258285
3258314
3258340
3258368
3258397
3258424
3258453
3258496
3258523
3258550
3258576
3258604
3258631
3258660
3258696
3258793
3258819
3259094
3259138
3259165
3259194
3259222
3259251
3259310
3259340
3259368
3259398
3259425
3259451
3259480
3259507
3259536
3259580
3259606
3259637
3259669
3259725
3259803
3260881
3260918
3261002
3261036
3261064
3261090
3261532
3261559
3261587
3261614
3261645
3261672
3261701
3261729
3261757
3261783
3261811
3261838
3261866
3261894
3261921
3261951
3261983
3262009
3262037
3262064
3262090
3262118
3262145
3262172
3262201
3262227
3262256
3262288
3262319
3262364
3262393
3262482
3263612
3263692
3263721
3263769
3263802
3263833
3263859
3263887
3263913
3263940
3263969
3263999
3264026
3264055
3264089
3264117
3264145
3264176
3264206
3264233
3264264
3264290
3264316
3264343
3264369
3264395
3264424
3264450
3264478
3264533
3264583
3264634
3264697
3264752
3264804
3264857
3264912
3264962
3265015
3265071
3265122
3265180
3265232
3265301
3265357
3265412
3265468
3265516
3265561
3265621
3265675
3265738
3265806
3265934
3267961
3268048
3268101
3268155
3268205
3268256
3268306
3268360
3268410
3268460
3268537
3268614
3268722
3268855
3268985
3269067
3269217
3269312
3269378
3269430
3269483
3269536
3269584
3269636
3269689
3269741
3269798
3269852
3269904
3269959
3270015
3270065
3270121
3270206
3270269
3270347
3270422
3270485
3270560
3270702
3270828
3271002
3271067
3271243
3273358
3273525
3273575
3273633
3273687
3273742
3273799
3273857
3273907
3273976
3274031
3274087
3274145
3274198
3274256
3274311
3274389
3274441
3274491
3274545
3274598
3274655
3274706
3274760
3274815
3274873
3274927
3274981
3275046
3275101
3275157
3275211
3275264
3275319
3275377
3275432
3275493
3275546
3275603
3275659
3275710
3275763
3275817
3275875
3275927
3276008
3276060
3276127
3276189
3276509
3278706
3322349
3322486
3323042
3323412
3323814
3323965
3324094
3330426
3330658
3331441
3331598
3331804
3332369
3333619
3334619
3334715
3334790
3334906
3335675
3336046
3336160
3336350
3340366
3341614
3341700
3341795
3341874
3341928
3341983
3342061
3342101
3342146
3342195
3342248
3342288
3342323
3342366
3342404
3342441
3342478
3342521
3342556
3342583
3342618
3342652
3342688
3342719
3342749
3342790
3342827
3342864
3342899
3342934
3342994
3343045
3343084
3343120
3343149
3343179
3343208
3343235
3343265
3343293
3343321
3343351
3343387
3343415
3343449
3343492
3343527
3343561
3343595
3343625
3343654
3343688
3343721
3343757
3343784
3343810
3343838
3343864
3343893
3343924
3343951
3343979
3344011
3344037
3344066
3344095
3344123
3344153
3344179
3344206
3344235
3344262
3344288
3344333
3344379
3344409
3344441
3344468
3344494
3344520
3344550
3344578
3344607
3344635
3344668
3344703
3344739
3344770
3344800
3344830
3344857
3344887
3344916
3344948
3344981
3345029
3345066
3345094
3345127
3345155
3345185
3345217
3345246
3345276
3345310
3345340
3345372
3345407
3345443
3345474
3345512
3345543
3345573
3345603
3345634
3345660
3345695
3345734
3345765
3345791
3345821
3345849
3345876
3345903
3345931
3345965
3345991
3346019
3346048
3346074
3346101
3346127
3346154
3346181
3346210
3346239
3346267
3346295
3346322
3346350
3346384
3346419
3346461
3346503
3346541
3346568
3346596
3346624
3346657
3346690
3346716
3346749
3346781
3346818
3346855
3346893
3346926
3346954
3346988
3347015
3347046
3347083
3347121
3347152
3347178
3347207
3347233
3347274
3347307
3347345
3347382
3347413
3347447
3347481
3347509
3347540
3347571
3347604
3347636
3347673
3347702
3347738
3347774
3347805
3347834
3347881
3347913
3347948
3347992
3348091
3348134
3348181
3348222
3348263
3348554
3348656
3348954
3350861
3351794
3351833
3351876
3351910
3351940
3351970
3352009
3352041
3352067
3352095
3352123
3352156
3352204
3352263
3352306
3352348
3352395
3352451
3352507
3352549
3352589
3352615
3352642
3352671
3352697
3352725
3352752
3352778
3352808
3352835
3352862
3352889
3352916
3352944
3352971
3352999
3353026
3353054
3353081
3353108
3353136
3353163
3353193
3353221
3353251
3353282
3353309
3353338
3353366
3353396
3353425
3353453
3353480
3353507
3353535
3353566
3353595
3353622
3353650
3353678
3353706
3353734
3353760
3353786
3353815
3353842
3353868
3353897
3353925
3353955
3353983
3354009
3354037
3354063
3354089
3354118
3354151
3354183
3354219
3354247
3354277
3354312
3354345
3354373
3354407
3354440
3354470
3354499
3354529
3354588
3354621
3354647
3354676
3354702
3354729
3354758
3354784
3354811
3354841
3354868
3354895
3354926
3354953
3354996
3355038
3355092
3355150
3355263
3355326
3356330
3356492
3356592
3356698
3356821
3356922
3357046
3357165
3357278
3357564
3357681
3357787
3357915
3358023
3358132
3358352
3358461
3358531
3358583
3358628
3358680
3358730
3358780
3358826
3358862
3358913
3358961
3359012
3359052
3359083
3359110
3359140
3359168
3359195
3359221
3359250
3359282
3359310
3359337
3359380
3359409
3359437
3359466
3359493
3359533
3359571
3359597
3359635
3359664
3359692
3359724
3359752
3359789
3359822
3359861
3359900
3359942
3359984
3360029
3360078
3360123
3360163
3360203
3360248
3360287
3360337
3360382
3360422
3360462
3360504
3360544
3360582
3360621
3360662
3360706
3360745
3360787
3360827
3360866
3360905
3360944
3360988
3361033
3361080
3361129
3361173
3361217
3361256
3361299
3361346
3361388
3361430
3361498
3361542
3361582
3361648
3361707
3361783
3361862
3361948
3362041
3362124
3362189
3362229
3362277
3362318
3362407
3362485
3362567
3362652
3362735
3362815
3362894
3362938
3362992
3363046
3363119
3363150
3363185
3363216
3363260
3363304
3363347
3363389
3363423
3363460
3363519
3363562
3363603
3363646
3363694
3363733
3363772
3363814
3363855
3363899
3363946
3364001
3364045
3364091
3364131
3364172
3364209
3364247
3364293
3364336
3364378
3364413
3364451
3364484
3364523
3364563
3364603
3364637
3364671
3364705
3364738
3364772
3364813
3364850
3364888
3364921
3364954
3364989
3365024
3365058
3365093
3365127
3365159
3365193
3365225
3365264
3365304
3365347
3365394
3365439
3365485
3365523
3365563
3365597
3365632
3365664
3365701
3365746
3365788
3365830
3365870
3365905
3365940
3365973
3366008
3366044
3366080
3366114
3366148
3366187
3366240
3366284
3366325
3366365
3366400
3366434
3366468
3366504
3366541
3366575
3366614
3366647
3366680
3366714
3366753
3366789
3366822
3366854
3366889
3366924
3366960
3366992
3367025
3367058
3367100
3367137
3367170
3367204
3367241
3367278
3367318
3367363
3367407
3367442
3367478
3367512
3367547
3367595
3367652
3367686
3367746
3367792
3367841
3367893
3367954
3368003
3368046
3368102
3368175
3368254
3368306
3368350
3368389
3368431
3368469
3368533
3368582
3368645
3368698
3368752
3368821
3368904
3373638
3373690
3373726
3373768
3373808
3373842
3373880
3373915
3373951
3373994
3374035
3374087
3374134
3374179
3374249
3374300
3374343
3374390
3374429
3374472
3374509
3374549
3374585
3374621
3374655
3374694
3374730
3374766
3374806
3374850
3374882
3374919
3374950
3374982
3375017
3375053
3375084
3375122
3375156
3375182
3375212
3375246
3375276
3375315
3375348
3375383
3375417
3375449
3375478
3375507
3375539
3375575
3375606
3375646
3375680
3375718
3375759
3375801
3375850
3375900
3375951
3375994
3376038
3376093
3376139
3376179
3376228
3376269
3376312
3376348
3376382
3376420
3376456
3376491
3376531
3376570
3376607
3376643
3376682
3376721
3376767
3376804
3376847
3376892
3376936
3376988
3377035
3377102
3377147
3377188
3377247
3377294
3377333
3377373
3377418
3377468
3377505
3377544
3377581
3377615
3377650
3377686
3377722
3377758
3377793
3377831
3377869
3377904
3377942
3377978
3378013
3378056
3378093
3378132
3378175
3378209
3378245
3378280
3378316
3378357
3378397
3378432
3378470
3378505
3378541
3378579
3378615
3378651
3378693
3378729
3378769
3378809
3378843
3378884
3378928
3378968
3379039
3379074
3379111
3379146
3379194
3379230
3379266
3379304
3379341
3379376
3379413
3379459
3379503
3379543
3379598
3379649
3379696
3379749
3379806
3379874
3379931
3380012
3380123
3380296
3380416
3380533
3380646
3380758
3380877
3381002
3381070
3381124
3381178
3381241
3381296
3381375
3381447
3381526
3381633
3381713
3381796
3381908
3381971
3382027
3382129
3382256
3382373
3382479
3382594
3382705
3382817
3382920
3382984
3383108
3383240
3383352
3383438
3383518
3383591
3383693
3383780
3383842
3383901
3383957
3384018
3384083
3384139
3384192
3384250
3384309
3384365
3384424
3384483
3384559
3384599
3384661
3384724
3384810
3384858
3384902
3384954
3384999
3385043
3385083
3385131
3385176
3385218
3385266
3385317
3385359
3385407
3385460
3385518
3385569
3385608
3385646
3385682
3385717
3385754
3385792
3385838
3385882
3385914
3385943
3385976
3386014
3386044
3386091
3386131
3386168
3386210
3386241
3386270
3386299
3386330
3386366
3386405
3386447
3386483
3386516
3386551
3386587
3386622
3386652
3386678
3386705
3386734
3386763
3386797
3386830
3386875
3386919
3386963
3387016
3387056
3387092
3387130
3387173
3387217
3387253
3387299
3387343
3387388
3387439
3387480
3387517
3387553
3387593
3387637
3387672
3387709
3387746
3387781
3387817
3387853
3387892
3387928
3387963
3387998
3388036
3388071
3388116
3388154
3388192
3388228
3388267
3388311
3388367
3388404
3388441
3388476
3388511
3388546
3388582
3388618
3388662
3388718
3388771
3388812
3388849
3388888
3388927
3388967
3389009
3389045
3389082
3389116
3389161
3389199
3389239
3389279
3389315
3389354
3389390
3389425
3389464
3389502
3389547
3389597
3389638
3389676
3389710
3389745
3389782
3389820
3389854
3389891
3389930
3389971
3390019
3390066
3390127
3390192
3390253
3390307
3390380
3390472
3390578
3390669
3390775
3390877
3390974
3391045
3391214
3391324
3391425
3395227
3395277
3395319
3395359
3395394
3395430
3395470
3395506
3395549
3395587
3395623
3395660
3395702
3395754
3395790
3395826
3395863
3395898
3395938
3395976
3396012
3396050
3396091
3396129
3396167
3396213
3396262
3396297
3396337
3396373
3396413
3396452
3396489
3396520
3396547
3396574
3396602
3396629
3396656
3396685
3396712
3396738
3396764
3396794
3396822
3396849
3396878
3396905
3396931
3396960
3396990
3397023
3397061
3397098
3397153
3397206
3397244
3397276
3397313
3397349
3397380
3397422
3397468
3397519
3397568
3397611
3397659
3397703
3397749
3397802
3397848
3397903
3397966
3398034
3398101
3398148
3398196
3398241
3398286
3398339
3398383
3398432
3398480
3398527
3398595
3398667
3398733
3398864
3398965
3399052
3399114
3399176
3399235
3399305
3399355
3399411
3399462
3399536
3399611
3399685
3399759
3399834
3399918
3399991
3400049
3400126
3400199
3400252
3400302
3400347
3400398
3400455
3400512
3400576
3400653
3400723
3400790
3400855
3400921
3400978
3401022
3401066
3401120
3401166
3401220
3401270
3401318
3401386
3401469
3401554
3401632
3401708
3401842
3401986
2979113
2979147
2979173
2979201
2979227
2979256
2979287
2979314
2979657
2979691
2979726
2979753
2979779
2979806
2979850
2979881
3034962
3034991
3035017
3035045
3035072
3035125
3035154
3035184
3035211
3035240
3035272
3035356
3035695
3035727
3035753
3035780
3035809
3035836
3035865
3035892
3035920
3035947
3035973
3036001
3036063
3036091
3036117
3036149
3036177
3036204
3036232
3036274
3036306
3036335
3036362
3036390
3036442
3036470
3036505
3037693
3037876
3037906
3037943
3038048
3038138
3038166
3038197
3038228
3038257
3038283
3038317
3038348
3038376
3038405
3038434
3038465
3038493
3038521
3038550
3038578
3038605
3038631
3038657
3038686
3038713
3038742
3038774
3038801
3038827
3038855
3038881
3038908
3038934
3038961
3038987
3039016
3039046
3039073
3039100
3039128
3039155
3039181
3039210
3040353
3040380
3040406
3040432
3040466
3040495
3040523
3040554
3040580
3040609
3040636
3040664
3040695
3040721
3040749
3040788
3040820
3040849
3040876
3040904
3040932
3040958
3040986
3041012
3041040
3041067
3041094
3041120
3041147
3041173
3041201
3041229
3041256
3041285
3041322
3041349
3041382
3041422
3041451
3041479
3041508
3041551
3041577
3041606
3041641
3041671
3041702
3041728
3041757
3041783
3041818
3041934
3041975
3043081
3043113
3043188
3043217
3043274
3043301
3043334
3043362
3043388
3043416
3043445
3043472
3043498
3043528
3043557
3043586
3043614
3043641
3043668
3043695
3043721
3043751
3043777
3043803
3043829
3043856
3043890
3043916
3043943
3043971
3044001
3044031
3044062
3044089
3044115
3044143
