2979115
2979137
2979152
2979164
2979174
2979186
2979198
2979212
2979238
2979248
2979252
2979289
2979290
2979296
2979648
2979678
2979679
2979681
2979682
2979684
2979690
2979703
2979712
2979734
2979762
2979779
2979783
2979835
2979858
2979862
2979878
3034949
3034956
3034962
3034968
3034992
3035008
3035017
3035039
3035042
3035048
3035071
3035073
3035120
3035126
3035131
3035142
3035147
3035162
3035178
3035184
3035185
3035192
3035195
3035207
3035217
3035240
3035251
3035252
3035264
3035273
3035283
3035286
3035347
3035373
3035695
3035710
3035713
3035722
3035734
3035765
3035772
3035783
3035786
3035824
3035833
3035839
3035860
3035868
3035872
3035908
3035912
3035919
3035929
3035931
3035949
3035951
3035966
3035976
3035983
3035998
3035999
3036051
3036058
3036070
3036089
3036091
3036102
3036130
3036145
3036146
3036166
3036180
3036205
3036207
3036218
3036238
3036263
3036264
3036268
3036271
3036319
3036332
3036350
3036354
3036375
3036440
3036457
3036483
3036484
3036489
3037630
3037755
3037756
3037894
3037906
3037941
3037948
3038046
3038136
3038139
3038148
3038156
3038167
3038173
3038174
3038195
3038206
3038214
3038215
3038238
3038239
3038248
3038252
3038269
3038274
3038278
3038357
3038363
3038364
3038393
3038398
3038403
3038411
3038414
3038415
3038416
3038427
3038438
3038460
3038498
3038522
3038535
3038537
3038547
3038558
3038565
3038592
3038598
3038611
3038621
3038622
3038631
3038632
3038634
3038635
3038640
3038648
3038669
3038684
3038690
3038704
3038737
3038743
3038744
3038754
3038775
3038785
3038788
3038797
3038801
3038820
3038821
3038862
3038887
3038894
3038899
3038902
3038924
3038926
3038949
3038952
3038966
3039003
3039043
3039044
3039048
3039060
3039061
3039072
3039076
3039083
3039091
3039095
3039122
3039142
3039165
3039188
3039194
3039197
3039200
3040361
3040367
3040372
3040375
3040384
3040385
3040392
3040399
3040403
3040420
3040426
3040428
3040470
3040509
3040510
3040541
3040592
3040602
3040638
3040660
3040681
3040682
3040700
3040722
3040725
3040726
3040728
3040806
3040809
3040810
3040821
3040835
3040846
3040860
3040884
3040895
3040899
3040920
3040924
3040929
3040932
3040969
3040979
3040993
3041000
3041008
3041009
3041036
3041037
3041043
3041062
3041072
3041089
3041111
3041118
3041167
3041190
3041206
3041211
3041219
3041234
3041237
3041242
3041250
3041270
3041272
3041275
3041289
3041330
3041340
3041356
3041378
3041379
3041390
3041451
3041453
3041455
3041461
3041490
3041494
3041503
3041547
3041550
3041560
3041565
3041596
3041601
3041612
3041647
3041660
3041672
3041679
3041692
3041709
3041711
3041724
3041727
3041729
3041731
3041738
3041745
3041749
3041785
3041811
3041955
3043081
3043087
3043096
3043102
3043107
3043110
3043149
3043155
3043194
3043198
3043230
3043232
3043236
3043288
3043320
3043332
3043347
3043348
3043350
3043352
3043363
3043385
3043392
3043408
3043445
3043456
3043466
3043469
3043472
3043484
3043496
3043537
3043553
3043560
3043562
3043597
3043600
3043648
3043653
3043657
3043663
3043685
3043698
3043716
3043728
3043734
3043743
3043787
3043788
3043797
3043815
3043830
3043835
3043868
3043888
3043921
3043942
3043954
3043974
3043976
3043990
3044011
3044042
3044047
3044055
3044075
3044088
3044115
3044126
3044136
3044147
3044164
3044184
3044186
3044191
3044196
3044212
3044220
3044237
3044256
3044378
3044379
3044398
3044401
3044454
3044489
3044508
3044590
3044591
3044642
3044648
3044674
3045691
3045695
3045712
3045716
3045718
3045727
3045743
3045763
3045774
3045775
3045776
3045781
3045788
3045792
3045806
3045808
3045830
3045832
3045855
3045876
3045884
3045939
3045945
3045951
3045977
3045989
3045991
3045993
3046001
3046012
3046016
3046018
3046046
3046053
3046056
3046061
3046073
3046103
3046111
3046114
3046116
3046139
3046141
3046143
3046171
3046175
3046180
3046186
3046187
3046190
3046194
3046215
3046218
3046219
3046227
3046240
3046246
3046255
3046292
3046299
3046303
3046306
3046337
3046340
3046363
3046382
3046395
3046398
3046402
3046410
3046448
3046492
3046511
3046514
3046515
3046527
3046535
3046544
3046571
3046601
3046629
3046666
3046703
3046706
3046716
3046755
3046768
3046810
3046819
3046823
3046839
3046849
3046880
3046895
3046915
3046916
3046919
3046925
3046929
3046931
3046978
3046996
3047017
3047036
3047042
3047047
3047063
3047075
3047113
3047114
3047124
3047151
3047193
3047198
3047215
3047217
3047249
3047254
3047290
3047305
3047336
3047395
3047428
3048436
3048460
3048468
3048481
3048498
3048500
3048515
3048524
3048529
3048545
3048546
3048589
3048613
3048674
3048681
3048686
3048703
3048705
3048728
3048729
3048749
3048760
3048831
3048833
3048860
3048880
3048886
3048888
3048908
3048925
3048968
3048969
3048971
3048981
3048994
3049035
3049044
3049057
3049062
3049078
3049083
3049086
3049089
3049115
3049163
3049180
3049186
3049210
3049223
3049225
3049233
3049270
3049281
3049285
3049307
3049319
3049332
3049343
3049345
3049352
3049378
3049386
3049388
3049398
3049402
3049410
3049416
3049420
3049437
3049458
3049463
3049465
3049481
3049495
3049504
3049506
3049515
3049516
3049528
3049539
3049547
3049563
3049573
3049617
3049622
3049640
3049644
3049657
3049691
3049761
3049766
3049767
3049780
3049824
3049835
3049872
3049882
3049883
3049897
3049972
3049991
3051125
3051153
3051166
3051167
3051222
3051256
3051291
3051307
3051396
3051407
3051410
3051416
3051451
3051506
3051514
3051538
3051546
3051561
3051582
3051590
3051592
3051596
3051602
3051649
3051665
3051700
3051702
3051705
3051714
3051725
3051730
3051737
3051821
3051822
3051823
3051834
3051838
3051843
3051849
3051863
3051874
3051875
3051877
3051925
3051926
3051927
3051928
3051937
3051943
3051944
3051952
3051961
3051982
3052009
3052014
3052053
3052075
3052091
3052120
3052134
3052135
3052153
3052155
3052162
3052182
3052207
3052215
3052238
3052251
3052269
3052273
3052274
3052279
3052286
3052295
3052305
3052306
3052307
3052312
3052320
3052371
3052381
3052388
3052400
3052422
3052435
3052452
3052468
3052502
3052513
3052553
3052561
3052567
3052568
3052600
3052608
3052610
3052617
3052634
3052643
3052654
3052658
3052668
3052672
3052679
3052684
3052690
3052713
3052715
3052722
3052740
3052781
3052796
3052815
3052818
3052869
3052896
3052901
3052904
3052908
3052918
3052944
3052950
3052955
3052961
3052963
3052970
3052972
3052976
3052996
3052999
3053000
3053029
3053037
3053038
3053042
3053076
3053092
3053100
3053122
3053131
3053186
3053212
3053216
3053241
3053271
3053275
3053297
3053302
3053305
3053321
3053325
3053337
3053377
3054444
3054454
3054455
3054492
3054504
3054552
3054557
3054569
3054570
3054573
3054619
3054629
3054656
3054662
3054674
3054691
3054729
3054737
3054759
3054767
3054773
3054795
3054812
3054852
3054875
3054876
3054894
3054907
3054909
3054986
3055019
3055050
3055059
3055062
3055068
3055080
3055124
3055323
3055326
3055349
3055385
3055413
3055416
3055425
3055472
3055474
3055644
3055656
3055783
3055842
3055883
3055905
3055930
3055936
3055941
3055945
3055949
3055957
3055961
3055966
3055969
3055987
3055992
3056010
3056030
3056093
3056126
3056127
3056590
3056597
3056607
3056611
3056621
3056622
3056629
3056644
3056655
3056659
3056665
3056673
3056679
3056696
3056751
3056762
3056778
3056831
3056844
3056884
3056899
3056919
3056922
3056941
3056953
3056959
3056971
3056973
3056993
3057001
3057020
3057025
3057032
3057044
3057070
3057090
3057098
3057103
3057109
3057114
3057123
3057131
3057189
3057197
3057213
3057240
3057244
3057247
3057262
3057283
3057311
3057316
3057318
3057327
3057332
3057348
3057353
3057370
3057391
3057399
3057401
3057409
3057426
3057452
3057457
3057460
3057466
3057478
3057500
3057511
3057514
3057535
3057560
3057562
3057625
3057650
3057658
3057818
3058718
3058730
3058736
3058744
3058772
3058822
3058826
3058863
3058872
3058880
3058884
3058981
3059086
3059273
3059402
3059480
3059483
3059484
3059487
3059507
3059510
3059515
3059548
3059549
3059562
3059564
3059565
3059570
3059593
3059595
3059603
3059612
3059616
3059640
3059642
3059643
3059653
3059655
3059671
3059688
3059709
3059729
3059768
3059784
3059807
3059808
3059814
3059848
3059869
3059884
3059885
3059888
3059903
3059955
3059970
3059971
3059980
3059986
3059995
3060006
3060021
3060043
3060129
3060173
3060193
3060207
3060209
3060214
3060220
3060243
3060283
3060291
3060294
3060297
3060301
3060329
3060336
3060338
3060389
3060404
3061420
3061486
3061490
3061515
3061543
3061544
3061562
3061610
3061619
3061624
3061650
3061678
3061682
3061734
3061735
3061748
3061758
3061762
3061777
3061785
3061802
3061806
3061812
3061815
3061875
3061918
3061919
3061929
3061946
3061948
3061949
3061954
3061958
3061961
3061989
3062012
3062026
3062029
3062042
3062044
3062052
3062066
3062084
3062089
3062093
3062097
3062133
3062143
3062163
3062164
3062165
3062166
3062182
3062183
3062185
3062186
3062196
3062208
3062260
3062268
3062277
3062280
3062296
3062306
3062316
3062331
3062332
3062351
3062362
3062402
3062409
3062411
3062414
3062433
3062437
3062439
3062441
3062445
3062452
3062454
3062474
3062518
3062530
3062580
3062586
3062590
3062595
3062600
3062602
3062617
3062620
3062624
3062639
3062662
3062689
3062691
3062694
3062709
3062712
3062732
3062739
3062748
3062783
3062811
3062814
3062842
3062843
3062845
3062869
3062885
3062911
3062945
3062955
3062958
3062979
3063008
3063009
3063010
3063017
3063026
3063075
3063079
3063083
3063115
3063121
3063210
3064085
3064177
3064196
3064205
3064208
3064249
3064250
3064291
3064294
3064320
3064321
3064354
3064357
3064372
3064375
3064385
3064386
3064392
3064448
3064452
3064474
3064490
3064508
3064514
3064543
3064545
3064547
3064552
3064561
3064569
3064572
3064581
3064600
3064606
3064615
3064625
3064639
3064679
3064683
3064695
3064725
3064758
3064759
3064786
3064815
3064816
3064834
3064847
3064858
3064867
3064871
3064875
3064932
3064974
3064988
3064991
3065014
3065020
3065024
3065035
3065046
3065049
3065053
3065063
3065066
3065084
3065107
3065322
3065358
3065373
3065375
3065408
3065421
3065436
3065450
3065469
3065477
3065480
3065485
3065488
3065517
3065536
3065545
3065568
3065577
3065580
3065598
3065606
3066802
3066803
3066804
3066811
3066818
3066882
3066909
3066911
3066918
3066919
3066928
3066931
3066971
3066972
3066975
3066976
3066978
3066985
3067002
3067006
3067008
3067030
3067058
3067102
3067124
3067137
3067143
3067144
3067155
3067174
3067194
3067204
3067229
3067238
3067244
3067275
3067277
3067281
3067335
3067339
3067341
3067350
3067365
3067383
3067416
3067425
3067449
3067464
3067465
3067467
3067481
3067504
3067517
3067530
3067628
3067640
3067646
3067649
3067651
3067685
3067702
3067703
3067704
3067705
3067719
3067751
3067753
3067760
3067766
3067828
3067833
3067842
3067871
3067879
3067881
3067908
3067959
3067967
3067977
3067986
3067997
3068018
3068036
3068049
3068056
3068077
3068151
3068156
3068160
3068163
3068170
3068171
3068200
3068211
3068213
3068247
3068257
3068287
3068305
3068314
3068332
3068341
3068375
3068383
3068428
3068435
3068449
3068454
3068462
3068463
3068494
3068495
3068498
3069507
3069528
3069551
3069628
3069646
3069652
3069661
3069699
3069713
3069767
3069857
3069889
3069903
3069940
3069941
3069953
3069954
3069969
3070050
3070054
3070152
3070164
3070165
3070201
3070213
3070222
3070286
3070344
3070346
3070351
3070369
3070386
3070454
3070495
3070514
3070527
3070548
3070590
3070624
3070827
3070855
3070857
3070884
3070918
3070937
3071021
3071065
3071097
3071100
3071120
3071143
3071148
3071200
3071208
3071221
3071274
3072426
3072462
3072486
3072490
3072496
3072515
3072517
3072518
3072530
3072532
3072539
3072543
3072553
3072604
3072618
3072637
3072653
3072657
3072662
3072675
3072686
3072703
3072718
3072721
3072722
3072724
3072727
3072749
3072763
3072764
3072791
3072803
3072821
3072825
3072842
3072845
3072849
3072856
3072861
3072866
3072868
3072877
3072922
3072935
3072942
3072973
3072986
3073027
3073029
3073047
3073069
3073071
3073078
3073083
3073118
3073119
3073123
3073157
3073162
3073168
3073172
3073179
3073242
3073251
3073256
3073278
3073280
3073281
3073284
3073301
3073335
3073350
3073353
3073362
3073363
3073370
3073377
3073380
3073383
3073390
3073391
3073392
3073399
3073425
3073432
3073433
3073485
3073513
3073515
3073544
3073546
3073566
3073584
3073588
3073599
3073614
3073616
3073634
3073677
3073681
3073682
3073698
3073707
3073763
3073766
3073788
3073801
3073813
3073814
3073833
3073858
3073889
3073909
3073929
3073931
3073937
3073940
3073941
3073961
3074928
3074969
3074984
3075001
3075022
3075036
3075057
3075061
3075068
3075085
3075094
3075102
3075133
3075135
3075138
3075148
3075156
3075165
3075187
3075189
3075201
3075233
3075235
3075239
3075248
3075259
3075282
3075284
3075290
3075310
3075311
3075320
3075359
3075360
3075364
3075368
3075372
3075373
3075382
3075404
3075413
3075414
3075435
3075458
3075463
3075483
3075485
3075514
3075541
3075544
3075582
3075583
3075606
3075626
3075629
3075634
3075642
3075647
3075653
3075686
3075689
3075692
3075721
3075723
3075741
3075748
3075757
3075769
3075772
3075787
3075791
3075802
3075803
3075838
3075869
3075880
3075882
3075885
3075887
3075923
3075928
3075933
3075947
3075952
3075968
3075970
3075995
3076025
3076032
3076034
3076045
3076051
3076053
3076055
3076058
3076064
3076081
3076082
3076084
3076120
3076139
3076159
3076177
3076178
3076182
3076264
3076267
3076274
3076287
3076303
3076322
3076325
3076339
3076345
3076374
3076385
3076476
3076494
3077700
3077705
3077712
3077751
3077754
3077779
3077782
3077793
3077800
3077814
3077832
3077846
3077860
3077864
3077884
3077894
3077907
3077914
3077916
3077920
3077924
3077957
3077977
3077980
3078047
3078057
3078085
3078109
3078111
3078125
3078143
3078169
3078170
3078224
3078228
3078274
3078292
3078307
3078308
3078310
3078320
3078333
3078359
3078368
3078375
3078391
3078399
3078414
3078416
3078417
3078419
3078450
3078453
3078465
3078469
3078483
3078490
3078495
3078516
3078533
3078548
3078572
3078631
3078670
3078686
3078694
3078695
3078719
3078724
3078740
3078754
3078765
3078767
3078773
3078778
3078780
3078797
3078802
3078817
3078835
3078887
3078916
3078936
3078947
3078972
3078977
3078980
3079006
3079009
3079057
3079064
3079065
3079073
3079074
3079077
3079093
3079094
3079104
3079139
3079151
3079171
3079181
3079187
3079189
3079211
3079225
3079231
3079257
3079261
3079269
3079371
3080421
3080427
3080453
3080538
3080553
3080586
3080614
3080619
3080632
3080648
3080650
3080667
3080676
3080700
3080701
3080703
3080777
3080781
3080791
3080800
3080827
3080831
3080854
3080859
3080876
3080881
3080891
3080895
3080899
3080907
3080920
3080922
3080932
3080956
3080958
3080972
3080981
3080992
3080999
3081003
3081011
3081052
3081065
3081072
3081076
3081086
3081097
3081106
3081108
3081140
3081142
3081155
3081169
3081175
3081176
3081182
3081197
3081223
3081225
3081258
3081259
3081261
3081277
3081281
3081319
3081347
3081357
3081363
3081393
3081404
3081421
3081441
3081442
3081481
3081515
3081517
3081518
3081531
3081548
3081550
3081564
3081567
3081571
3081579
3081580
3081581
3081588
3081604
3081612
3081624
3081642
3081648
3081665
3081668
3081684
3081688
3081708
3081718
3081725
3081742
3081750
3081779
3081788
3081790
3081810
3081852
3081853
3081859
3081863
3081890
3081905
3081937
3081946
3081952
3081958
3081965
3081969
3081970
3081998
3082012
3082032
3082033
3082068
3082097
3082121
3082123
3082234
3082466
3083131
3083172
3083188
3083206
3083208
3083209
3083213
3083233
3083234
3083236
3083261
3083264
3083294
3083297
3083299
3083311
3083313
3083314
3083328
3083329
3083361
3083377
3083380
3083384
3083400
3083401
3083406
3083420
3083429
3083430
3083462
3083485
3083490
3083501
3083507
3083508
3083519
3083536
3083573
3083614
3083621
3083690
3083698
3083700
3083709
3083753
3083762
3083778
3083781
3083851
3083862
3083870
3083877
3083917
3083918
3083920
3083986
3083987
3083993
3084006
3084012
3084013
3084017
3084027
3084068
3084069
3084090
3084110
3084123
3084124
3084216
3084222
3084224
3084226
3084231
3084243
3084247
3084277
3084278
3084297
3084300
3084303
3084322
3084338
3084350
3084372
3084391
3084414
3084420
3084421
3084432
3084438
3084469
3084477
3084503
3084516
3084566
3084602
3084622
3084634
3084666
3084694
3084725
3084740
3084747
3084785
3084789
3084799
3084804
3085790
3085843
3085844
3085868
3085901
3085908
3085948
3086008
3086029
3086030
3086074
3086086
3086095
3086099
3086102
3086106
3086114
3086119
3086139
3086158
3086160
3086163
3086173
3086174
3086183
3086187
3086202
3086215
3086224
3086228
3086229
3086255
3086284
3086299
3086304
3086308
3086316
3086326
3086332
3086355
3086357
3086364
3086373
3086402
3086461
3086468
3086483
3086508
3086515
3086519
3086540
3086583
3086588
3086623
3086628
3086634
3086684
3086689
3086739
3086744
3086748
3086763
3086790
3086810
3086813
3086824
3086862
3086868
3086876
3086877
3086910
3086919
3086934
3086950
3086952
3086978
3086979
3086981
3087027
3087066
3087083
3087084
3087095
3087211
3087263
3087276
3087283
3087327
3087342
3087369
3087391
3087434
3087446
3088483
3088529
3088534
3088544
3088545
3088567
3088582
3088594
3088596
3088598
3088600
3088604
3088625
3088644
3088651
3088661
3088663
3088666
3088668
3088675
3088683
3088711
3088752
3088781
3088784
3088797
3088822
3088835
3088846
3088867
3088874
3088886
3088894
3088907
3088915
3088927
3088959
3088985
3088999
3089007
3089049
3089081
3089083
3089096
3089143
3089162
3089170
3089186
3089197
3089223
3089244
3089245
3089246
3089251
3089283
3089286
3089295
3089303
3089321
3089322
3089341
3089346
3089353
3089436
3089452
3089455
3089457
3089496
3089539
3089546
3089558
3089579
3089586
3089613
3089614
3089636
3089647
3089700
3089716
3089723
3089741
3089780
3089782
3089791
3089798
3089844
3089862
3089865
3089869
3089891
3089931
3089939
3089950
3089975
3089986
3090002
3090003
3090006
3090011
3090013
3090019
3090020
3090023
3090024
3090060
3090062
3090071
3090072
3090077
3090117
3090118
3090120
3090123
3090159
3090165
3090167
3091242
3091250
3091290
3091297
3091307
3091325
3091349
3091373
3091380
3091398
3091401
3091402
3091441
3091447
3091489
3091490
3091502
3091503
3091517
3091544
3091562
3091590
3091598
3091615
3091622
3091641
3091653
3091686
3091700
3091701
3091708
3091735
3091774
3091794
3091806
3091842
3091848
3091857
3091870
3091882
3091891
3091896
3091904
3091929
3091932
3091940
3091964
3091965
3092041
3092050
3092066
3092080
3092093
3092110
3092123
3092134
3092154
3092182
3092185
3092201
3092213
3092244
3092269
3092273
3092285
3092291
3092294
3092306
3092308
3092329
3092332
3092347
3092354
3092383
3092388
3092389
3092400
3092402
3092408
3092425
3092436
3092450
3092452
3092454
3092479
3092486
3092488
3092489
3092521
3092525
3092538
3092540
3092551
3092560
3092561
3092565
3092589
3092623
3092638
3092643
3092647
3092648
3092650
3092675
3092683
3092691
3092699
3092711
3092712
3092753
3092766
3092780
3092783
3092801
3092806
3092811
3092817
3092826
3092845
3092847
3092885
3092887
3092897
3092932
3093929
3093945
3093959
3094210
3094228
3094247
3094263
3094269
3094276
3094304
3094341
3094349
3094368
3094374
3094389
3094468
3094479
3094494
3094513
3094515
3094543
3094564
3094565
3094576
3094593
3094653
3094655
3094665
3094681
3094701
3094703
3094715
3094723
3094728
3094744
3094752
3094809
3094826
3094831
3094850
3094853
3094907
3094947
3094955
3094959
3095032
3095041
3095057
3095059
3095061
3095070
3095078
3095098
3095124
3095180
3095188
3095235
3095243
3095261
3095274
3095292
3095298
3095307
3095310
3095324
3095328
3095332
3095337
3095353
3095362
3095366
3095387
3095400
3095429
3095438
3095447
3095448
3095451
3095471
3095479
3095491
3095583
3096728
3096741
3096774
3096776
3096778
3096797
3096837
3096847
3096848
3096861
3096875
3096884
3096901
3096919
3096923
3096924
3096926
3096939
3096951
3096961
3097022
3097028
3097039
3097046
3097047
3097059
3097083
3097101
3097103
3097137
3097159
3097161
3097167
3097206
3097208
3097243
3097245
3097247
3097257
3097270
3097328
3097344
3097346
3097351
3097354
3097368
3097376
3097384
3097395
3097406
3097423
3097427
3097428
3097430
3097443
3097456
3097458
3097464
3097482
3097496
3097501
3097510
3097516
3097523
3097558
3097573
3097629
3097632
3097646
3097669
3097692
3097696
3097697
3097720
3097721
3097759
3097761
3097770
3097806
3097812
3097817
3097835
3097868
3097882
3097902
3097903
3097904
3097920
3097940
3097968
3097990
3097994
3098006
3098014
3098076
3098083
3098108
3098109
3098159
3098166
3098175
3098176
3098192
3098226
3098227
3098233
3098254
3098261
3098263
3098269
3098271
3098273
3098283
3098304
3098305
3098343
3098405
3098407
3099348
3099362
3099364
3099367
3099371
3099405
3099410
3099424
3099448
3099501
3099552
3099558
3099561
3099647
3099661
3099684
3099706
3099717
3099775
3099777
3099782
3099809
3099810
3099813
3099828
3099923
3099929
3099946
3099947
3099948
3099992
3100016
3100052
3100065
3100084
3100130
3100142
3100155
3100166
3100170
3100194
3100198
3100200
3100204
3100223
3100256
3100280
3100289
3100320
3100364
3100386
3100387
3100422
3100425
3100429
3100436
3100442
3100460
3100558
3100567
3100576
3100578
3100632
3100641
3100644
3100654
3100656
3100666
3100703
3100708
3100709
3100715
3100739
3100750
3100769
3100781
3100790
3100810
3100814
3100819
3100846
3100851
3100886
3100887
3100895
3101012
3101033
3101043
3101045
3101070
3101072
3102077
3102115
3102118
3102133
3102148
3102172
3102175
3102184
3102186
3102198
3102206
3102212
3102234
3102246
3102259
3102288
3102291
3102293
3102297
3102300
3102313
3102331
3102337
3102338
3102360
3102384
3102400
3102444
3102454
3102463
3102480
3102484
3102524
3102543
3102566
3102573
3102592
3102607
3102647
3102661
3102665
3102670
3102682
3102695
3102715
3102719
3102722
3102723
3102740
3102764
3102765
3102766
3102825
3102827
3102861
3102871
3102900
3102924
3102942
3102957
3102978
3102993
3102996
3102999
3103015
3103019
3103021
3103030
3103033
3103080
3103116
3103155
3103170
3103191
3103229
3103239
3103254
3103333
3103338
3103349
3103377
3103388
3103394
3103395
3103432
3103452
3103491
3103519
3103533
3103551
3103616
3103621
3103685
3103692
3103698
3104745
3104750
3104761
3104775
3104789
3104790
3104842
3104845
3104862
3104863
3104901
3104915
3104926
3104936
3104951
3104957
3104966
3104975
3104977
3104990
3104998
3105002
3105004
3105014
3105015
3105053
3105086
3105103
3105118
3105137
3105148
3105165
3105172
3105196
3105226
3105240
3105260
3105263
3105315
3105320
3105345
3105351
3105357
3105493
3105496
3105526
3105532
3105552
3105573
3105597
3105614
3105618
3105624
3105627
3105630
3105633
3105639
3105646
3105651
3105668
3105679
3105691
3105695
3105701
3105706
3105781
3105820
3105823
3105824
3105834
3105838
3105839
3105873
3105879
3105883
3105894
3105912
3105917
3105952
3105958
3105970
3105973
3105974
3105987
3105988
3105993
3106002
3106005
3106028
3106032
3106081
3106112
3106116
3106138
3106145
3106169
3106201
3106202
3106203
3106209
3106213
3106216
3106227
3106251
3106263
3106299
3106315
3106332
3106334
3106359
3106363
3106393
3107198
3107212
3107213
3107222
3107236
3107250
3107357
3107393
3107412
3107418
3107448
3107464
3107470
3107481
3107509
3107514
3107525
3107527
3107530
3107544
3107559
3107560
3107562
3107586
3107621
3107671
3107684
3107685
3107698
3107710
3107715
3107728
3107733
3107741
3107755
3107776
3107785
3107853
3107867
3107869
3107870
3107887
3107948
3107986
3108014
3108077
3108078
3108517
3108524
3108526
3108534
3108564
3108570
3108571
3108580
3108587
3108598
3108619
3108640
3108670
3108682
3108689
3108714
3108729
3108742
3108925
3108939
3108974
3108993
3109003
3109004
3109016
3109042
3109056
3109080
3109115
3109132
3109138
3109286
3109291
3109457
3109462
3109472
3110523
3110554
3110593
3110619
3110710
3110711
3110780
3110789
3110808
3110832
3110834
3110841
3110847
3110852
3110853
3110854
3110864
3110883
3110891
3110934
3110945
3110971
3110972
3110982
3110992
3111010
3111024
3111026
3111034
3111061
3111069
3111075
3111083
3111095
3111113
3111124
3111128
3111135
3111145
3111191
3111209
3111239
3111240
3111247
3111257
3111265
3111279
3111296
3111299
3111301
3111365
3111378
3111409
3111413
3111415
3111424
3111440
3111447
3111449
3111453
3111454
3111455
3111479
3111483
3111489
3111515
3111522
3111559
3111564
3111572
3111574
3111578
3111631
3111643
3111657
3111661
3111666
3111671
3111688
3111699
3111723
3111757
3111760
3111790
3111792
3111807
3111809
3111830
3111836
3111858
3111868
3111887
3111900
3111911
3111920
3111922
3111946
3111954
3111973
3111990
3112002
3112005
3112012
3112030
3112031
3112048
3112055
3112066
3112086
3112144
3112146
3112158
3112161
3113195
3113304
3113305
3113307
3113309
3113324
3113349
3113354
3113361
3113374
3113376
3113380
3113382
3113400
3113404
3113405
3113409
3113425
3113431
3113432
3113441
3113449
3113457
3113464
3113478
3113493
3113517
3113528
3113534
3113551
3113556
3113592
3113602
3113608
3113613
3113614
3113648
3113657
3113658
3113659
3113660
3113665
3113672
3113676
3113677
3113688
3113714
3113725
3113753
3113756
3113785
3113798
3113845
3113878
3113884
3113914
3113919
3113920
3113934
3113947
3113956
3113965
3114007
3114012
3114017
3114024
3114031
3114038
3114044
3114127
3114128
3114145
3114155
3114163
3114181
3114192
3114200
3114240
3114282
3114302
3114336
3114373
3114388
3114402
3114437
3114450
3114454
3114464
3114475
3114488
3114498
3114817
3115804
3115812
3115835
3115840
3115845
3115879
3115893
3115942
3115948
3115988
3116108
3116660
3117050
3117052
3117062
3117071
3117083
3117095
3117189
3117193
3117198
3117199
3117222
3117229
3117254
3117264
3117272
3117273
3117304
3117324
3117328
3117349
3117367
3117368
3117407
3117425
3117446
3117454
3117606
3117627
3117644
3117661
3117663
3117670
3117677
3117679
3117684
3117687
3117693
3117701
3117712
3117725
3117730
3117733
3117833
3117835
3117865
3117870
3117873
3117894
3117902
3117915
3117939
3117991
3117993
3118011
3118014
3118029
3118030
3118058
3118069
3118086
3118087
3118107
3118111
3118116
3118125
3118126
3118170
3118175
3118182
3118199
3118211
3118225
3118234
3118235
3118244
3118254
3118260
3118262
3118293
3118298
3118309
3118314
3118316
3118329
3118342
3118362
3118388
3118400
3118419
3118427
3118443
3118449
3118463
3118535
3118536
3118560
3118566
3118571
3118592
3118616
3118647
3119690
3119695
3119701
3119707
3119710
3119722
3119759
3119779
3119780
3119789
3119799
3119800
3119805
3119810
3119812
3119833
3119858
3119866
3119870
3119881
3119900
3119910
3119911
3119913
3119923
3119925
3119931
3119956
3119981
3120008
3120015
3120016
3120038
3120061
3120062
3120073
3120088
3120094
3120097
3120103
3120129
3120147
3120149
3120158
3120164
3120180
3120202
3120206
3120207
3120211
3120227
3120229
3120266
3120275
3120316
3120365
3120380
3120387
3120428
3120438
3120442
3120443
3120453
3120456
3120476
3120487
3120501
3120508
3120525
3120535
3120557
3120728
3120799
3120845
3120871
3120890
3120891
3120897
3120900
3120933
3120954
3120956
3120968
3120973
3120985
3120999
3121044
3121057
3121071
3121086
3121102
3121110
3121127
3121128
3121148
3121151
3121177
3121197
3121202
3121223
3121226
3121263
3121265
3121268
3121310
3121336
3121341
3121811
3121824
3122390
3122395
3122398
3122410
3122432
3122451
3122479
3122494
3122498
3122503
3122522
3122529
3122540
3122543
3122556
3122558
3122560
3122581
3122587
3122598
3122602
3122626
3122630
3122631
3122643
3122647
3122649
3122674
3122675
3122701
3122717
3122730
3122733
3122734
3122741
3122788
3122816
3122824
3122854
3122875
3122879
3122886
3122895
3122903
3122932
3122945
3122954
3122992
3123001
3123008
3123010
3123019
3123030
3123043
3123078
3123081
3123104
3123124
3123127
3123164
3123170
3123187
3123201
3123202
3123208
3123237
3123260
3123267
3123282
3123283
3123284
3123289
3123304
3123347
3123351
3123355
3123379
3123380
3123404
3123405
3123409
3123414
3123415
3123418
3123419
3123430
3123437
3123440
3123448
3123455
3123460
3123483
3123505
3123514
3123519
3123535
3123546
3123560
3123561
3123574
3123586
3123588
3123610
3123620
3123621
3123685
3123697
3123702
3123705
3123709
3123711
3123721
3123725
3123751
3123787
3123793
3123800
3123801
3123844
3123846
3123853
3123863
3123873
3123875
3123920
3123923
3123935
3123942
3123949
3123950
3123961
3123965
3124000
3124037
3124040
3124051
3124062
3124384
3125073
3125097
3125111
3125125
3125132
3125139
3125156
3125160
3125166
3125179
3125214
3125220
3125234
3125236
3125242
3125258
3125259
3125280
3125286
3125294
3125302
3125317
3125321
3125326
3125334
3125358
3125368
3125384
3125445
3125447
3125451
3125463
3125468
3125473
3125482
3125491
3125501
3125510
3125532
3125535
3125540
3125541
3125549
3125553
3125576
3125591
3125594
3125596
3125597
3125605
3125607
3125619
3125620
3125624
3125645
3125655
3125662
3125676
3125694
3125711
3125712
3125716
3125724
3125752
3125757
3125767
3125770
3125780
3125805
3125823
3125833
3125841
3125845
3125895
3125907
3125909
3125910
3125920
3125954
3125958
3125962
3125980
3125985
3126023
3126068
3126100
3126108
3126117
3126123
3126133
3126168
3126169
3126187
3126191
3126205
3126223
3126224
3126239
3126274
3126283
3126289
3126297
3126311
3126320
3126339
3126362
3126365
3126371
3126392
3126425
3126439
3126441
3126460
3126482
3126508
3126511
3126517
3126520
3126527
3126547
3126549
3126551
3126558
3126579
3126583
3126600
3126606
3126628
3126629
3126630
3126653
3126663
3126680
3126690
3126691
3126697
3126701
3126715
3126721
3126747
3126749
3126804
3126812
3126821
3127904
3127906
3127915
3127950
3127958
3127959
3127975
3127981
3127991
3128010
3128015
3128050
3128075
3128083
3128132
3128147
3128154
3128201
3128207
3128208
3128210
3128223
3128234
3128236
3128239
3128252
3128288
3128294
3128331
3128334
3128355
3128359
3128383
3128405
3128411
3128418
3128430
3128445
3128450
3128458
3128477
3128480
3128489
3128492
3128518
3128520
3128521
3128532
3128578
3128604
3128629
3128646
3128655
3128659
3128685
3128690
3128698
3128700
3128730
3128791
3128826
3128831
3128833
3128856
3128860
3128866
3128870
3128872
3128892
3128943
3128948
3128950
3128969
3128979
3128995
3128997
3129015
3129031
3129066
3129070
3129071
3129077
3129091
3129112
3129147
3129154
3129167
3129172
3129192
3129204
3129214
3129229
3129236
3129237
3129306
3129310
3129316
3129351
3129360
3129373
3129374
3129397
3129409
3129420
3130604
3130621
3130638
3130639
3130643
3130658
3130683
3130701
3130702
3130709
3130711
3130726
3130810
3130814
3130825
3130827
3130840
3130853
3130890
3130896
3130937
3130947
3130956
3130976
3130979
3130991
3130995
3130997
3131007
3131012
3131016
3131019
3131040
3131120
3131125
3131127
3131146
3131153
3131181
3131183
3131184
3131199
3131217
3131251
3131295
3131302
3131311
3131316
3131321
3131324
3131325
3131337
3131352
3131355
3131369
3131372
3131385
3131386
3131390
3131406
3131410
3131414
3131423
3131438
3131442
3131443
3131445
3131455
3131480
3131491
3131512
3131522
3131525
3131532
3131536
3131537
3131538
3131596
3131608
3131617
3131619
3131627
3131630
3131657
3131672
3131674
3131701
3131703
3131708
3131712
3131719
3131723
3131749
3131775
3131777
3131788
3131791
3131806
3131808
3131815
3131821
3131830
3131846
3131855
3131856
3131877
3131891
3131900
3131921
3131968
3131989
3131994
3131998
3132000
3132027
3132065
3132072
3132078
3132093
3132094
3132099
3132113
3132120
3132135
3132138
3132139
3132148
3132151
3132167
3132196
3132204
3132233
3133217
3133257
3133274
3133280
3133284
3133292
3133293
3133299
3133330
3133343
3133355
3133370
3133390
3133394
3133400
3133485
3133489
3133530
3133572
3133586
3133594
3133598
3133635
3133641
3133645
3133652
3133660
3133666
3133670
3133671
3133675
3133684
3133715
3133720
3133721
3133747
3133753
3133763
3133765
3133784
3133800
3133801
3133809
3133813
3133829
3133842
3133870
3133890
3133906
3133937
3133945
3133987
3134012
3134013
3134039
3134061
3134070
3134102
3134118
3134120
3134150
3134151
3134156
3134159
3134174
3134184
3134197
3134206
3134213
3134217
3134218
3134225
3134230
3134240
3134243
3134245
3134268
3134277
3134283
3134296
3134335
3134377
3134415
3134448
3134535
3134536
3134539
3134555
3134568
3134592
3134611
3134620
3134622
3134627
3134628
3134637
3134641
3134666
3134676
3134682
3134690
3134707
3134719
3134732
3134750
3134767
3134777
3134794
3134825
3134900
3134903
3134923
3134926
3135946
3135994
3136010
3136031
3136056
3136062
3136073
3136075
3136098
3136102
3136113
3136149
3136152
3136182
3136196
3136203
3136220
3136221
3136224
3136236
3136237
3136240
3136256
3136258
3136272
3136286
3136305
3136326
3136335
3136358
3136414
3136432
3136440
3136457
3136473
3136480
3136492
3136494
3136529
3136530
3136540
3136580
3136589
3136611
3136840
3136841
3136842
3136856
3136871
3136875
3136877
3136892
3136897
3136901
3136903
3136918
3136926
3136963
3136965
3136973
3136999
3137002
3137012
3137022
3137031
3137035
3137037
3137042
3137062
3137068
3137089
3137094
3137097
3137112
3137126
3137167
3137203
3137206
3137213
3137226
3137233
3137250
3137265
3137281
3137285
3137290
3137294
3137296
3137304
3137313
3137336
3137347
3137356
3137374
3137387
3137418
3137436
3137481
3137483
3137496
3137521
3137524
3137544
3137569
3137583
3137588
3137592
3137595
3137603
3137691
3138772
3138777
3138826
3138846
3138904
3138917
3138919
3138945
3138955
3138967
3138976
3138980
3139000
3139030
3139040
3139065
3139068
3139071
3139072
3139073
3139093
3139098
3139101
3139102
3139103
3139104
3139106
3139297
3139312
3139316
3139335
3139341
3139360
3139366
3139381
3139390
3139404
3139407
3139411
3139412
3139427
3139460
3139468
3139469
3139471
3139539
3139540
3139549
3139551
3139562
3139630
3139639
3139670
3139714
3139716
3139718
3139723
3139773
3139834
3139858
3139882
3139893
3139900
3139919
3139927
3139937
3139954
3139971
3140013
3140026
3140047
3140053
3140062
3140072
3140081
3140084
3140085
3140098
3140106
3140182
3140232
3140284
3140290
3140293
3140323
3140360
3140365
3142130
3142157
3142181
3142183
3142227
3142264
3142341
3142407
3142411
3142422
3142450
3142452
3142553
3142571
3142660
3142810
3142869
3142879
3142960
3142994
3143006
3143011
3143023
3143159
3143187
3143199
3143227
3143267
3143318
3143340
3143380
3143460
3143462
3143482
3143492
3143527
3143538
3143597
3143606
3143662
3143682
3143687
3143700
3143710
3143732
3143747
3143758
3143771
3143792
3143797
3143801
3143864
3143876
3143889
3143965
3143993
3144017
3144183
3144241
3144266
3144269
3144275
3144307
3144313
3144333
3144339
3144395
3144399
3144405
3144409
3144419
3144453
3144458
3144460
3144467
3144475
3144479
3144481
3144487
3144516
3144567
3144579
3144612
3144629
3144641
3144660
3144683
3144687
3144726
3144745
3144751
3144778
3144811
3144871
3144878
3144882
3145027
3145044
3145068
3145105
3145163
3145167
3145175
3145214
3147167
3147201
3147203
3147211
3147222
3147261
3147284
3147297
3147305
3147314
3147332
3147349
3147378
3147382
3147396
3147595
3147616
3147715
3147782
3147788
3147796
3147807
3147817
3147842
3147846
3147946
3147957
3147973
3148003
3148015
3148103
3148118
3148129
3148139
3148154
3148156
3148158
3148188
3148231
3148307
3148349
3148355
3148360
3148376
3148378
3148393
3148432
3148471
3148486
3148513
3148580
3148603
3148628
3148632
3148665
3148667
3148729
3148743
3148752
3148766
3148770
3148793
3148816
3148879
3148908
3148918
3148933
3148947
3148955
3148978
3148999
3149015
3149024
3149063
3149071
3149139
3149191
3149210
3149227
3149248
3149272
3149275
3149296
3149298
3149320
3149335
3149349
3149400
3149402
3149406
3149477
3149485
3149494
3149516
3149521
3149650
3149679
3149717
3149735
3149744
3149754
3149788
3149921
3149927
3150043
3150063
3150120
3150270
3150327
3150340
3150348
3150377
3152383
3152398
3152463
3152488
3152532
3152600
3152617
3152619
3152634
3152715
3152721
3152732
3152751
3152761
3152843
3152899
3152906
3152918
3152948
3152993
3152994
3152996
3153042
3153120
3153147
3153203
3153230
3153370
3153393
3153537
3153554
3153558
3153581
3153621
3153870
3153907
3154039
3154072
3154129
3154143
3154172
3154210
3154256
3154281
3154289
3154298
3154385
3154416
3154417
3154458
3154507
3154529
3154587
3154625
3154645
3154668
3154678
3154693
3154726
3154732
3154742
3154781
3154787
3154795
3154810
3154814
3154818
3154890
3154906
3154951
3154957
3154961
3155006
3155019
3155052
3155055
3155056
3155057
3155092
3155100
3155109
3155122
3155145
3155157
3155181
3155185
3155188
3155194
3155195
3155228
3155296
3156354
3156441
3156449
3156458
3156459
3156495
3156512
3156538
3156545
3156558
3156604
3156608
3156672
3156692
3156693
3156712
3156713
3156721
3156755
3156764
3156822
3156827
3156830
3156858
3156861
3156879
3156932
3156939
3156974
3157003
3157009
3157018
3157052
3157063
3157078
3157082
3157091
3157181
3157195
3157205
3157220
3157231
3157251
3157259
3157289
3157291
3157302
3157312
3157318
3157324
3157339
3157347
3157364
3157372
3157388
3157409
3157415
3157449
3157454
3157466
3157471
3157484
3157487
3157509
3157514
3157544
3157599
3157604
3157623
3157651
3157672
3157677
3157678
3157689
3157697
3157701
3157703
3157732
3157735
3157746
3157771
3157773
3157794
3157809
3157821
3157825
3157829
3157830
3157838
3157839
3157907
3157915
3157920
3157924
3157941
3157959
3157965
3159188
3159261
3159271
3159287
3159311
3159338
3159343
3159359
3159370
3159382
3159398
3159402
3159404
3159420
3159427
3159436
3159441
3159451
3159471
3159474
3159489
3159496
3159509
3159518
3159521
3159533
3159540
3159547
3159557
3159560
3159565
3159568
3159572
3159602
3159617
3159634
3159654
3159670
3159672
3159726
3159773
3159783
3159805
3159814
3159820
3159825
3159841
3159864
3159890
3159910
3159931
3159989
3159993
3160032
3160034
3160036
3160052
3160057
3160099
3160139
3160159
3160168
3160172
3160184
3160189
3160190
3160225
3160233
3160238
3160247
3160258
3160262
3160266
3160291
3160307
3160309
3160311
3160317
3160335
3160393
3160426
3160428
3160430
3160447
3160456
3160459
3160465
3160476
3160482
3160488
3160499
3160514
3160541
3160542
3160582
3160594
3160601
3160608
3160613
3160624
3160635
3160637
3160642
3160645
3160651
3160657
3160668
3160671
3160680
3160696
3160768
3160791
3160815
3160823
3161861
3161866
3161869
3161870
3161878
3161887
3161888
3161942
3161943
3161962
3161965
3162019
3162107
3162119
3162122
3162138
3162148
3162153
3162157
3162170
3162182
3162190
3162195
3162196
3162205
3162213
3162251
3162257
3162262
3162290
3162292
3162293
3162310
3162331
3162337
3162341
3162345
3162349
3162363
3162381
3162409
3162413
3162420
3162425
3162463
3162475
3162479
3162487
3162491
3162498
3162512
3162523
3162534
3162544
3162551
3162586
3162612
3162613
3162617
3162619
3162625
3162628
3162657
3162667
3162672
3162675
3162683
3162690
3162694
3162709
3162718
3162748
3162774
3162800
3162802
3162806
3162820
3162831
3162834
3162847
3162850
3162855
3162877
3162878
3162890
3162897
3162904
3162919
3163017
3163023
3163044
3163052
3163069
3163072
3163081
3163082
3163097
3163101
3163104
3163112
3163117
3163120
3163147
3163148
3163156
3163167
3163175
3163177
3163180
3163182
3163191
3163195
3163204
3163208
3163230
3163233
3163235
3163259
3163278
3163279
3163288
3163290
3163296
3163305
3163306
3163309
3163345
3163356
3163371
3163401
3163435
3163438
3163442
3163445
3164624
3164631
3164659
3164669
3164695
3164710
3164741
3164764
3164770
3164773
3164783
3164785
3164821
3164823
3164834
3164835
3164883
3164914
3164934
3164942
3164962
3164978
3164982
3165002
3165034
3165049
3165050
3165064
3165073
3165083
3165103
3165134
3165136
3165159
3165178
3165197
3165198
3165212
3165213
3165255
3165273
3165281
3165287
3165293
3165318
3165324
3165329
3165334
3165342
3165357
3165374
3165401
3165404
3165405
3165423
3165474
3165492
3165523
3165526
3165535
3165544
3165582
3165585
3165616
3165639
3165665
3165675
3165692
3165693
3165696
3165714
3165715
3165722
3165725
3165739
3165763
3165807
3165817
3165834
3165892
3165900
3165902
3165908
3165941
3166010
3166044
3166057
3166059
3166066
3166104
3166106
3166121
3166127
3166137
3166150
3166158
3166167
3166168
3166184
3166249
3166257
3166267
3166299
3167383
3167385
3167386
3167392
3167399
3167414
3167415
3167431
3167433
3167448
3167462
3167472
3167487
3167497
3167515
3167527
3167540
3167560
3167574
3167609
3167630
3167635
3167657
3167664
3167668
3167683
3167686
3167693
3167705
3167706
3167722
3167749
3167750
3167761
3167765
3167782
3167784
3167807
3167827
3167834
3167841
3167845
3167850
3167857
3167903
3167904
3167914
3167918
3167920
3167948
3167975
3167985
3167988
3167998
3168004
3168010
3168022
3168028
3168037
3168048
3168053
3168054
3168059
3168060
3168063
3168066
3168070
3168075
3168117
3168124
3168128
3168134
3168140
3168179
3168182
3168185
3168194
3168257
3168283
3168311
3168339
3168341
3168344
3168370
3168377
3168381
3168422
3168466
3168483
3168488
3168507
3168544
3168550
3168558
3168561
3168566
3168583
3168591
3168613
3168618
3168619
3168627
3168636
3168640
3168655
3168685
3168691
3168692
3168704
3168706
3168707
3168715
3168725
3168751
3168767
3168781
3168789
3168799
3168807
3168809
3168866
3168872
3168884
3168885
3168909
3168920
3168924
3168936
3168944
3168951
3168952
3168954
3168972
3168989
3168990
3169005
3169011
3170100
3170125
3170138
3170166
3170167
3170216
3170223
3170259
3170294
3170296
3170298
3170311
3170312
3170315
3170333
3170344
3170346
3170348
3170350
3170353
3170356
3170385
3170395
3170398
3170402
3170418
3170421
3170427
3170448
3170470
3170479
3170513
3170516
3170532
3170542
3170545
3170549
3170550
3170556
3170560
3170561
3170567
3170568
3170571
3170575
3170579
3170588
3170604
3170634
3170636
3170648
3170649
3170654
3170665
3170674
3170706
3170709
3170721
3170728
3170744
3170751
3170755
3170773
3170778
3170781
3170790
3170791
3170797
3170799
3170803
3170849
3170866
3170876
3170901
3170926
3170932
3170938
3170958
3170976
3170977
3170991
3170995
3170997
3171028
3171033
3171108
3171113
3171144
3171153
3171162
3171167
3171184
3171253
3171264
3171287
3171289
3171309
3171324
3171351
3171358
3171367
3171373
3171390
3171391
3171409
3171436
3171440
3171466
3171472
3171488
3171500
3171508
3171510
3171519
3171521
3171571
3171617
3171618
3171649
3172871
3172874
3172881
3172885
3172905
3172908
3172929
3172944
3172950
3172954
3172970
3172986
3172991
3172994
3172998
3173001
3173018
3173019
3173027
3173052
3173106
3173126
3173127
3173130
3173136
3173148
3173151
3173177
3173186
3173189
3173203
3173267
3173268
3173283
3173289
3173311
3173320
3173327
3173335
3173349
3173368
3173370
3173376
3173379
3173391
3173394
3173396
3173410
3173487
3173493
3173494
3173495
3173523
3173531
3173544
3173554
3173569
3173583
3173589
3173595
3173598
3173599
3173612
3173621
3173635
3173645
3173662
3173670
3173672
3173679
3173694
3173708
3173712
3173717
3173727
3173752
3173796
3173817
3173845
3173850
3173855
3173862
3173875
3173906
3173954
3173958
3173983
3174008
3174013
3174042
3174078
3174089
3174109
3174135
3174167
3174195
3174198
3174221
3174227
3174265
3174272
3174302
3174310
3174315
3174330
3174348
3174461
3174463
3174468
3174481
3175597
3175602
3175603
3175623
3175661
3175671
3175707
3175736
3175752
3175781
3175782
3175789
3175819
3175832
3175837
3175857
3175866
3175928
3175936
3175960
3175974
3175976
3175987
3175999
3176004
3176006
3176026
3176028
3176040
3176043
3176050
3176063
3176090
3176092
3176107
3176117
3176119
3176128
3176193
3176206
3176212
3176214
3176244
3176246
3176260
3176297
3176306
3176308
3176317
3176346
3176394
3176405
3176417
3176418
3176423
3176441
3176446
3176447
3176448
3176470
3176486
3176488
3176489
3176497
3176573
3176593
3176601
3176609
3176613
3176696
3176703
3176736
3176766
3176767
3176777
3176778
3176779
3176803
3176819
3176876
3176884
3176895
3176898
3176911
3176914
3176925
3176940
3176941
3176947
3177015
3177066
3177070
3177081
3177089
3177155
3178302
3178321
3178331
3178335
3178415
3178432
3178443
3178457
3178488
3178501
3178509
3178553
3178560
3178569
3178572
3178578
3178587
3178602
3178608
3178611
3178613
3178614
3178616
3178626
3178629
3178630
3178634
3178647
3178653
3178667
3178718
3178720
3178726
3178736
3178737
3178777
3178779
3178783
3178787
3178790
3178817
3178833
3178838
3178858
3178877
3178905
3178940
3178942
3178943
3178951
3178977
3179001
3179014
3179044
3179061
3179079
3179086
3179106
3179136
3179142
3179149
3179161
3179174
3179176
3179185
3179192
3179196
3179200
3179229
3179253
3179263
3179281
3179294
3179299
3179303
3179325
3179330
3179345
3179350
3179361
3179386
3179400
3179406
3179438
3179460
3179469
3179471
3179482
3179485
3179489
3179502
3179524
3179536
3179541
3179572
3179605
3179608
3179612
3179613
3179628
3179635
3179675
3179688
3179699
3179716
3179745
3179751
3179761
3179770
3179847
3179941
3179944
3179965
3181116
3181136
3181210
3181244
3181262
3181267
3181287
3181296
3181301
3181302
3181329
3181334
3181353
3181362
3181373
3181374
3181383
3181424
3181438
3181451
3181453
3181454
3181459
3181469
3181485
3181511
3181516
3181529
3181539
3181572
3181613
3181620
3181638
3181668
3181675
3181715
3181732
3181736
3181773
3181792
3181799
3181818
3181849
3181855
3181857
3181898
3181900
3181909
3181910
3181924
3181952
3181977
3182014
3182028
3182055
3182066
3182073
3182075
3182082
3182087
3182117
3182123
3182183
3182197
3182206
3182207
3182215
3182240
3182263
3182269
3182279
3182304
3182311
3182314
3182340
3182352
3182355
3182376
3182382
3182384
3182389
3182428
3182429
3182436
3182439
3182441
3182455
3182498
3182526
3182529
3182562
3182566
3182568
3182570
3182578
3182582
3182587
3182593
3182612
3182613
3182664
3183873
3183890
3183894
3183896
3183897
3183899
3183914
3183921
3183926
3183946
3183949
3183963
3183980
3183983
3184033
3184037
3184054
3184068
3184083
3184106
3184138
3184175
3184180
3184185
3184189
3184191
3184205
3184225
3184226
3184229
3184230
3184237
3184245
3184246
3184248
3184250
3184254
3184266
3184282
3184304
3184306
3184315
3184323
3184361
3184363
3184371
3184380
3184381
3184382
3184385
3184395
3184451
3184454
3184457
3184458
3184468
3184475
3184477
3184496
3184500
3184502
3184506
3184507
3184532
3184534
3184543
3184546
3184548
3184556
3184559
3184562
3184567
3184571
3184577
3184582
3184584
3184588
3184595
3184597
3184628
3184635
3184645
3184675
3184676
3184710
3184734
3184747
3184779
3184782
3184784
3184796
3184802
3184851
3184858
3184872
3184874
3184881
3184902
3184923
3184929
3184949
3184959
3185003
3185004
3185005
3185047
3185066
3185083
3185097
3185140
3185191
3185209
3185228
3185235
3185243
3185275
3185277
3185322
3185328
3185336
3185453
3186522
3186585
3186604
3186642
3186649
3186687
3186691
3186693
3186700
3186706
3186715
3186726
3186729
3186730
3186751
3186810
3186829
3186832
3186859
3186875
3186889
3187010
3187027
3187029
3187030
3187047
3187057
3187075
3187084
3187103
3187119
3187172
3187178
3187193
3187234
3187262
3187312
3187313
3187340
3187363
3187367
3187371
3187389
3187433
3187447
3187453
3187489
3187498
3187529
3187551
3187561
3187562
3187572
3187579
3187580
3187619
3187638
3187644
3187664
3187675
3187679
3187683
3187686
3187697
3187698
3187719
3187728
3187741
3187746
3187755
3187760
3187773
3187802
3187848
3187860
3187901
3187905
3187919
3187980
3187996
3188001
3188016
3188020
3188036
3188039
3188096
3188109
3190228
3190243
3190255
3190257
3190271
3190295
3190410
3190414
3190473
3190479
3190480
3190484
3190494
3190502
3190671
3190675
3190681
3190689
3190704
3190705
3190749
3190762
3190763
3190781
3190814
3190815
3190820
3190844
3190845
3190854
3191954
3191962
3192023
3192082
3192091
3192104
3192124
3192138
3192161
3192200
3192325
3192326
3192363
3192368
3192371
3192387
3192402
3192510
3192520
3192551
3192582
3192705
3192706
3192727
3192729
3192730
3192742
3192752
3192757
3192758
3192761
3192768
3192769
3192770
3192777
3192782
3192803
3192805
3192816
3192823
3192831
3192848
3192877
3192880
3192901
3192911
3192927
3192936
3193093
3193100
3193113
3193143
3193149
3193164
3193170
3193173
3193200
3193207
3193246
3193291
3193364
3193380
3193416
3193427
3193445
3193503
3193505
3193506
3193528
3193573
3193581
3193632
3193667
3194706
3194713
3194815
3194841
3194855
3194888
3194897
3194901
3194918
3194926
3194934
3194936
3194944
3194948
3195079
3195080
3195086
3195103
3195161
3195166
3195176
3195196
3195215
3195294
3195301
3195362
3195429
3195449
3195454
3195463
3195479
3195504
3195506
3195514
3195532
3195535
3195567
3195594
3195618
3195631
3195636
3195637
3195643
3195645
3195654
3195713
3195780
3195785
3195797
3195802
3195824
3195849
3195875
3195883
3195899
3195951
3196024
3196030
3196033
3196056
3196103
3196129
3196134
3196153
3196163
3196184
3196187
3196194
3196196
3196202
3196204
3196205
3196208
3196219
3196231
3196274
3196280
3196285
3196300
3196301
3196304
3196329
3196403
3196513
3197676
3197682
3197738
3197753
3197834
3197849
3197884
3197911
3197949
3197957
3198019
3198024
3198055
3198067
3198090
3198119
3198121
3198134
3198138
3198146
3198223
3198243
3198277
3198289
3198339
3198426
3198428
3198444
3198448
3198449
3198453
3198455
3198467
3198473
3198480
3198499
3198511
3198561
3198568
3198580
3198684
3198704
3198731
3198746
3198769
3198787
3198885
3198908
3198927
3198938
3198948
3198978
3198987
3199008
3199056
3199230
3199255
3199301
3199627
3199722
3199724
3199808
3199824
3199837
3200004
3200010
3200042
3200100
3200185
3200244
3200311
3200369
3200388
3200429
3200466
3200546
3200591
3200623
3200626
3200640
3200658
3200668
3200704
3200737
3200750
3200838
3202948
3202985
3203020
3203045
3203053
3203078
3203083
3203086
3203091
3203119
3203150
3203167
3203210
3203250
3203279
3203288
3203364
3203427
3203851
3203895
3203920
3203953
3203956
3204034
3204098
3204121
3204159
3204161
3204167
3204214
3204229
3204266
3204277
3204279
3204321
3204328
3204334
3204342
3204380
3204399
3208169
3208189
3208268
3208310
3208337
3208343
3208349
3208353
3208368
3208409
3208420
3208495
3208575
3208579
3208600
3208625
3208635
3208795
3209129
3209133
3209145
3209218
3209278
3209293
3209353
3209364
3209370
3209779
3209837
3210650
3210785
3211016
3213299
3213316
3213619
3213661
3213675
3213688
3213707
3213713
3213717
3213721
3213746
3213813
3213842
3213862
3213864
3213883
3213885
3213920
3213937
3213976
3213998
3214002
3214040
3214085
3214093
3214100
3214155
3214157
3214180
3214223
3214307
3214363
3214381
3214427
3214490
3214526
3214565
3214591
3214600
3214610
3214620
3214657
3214677
3214696
3214704
3214733
3214798
3214835
3214888
3214898
3214941
3214964
3215005
3215023
3215041
3215121
3215123
3215148
3215183
3215185
3215244
3215250
3215265
3215278
3215288
3215298
3215331
3215389
3215422
3215426
3215431
3215439
3215503
3215552
3215565
3215584
3215588
3215631
3215658
3215668
3215714
3215729
3215749
3215768
3215774
3215777
3215801
3215834
3215868
3215870
3215872
3215876
3215878
3215966
3216011
3216018
3216037
3216065
3216066
3216139
3216159
3216160
3216169
3216175
3216183
3216204
3216238
3216266
3216268
3216272
3216323
3216330
3216340
3216342
3216346
3216401
3216447
3216455
3216485
3216493
3216594
3218718
3218840
3218874
3218899
3218907
3218960
3218968
3218970
3219002
3219053
3219063
3219142
3219220
3219262
3219289
3219307
3219332
3219393
3219439
3219454
3219500
3219540
3219615
3219646
3219663
3219723
3219740
3219767
3219778
3219794
3219819
3219826
3219867
3219876
3219917
3219928
3220017
3220042
3220064
3220089
3220102
3220104
3220146
3220160
3220200
3220233
3220239
3220258
3220322
3220349
3220400
3220435
3220471
3220494
3220519
3220546
3220555
3220601
3220613
3220620
3220680
3220684
3220785
3220844
3220860
3220892
3220923
3220950
3220952
3220959
3220967
3221013
3221082
3221142
3221151
3221172
3221174
3221203
3221207
3221219
3221261
3221265
3221273
3221275
3221430
3221448
3221506
3221615
3221630
3221673
3221723
3221745
3221756
3221758
3221789
3221802
3221808
3221873
3223795
3223799
3223994
3224048
3224085
3224088
3224165
3224171
3224270
3224394
3224397
3224499
3224503
3224507
3224534
3224537
3224670
3224684
3224714
3224718
3224736
3224761
3224763
3224786
3224831
3224835
3224837
3224912
3224956
3224964
3224968
3224988
3225042
3225052
3225120
3225124
3225151
3225169
3225176
3225178
3225206
3225233
3225272
3225278
3225283
3225295
3225356
3225398
3225441
3225445
3225466
3225517
3225535
3225584
3225590
3225593
3225617
3225677
3225831
3225864
3225887
3225936
3225977
3226008
3226017
3226100
3226116
3226190
3226264
3226385
3226399
3226473
3226555
3226557
3226592
3226647
3226652
3226658
3226687
3226722
3226756
3226772
3226776
3226784
3226871
3226883
3226988
3227009
3227012
3227018
3227053
3227070
3227116
3227163
3227174
3228961
3229121
3229134
3229178
3229182
3229232
3229282
3229363
3229397
3229405
3229407
3229415
3229423
3229452
3229487
3229517
3229544
3229613
3229626
3229640
3229642
3229650
3229665
3229670
3229707
3229781
3229819
3229826
3229858
3229905
3229920
3229945
3230153
3230164
3230170
3230172
3230192
3230200
3230203
3230395
3230448
3230462
3230478
3230488
3230492
3230504
3230600
3230615
3230650
3230674
3230719
3230725
3230775
3230803
3230855
3230864
3230928
3230934
3230938
3230969
3230990
3231008
3231018
3231043
3231051
3231113
3231117
3231197
3231203
3231257
3231263
3231265
3231280
3231336
3231377
3231390
3231398
3231417
3231423
3231429
3231442
3231462
3231489
3231500
3231552
3231577
3231606
3231754
3231766
3231769
3231796
3231800
3231812
3231825
3231841
3231856
3231878
3231912
3231937
3232014
3232020
3232079
3232091
3232110
3232117
3232155
3234284
3234295
3234316
3234328
3234332
3234346
3234367
3234369
3234412
3234448
3234507
3234515
3234527
3234554
3234616
3234621
3234640
3234645
3234702
3234730
3234757
3234837
3234878
3234916
3234923
3234927
3235000
3235015
3235026
3235103
3235135
3235174
3235181
3235210
3235248
3235254
3235291
3235316
3235318
3235326
3235383
3235389
3235516
3235533
3235562
3235638
3235644
3235647
3235722
3235725
3235745
3235783
3235812
3235841
3235883
3235914
3235935
3236007
3236011
3236066
3236108
3236112
3236140
3236159
3236173
3236178
3236187
3236196
3236202
3236211
3236240
3236269
3236322
3236370
3236382
3236393
3236395
3236436
3236439
3236468
3236478
3236549
3236563
3236588
3236615
3236630
3236642
3236671
3236684
3236690
3236692
3236726
3236744
3236761
3236767
3236776
3236795
3236813
3236820
3236826
3236857
3236870
3236874
3236891
3236913
3237021
3237031
3237047
3237075
3237079
3237085
3237112
3237125
3237156
3237181
3237203
3237205
3237212
3237309
3237348
3237363
3237386
3239354
3239360
3239398
3239404
3239412
3239426
3239428
3239449
3239467
3239492
3239506
3239521
3239583
3239587
3239672
3239696
3239700
3239721
3239727
3239775
3239834
3239849
3239919
3239951
3239982
3240059
3240117
3240123
3240135
3240141
3240162
3240165
3240167
3240185
3240225
3240259
3240267
3240286
3240294
3240338
3240418
3240488
3240500
3240502
3240508
3240604
3240658
3240682
3240694
3240736
3240742
3240770
3240871
3240895
3240912
3240922
3240931
3240957
3241002
3241010
3241020
3241022
3241029
3241066
3241106
3241186
3241202
3241223
3241349
3241389
3241408
3241505
3241513
3241550
3241633
3241655
3241687
3241708
3241714
3241743
3241776
3241811
3241829
3241841
3241866
3241890
3241925
3241938
3241944
3241950
3241958
3241968
3241990
3242013
3242019
3242088
3242111
3242123
3242125
3242135
3242155
3242188
3242253
3242257
3242412
3242418
3242531
3244443
3244445
3244472
3244498
3244505
3244509
3244519
3244545
3244584
3244605
3244611
3244613
3244629
3244636
3244640
3244663
3244696
3244730
3244740
3244749
3244751
3244761
3244766
3244770
3244785
3244810
3244824
3244832
3244842
3244851
3244872
3244873
3244921
3244950
3244953
3244984
3245005
3245010
3245044
3245051
3245075
3245077
3245081
3245100
3245104
3245175
3245188
3245323
3245331
3245347
3245362
3245370
3245372
3245399
3245414
3245417
3245423
3245428
3245499
3245526
3245542
3245548
3245559
3245563
3245607
3245647
3245682
3245685
3245694
3245712
3245714
3245729
3245736
3245738
3245743
3245770
3245814
3245815
3245822
3245848
3245860
3245862
3245864
3245866
3245872
3245885
3245888
3245903
3245931
3245935
3245943
3245946
3245958
3245976
3245978
3245993
3246000
3246007
3246008
3246011
3246016
3246017
3246064
3246072
3246086
3246087
3247107
3247239
3247242
3247254
3247316
3247330
3247348
3247355
3247369
3247410
3247419
3247436
3247464
3247472
3247510
3247512
3247514
3247551
3247554
3247555
3247562
3247570
3247572
3247589
3247620
3247623
3247624
3247637
3247648
3247656
3247668
3247679
3247707
3247727
3247728
3247749
3247753
3247756
3247758
3247759
3247765
3247766
3247768
3247788
3247808
3247809
3247832
3247843
3247844
3247860
3247861
3247879
3247890
3247891
3247948
3247963
3247989
3247995
3248021
3248049
3248059
3248068
3248087
3248149
3248160
3248196
3248199
3248245
3248254
3248259
3248287
3248288
3248289
3248303
3248326
3248335
3248336
3248364
3248391
3248413
3248429
3248444
3248445
3248463
3248471
3248476
3248486
3248494
3248513
3248522
3248523
3248532
3248534
3248536
3248644
3248656
3248674
3248699
3248711
3248726
3248753
3248754
3248758
3249907
3249920
3249929
3249932
3249974
3249984
3249985
3249989
3250035
3250036
3250046
3250060
3250062
3250072
3250086
3250107
3250112
3250115
3250136
3250160
3250165
3250212
3250214
3250216
3250222
3250241
3250251
3250253
3250263
3250273
3250279
3250304
3250313
3250335
3250341
3250359
3250392
3250396
3250397
3250443
3250455
3250476
3250512
3250513
3250517
3250525
3250540
3250552
3250560
3250583
3250594
3250606
3250615
3250616
3250665
3250669
3250682
3250684
3250686
3250706
3250708
3250717
3250718
3250733
3250769
3250770
3250814
3250824
3250838
3250841
3250862
3250878
3250884
3250886
3250898
3250904
3250922
3250956
3250966
3250986
3250999
3251028
3251041
3251064
3251085
3251094
3251131
3251136
3251142
3251144
3251151
3251153
3251177
3251180
3251208
3251212
3251216
3251241
3251262
3251266
3251268
3251281
3251288
3251302
3251330
3251337
3251343
3251351
3251355
3251374
3251380
3251390
3251398
3251401
3251405
3251457
3251458
3251463
3251468
3251475
3251487
3251509
3251523
3251566
3252679
3252697
3252703
3252724
3252819
3252835
3252856
3252912
3252997
3253035
3253081
3253094
3253118
3253157
3253160
3253313
3253346
3253380
3253412
3253414
3253430
3253442
3253448
3253453
3253475
3253522
3253548
3253559
3253561
3253573
3253608
3253656
3253664
3253668
3253715
3253749
3253761
3253766
3253772
3253775
3253794
3253829
3253843
3253848
3253849
3253869
3253895
3253901
3253908
3253909
3253911
3253913
3253935
3253948
3253974
3253987
3254005
3254043
3254051
3254073
3254099
3254115
3254129
3254138
3254149
3254189
3254201
3254214
3254216
3254223
3254240
3254244
3255402
3255449
3255453
3255454
3255459
3255463
3255480
3255509
3255523
3255536
3255541
3255544
3255555
3255560
3255561
3255581
3255589
3255594
3255606
3255615
3255647
3255670
3255671
3255676
3255714
3255715
3255733
3255739
3255743
3255744
3255801
3255829
3255854
3255868
3255871
3255876
3255887
3255897
3255921
3255925
3255927
3255930
3255948
3255991
3255993
3256012
3256015
3256024
3256037
3256053
3256087
3256114
3256121
3256137
3256168
3256200
3256227
3256248
3256262
3256271
3256277
3256285
3256292
3256295
3256324
3256333
3256376
3256382
3256389
3256408
3256420
3256437
3256446
3256448
3256474
3256490
3256516
3256545
3256560
3256572
3256596
3256608
3256620
3256647
3256648
3256652
3256663
3256686
3256688
3256695
3256706
3256754
3256763
3256775
3256782
3256791
3256803
3256814
3256839
3256871
3256910
3256925
3256928
3256953
3256954
3256964
3257005
3258018
3258030
3258068
3258080
3258094
3258106
3258128
3258143
3258175
3258186
3258193
3258228
3258237
3258283
3258313
3258316
3258336
3258337
3258343
3258347
3258379
3258388
3258406
3258409
3258415
3258418
3258453
3258462
3258489
3258494
3258500
3258503
3258521
3258551
3258568
3258594
3258630
3258651
3258654
3258665
3258707
3258716
3258764
3258792
3258812
3259087
3259103
3259134
3259198
3259206
3259227
3259228
3259237
3259243
3259244
3259309
3259340
3259362
3259371
3259372
3259375
3259401
3259421
3259432
3259456
3259465
3259520
3259527
3259528
3259546
3259574
3259578
3259597
3259605
3259609
3259612
3259614
3259628
3259634
3259638
3259649
3259660
3259685
3259756
3259759
3259786
3259790
3259808
3260895
3260898
3260996
3261010
3261043
3261044
3261066
3261074
3261075
3261542
3261572
3261574
3261578
3261579
3261585
3261593
3261603
3261621
3261625
3261628
3261656
3261737
3261739
3261772
3261789
3261801
3261820
3261854
3261876
3261911
3261914
3261915
3261926
3261958
3261993
3262026
3262057
3262119
3262128
3262158
3262192
3262207
3262239
3262240
3262251
3262255
3262269
3262294
3262319
3262337
3262360
3262369
3262403
3263698
3263721
3263793
3263807
3263818
3263819
3263834
3263835
3263837
3263860
3263895
3263896
3263900
3263929
3263938
3263968
3263972
3263992
3264026
3264053
3264065
3264078
3264100
3264109
3264119
3264131
3264133
3264134
3264165
3264180
3264181
3264187
3264210
3264212
3264232
3264240
3264241
3264242
3264279
3264281
3264286
3264294
3264342
3264362
3264374
3264394
3264415
3264417
3264435
3264456
3264457
3264464
3264465
3264473
3264475
3264478
3264496
3264497
3264507
3264517
3264542
3264544
3264548
3264564
3264591
3264634
3264671
3264707
3264732
3264781
3264789
3264799
3264890
3264902
3264976
3264990
3265046
3265087
3265089
3265116
3265132
3265159
3265170
3265219
3265227
3265229
3265289
3265297
3265308
3265333
3265363
3265367
3265384
3265390
3265437
3265470
3265499
3265529
3265537
3265560
3265573
3265605
3265673
3265693
3265700
3265702
3265726
3265747
3265791
3265814
3265815
3265816
3265903
3265938
3267959
3268017
3268027
3268036
3268086
3268123
3268169
3268265
3268271
3268289
3268292
3268312
3268314
3268316
3268319
3268437
3268449
3268485
3268518
3268560
3268566
3268610
3268656
3268718
3268960
3268968
3268981
3268993
3268998
3269002
3269119
3269232
3269307
3269384
3269409
3269419
3269428
3269452
3269464
3269473
3269479
3269516
3269519
3269530
3269589
3269595
3269599
3269603
3269634
3269679
3269735
3269773
3269784
3269792
3269843
3269892
3269912
3269915
3269931
3269941
3269992
3269996
3270052
3270055
3270098
3270125
3270127
3270140
3270158
3270233
3270273
3270288
3270292
3270330
3270340
3270342
3270355
3270430
3270437
3270462
3270470
3270654
3270687
3271000
3271033
3271040
3271084
3271208
3273368
3273484
3273535
3273554
3273587
3273606
3273625
3273652
3273687
3273707
3273709
3273740
3273783
3273818
3273820
3273917
3273940
3274005
3274044
3274136
3274182
3274194
3274198
3274202
3274215
3274235
3274290
3274292
3274424
3274435
3274470
3274482
3274490
3274600
3274627
3274653
3274680
3274686
3274690
3274702
3274714
3274724
3274733
3274735
3274774
3274823
3274891
3274915
3274956
3274972
3274974
3274999
3275036
3275044
3275048
3275097
3275104
3275159
3275235
3275252
3275295
3275350
3275367
3275379
3275393
3275424
3275481
3275495
3275534
3275556
3275581
3275599
3275639
3275641
3275665
3275728
3275732
3275740
3275746
3275795
3275813
3275883
3275925
3275972
3276010
3276060
3276136
3276154
3276160
3277736
3278743
3322372
3322412
3322495
3322983
3323022
3323060
3323071
3323372
3323549
3323800
3323965
3324099
3330401
3330441
3330579
3330594
3330649
3331544
3331603
3331628
3332369
3332373
3332377
3332385
3332435
3332443
3334509
3334523
3334551
3334590
3334639
3334703
3334707
3334715
3334761
3334842
3334886
3335456
3335486
3335671
3335691
3335699
3335732
3336093
3336306
3336342
3341478
3341559
3341683
3341699
3341778
3341882
3341897
3341906
3341919
3341940
3341964
3342046
3342050
3342066
3342102
3342112
3342124
3342162
3342178
3342219
3342258
3342301
3342303
3342349
3342350
3342359
3342377
3342381
3342385
3342390
3342470
3342478
3342482
3342519
3342534
3342552
3342553
3342560
3342565
3342577
3342587
3342622
3342651
3342655
3342665
3342678
3342688
3342703
3342713
3342715
3342716
3342720
3342737
3342792
3342793
3342806
3342809
3342822
3342828
3342832
3342837
3342840
3342843
3342876
3342883
3342916
3342923
3343006
3343010
3343034
3343085
3343093
3343139
3343175
3343177
3343178
3343181
3343185
3343187
3343224
3343237
3343254
3343260
3343271
3343291
3343302
3343312
3343320
3343328
3343330
3343345
3343370
3343373
3343394
3343402
3343416
3343425
3343426
3343467
3343474
3343491
3343516
3343524
3343534
3343552
3343554
3343564
3343583
3343591
3343604
3343609
3343636
3343646
3343666
3343677
3343691
3343693
3343712
3343719
3343726
3343743
3343773
3343795
3343820
3343830
3343841
3343844
3343845
3343867
3343895
3343922
3343925
3343932
3343933
3343948
3343961
3343964
3343966
3343974
3343975
3343990
3344000
3344005
3344066
3344094
3344099
3344114
3344119
3344127
3344130
3344132
3344137
3344173
3344221
3344230
3344241
3344250
3344257
3344270
3344279
3344282
3344304
3344333
3344334
3344346
3344347
3344374
3344429
3344439
3344460
3344532
3344541
3344567
3344579
3344592
3344606
3344628
3344636
3344638
3344640
3344654
3344660
3344680
3344686
3344697
3344706
3344773
3344789
3344814
3344823
3344836
3344846
3344883
3344941
3344945
3344948
3344951
3344955
3344981
3345009
3345017
3345040
3345076
3345090
3345107
3345133
3345147
3345148
3345163
3345183
3345199
3345200
3345212
3345221
3345241
3345265
3345274
3345285
3345307
3345325
3345328
3345336
3345342
3345346
3345368
3345376
3345423
3345447
3345455
3345495
3345512
3345554
3345560
3345564
3345578
3345636
3345657
3345668
3345681
3345734
3345750
3345753
3345761
3345781
3345794
3345798
3345831
3345832
3345891
3345906
3345911
3345935
3345973
3345994
3345999
3346002
3346016
3346021
3346054
3346068
3346075
3346124
3346155
3346178
3346191
3346194
3346197
3346207
3346215
3346225
3346236
3346267
3346270
3346272
3346311
3346334
3346374
3346398
3346401
3346428
3346437
3346456
3346458
3346464
3346469
3346489
3346521
3346539
3346541
3346550
3346556
3346559
3346564
3346571
3346590
3346596
3346600
3346633
3346731
3346745
3346753
3346760
3346762
3346781
3346784
3346813
3346826
3346892
3346897
3346900
3346912
3346915
3346923
3346945
3346946
3346947
3346991
3346993
3347024
3347044
3347072
3347102
3347147
3347183
3347221
3347228
3347229
3347283
3347308
3347310
3347342
3347400
3347414
3347417
3347420
3347450
3347478
3347517
3347538
3347549
3347562
3347568
3347574
3347582
3347593
3347600
3347632
3347635
3347645
3347657
3347669
3347696
3347706
3347727
3347746
3347777
3347784
3347788
3347790
3347795
3347803
3347810
3347821
3347833
3347849
3347854
3347865
3347885
3347890
3347916
3347920
3347940
3347946
3347951
3347974
3347990
3348016
3348092
3348109
3348170
3348231
3348234
3348263
3348274
3348304
3348308
3348538
3348590
3348598
3348611
3348683
3348938
3348962
3350855
3351779
3351807
3351849
3351851
3351852
3351854
3351909
3351914
3351919
3351934
3351959
3351967
3352009
3352028
3352035
3352040
3352051
3352068
3352069
3352101
3352114
3352116
3352159
3352222
3352234
3352240
3352248
3352323
3352336
3352359
3352406
3352446
3352454
3352460
3352478
3352489
3352502
3352536
3352543
3352549
3352553
3352555
3352559
3352581
3352586
3352612
3352626
3352674
3352704
3352705
3352708
3352709
3352729
3352738
3352745
3352764
3352765
3352789
3352791
3352817
3352821
3352832
3352842
3352848
3352853
3352856
3352859
3352874
3352927
3352938
3353015
3353016
3353027
3353030
3353046
3353062
3353072
3353099
3353123
3353128
3353130
3353134
3353145
3353177
3353197
3353221
3353231
3353233
3353276
3353313
3353326
3353329
3353332
3353369
3353372
3353375
3353398
3353402
3353425
3353427
3353450
3353464
3353487
3353513
3353515
3353523
3353544
3353546
3353555
3353558
3353564
3353597
3353608
3353613
3353621
3353627
3353645
3353651
3353659
3353663
3353669
3353679
3353736
3353761
3353813
3353817
3353823
3353828
3353829
3353840
3353860
3353869
3353896
3353915
3353920
3353931
3353934
3353944
3353950
3353955
3353963
3353964
3353982
3353992
3353996
3354018
3354028
3354033
3354043
3354045
3354046
3354061
3354067
3354084
3354102
3354109
3354122
3354140
3354160
3354161
3354175
3354234
3354241
3354248
3354268
3354274
3354288
3354298
3354322
3354329
3354336
3354356
3354358
3354392
3354397
3354410
3354423
3354450
3354465
3354473
3354494
3354508
3354514
3354520
3354542
3354554
3354594
3354607
3354611
3354622
3354626
3354627
3354642
3354647
3354672
3354677
3354695
3354704
3354709
3354738
3354761
3354773
3354791
3354816
3354828
3354863
3354878
3354936
3354940
3354948
3354949
3354971
3355018
3355034
3355038
3355058
3355092
3355130
3355144
3355152
3355267
3355326
3356397
3356509
3356627
3356631
3356646
3356690
3356761
3356843
3356963
3356978
3357002
3357065
3357548
3357552
3357709
3357717
3357736
3357831
3357843
3357895
3357919
3357931
3357939
3357991
3357995
3358023
3358052
3358120
3358254
3358573
3358597
3358619
3358644
3358675
3358718
3358739
3358758
3358769
3358800
3358820
3358833
3358844
3358847
3358850
3358866
3358889
3358924
3358934
3358946
3358950
3358952
3359026
3359032
3359044
3359046
3359056
3359072
3359073
3359083
3359086
3359128
3359140
3359144
3359147
3359162
3359168
3359171
3359186
3359199
3359216
3359226
3359244
3359254
3359270
3359285
3359325
3359338
3359348
3359389
3359392
3359397
3359440
3359442
3359452
3359456
3359465
3359470
3359489
3359491
3359496
3359499
3359507
3359576
3359582
3359584
3359589
3359636
3359639
3359666
3359681
3359687
3359704
3359706
3359718
3359719
3359725
3359739
3359742
3359743
3359747
3359790
3359799
3359802
3359838
3359840
3359855
3359888
3359918
3359929
3359948
3359957
3359959
3359987
3360042
3360104
3360151
3360161
3360163
3360175
3360202
3360224
3360229
3360247
3360256
3360257
3360299
3360301
3360355
3360418
3360424
3360437
3360448
3360471
3360511
3360532
3360539
3360551
3360581
3360623
3360624
3360639
3360644
3360686
3360721
3360739
3360775
3360797
3360802
3360810
3360860
3360873
3360885
3360887
3360891
3360902
3360917
3360946
3361005
3361008
3361012
3361033
3361039
3361066
3361101
3361108
3361140
3361206
3361228
3361234
3361261
3361282
3361362
3361365
3361367
3361417
3361457
3361469
3361475
3361495
3361512
3361518
3361525
3361551
3361554
3361576
3361591
3361597
3361620
3361636
3361657
3361771
3361783
3361822
3361843
3361862
3361930
3361967
3362007
3362041
3362053
3362056
3362065
3362133
3362180
3362202
3362209
3362242
3362263
3362280
3362287
3362290
3362292
3362318
3362350
3362398
3362404
3362479
3362521
3362554
3362574
3362685
3362694
3362720
3362756
3362787
3362800
3362821
3362900
3362902
3362915
3362937
3362940
3362952
3362998
3363123
3363162
3363205
3363222
3363233
3363274
3363275
3363296
3363314
3363320
3363413
3363450
3363469
3363492
3363498
3363514
3363520
3363526
3363534
3363562
3363585
3363601
3363616
3363639
3363700
3363718
3363727
3363827
3363848
3363868
3363869
3363871
3363935
3364004
3364048
3364061
3364063
3364073
3364082
3364116
3364125
3364131
3364177
3364199
3364247
3364254
3364264
3364269
3364284
3364289
3364303
3364331
3364348
3364369
3364391
3364396
3364412
3364414
3364421
3364432
3364451
3364460
3364510
3364522
3364558
3364562
3364577
3364613
3364654
3364681
3364722
3364745
3364747
3364753
3364756
3364811
3364841
3364844
3364850
3364893
3364903
3364915
3364920
3364958
3364966
3364991
3365013
3365026
3365029
3365041
3365070
3365084
3365094
3365167
3365197
3365215
3365249
3365253
3365258
3365265
3365277
3365278
3365279
3365298
3365299
3365312
3365367
3365387
3365434
3365436
3365444
3365469
3365504
3365521
3365536
3365620
3365627
3365640
3365652
3365658
3365671
3365678
3365692
3365704
3365724
3365732
3365746
3365755
3365770
3365775
3365791
3365823
3365825
3365836
3365848
3365849
3365851
3365852
3365855
3365872
3365901
3365910
3365955
3365983
3365990
3365995
3365996
3366005
3366008
3366025
3366032
3366064
3366099
3366110
3366114
3366120
3366124
3366125
3366136
3366145
3366177
3366186
3366190
3366192
3366225
3366258
3366302
3366342
3366375
3366377
3366396
3366406
3366411
3366422
3366497
3366525
3366536
3366541
3366567
3366590
3366621
3366629
3366669
3366679
3366680
3366682
3366686
3366689
3366699
3366714
3366716
3366736
3366780
3366792
3366802
3366815
3366818
3366834
3366837
3366844
3366847
3366848
3366873
3366877
3366883
3366910
3366918
3366969
3367008
3367021
3367059
3367106
3367115
3367117
3367157
3367160
3367224
3367235
3367239
3367295
3367318
3367320
3367339
3367348
3367379
3367384
3367386
3367401
3367411
3367419
3367446
3367458
3367468
3367500
3367505
3367506
3367515
3367529
3367530
3367540
3367541
3367563
3367565
3367583
3367626
3367648
3367653
3367676
3367730
3367782
3367791
3367801
3367880
3367908
3367933
3367975
3367990
3368015
3368018
3368036
3368043
3368082
3368096
3368145
3368211
3368214
3368226
3368281
3368284
3368294
3368323
3368347
3368352
3368388
3368390
3368392
3368397
3368433
3368436
3368459
3368508
3368524
3368575
3368577
3368597
3368616
3368640
3368756
3368773
3368866
3368886
3373598
3373609
3373612
3373645
3373653
3373681
3373722
3373733
3373734
3373738
3373743
3373759
3373796
3373813
3373820
3373844
3373886
3373889
3373898
3373907
3373909
3373910
3373923
3373925
3373943
3373959
3373960
3373976
3373986
3373998
3374001
3374013
3374024
3374025
3374031
3374060
3374064
3374111
3374173
3374182
3374203
3374221
3374244
3374261
3374288
3374313
3374343
3374353
3374365
3374383
3374403
3374413
3374472
3374478
3374493
3374526
3374530
3374542
3374555
3374561
3374566
3374605
3374621
3374649
3374667
3374678
3374690
3374729
3374739
3374817
3374821
3374826
3374831
3374834
3374849
3374851
3374877
3374900
3374901
3374936
3374951
3374959
3375005
3375007
3375026
3375027
3375034
3375038
3375047
3375063
3375070
3375091
3375103
3375119
3375159
3375171
3375201
3375203
3375205
3375229
3375254
3375271
3375277
3375282
3375290
3375308
3375320
3375330
3375336
3375354
3375364
3375387
3375388
3375397
3375398
3375408
3375433
3375439
3375447
3375457
3375459
3375461
3375476
3375479
3375480
3375508
3375532
3375536
3375538
3375566
3375580
3375599
3375622
3375626
3375652
3375663
3375717
3375740
3375745
3375788
3375829
3375877
3375917
3375952
3376001
3376009
3376017
3376021
3376047
3376053
3376078
3376098
3376133
3376157
3376161
3376175
3376236
3376255
3376257
3376294
3376296
3376297
3376298
3376302
3376312
3376320
3376341
3376356
3376357
3376370
3376390
3376403
3376412
3376431
3376435
3376442
3376480
3376484
3376488
3376539
3376541
3376545
3376551
3376562
3376567
3376572
3376589
3376597
3376623
3376632
3376640
3376642
3376659
3376660
3376663
3376693
3376704
3376705
3376726
3376738
3376792
3376793
3376808
3376824
3376835
3376863
3376899
3376928
3376965
3376972
3377002
3377012
3377015
3377081
3377094
3377108
3377167
3377171
3377227
3377233
3377239
3377251
3377255
3377282
3377373
3377392
3377417
3377437
3377458
3377526
3377528
3377538
3377617
3377648
3377652
3377691
3377701
3377706
3377738
3377765
3377773
3377781
3377792
3377804
3377808
3377817
3377820
3377882
3377886
3377888
3377890
3377917
3377926
3377935
3377973
3377993
3377998
3378005
3378012
3378026
3378041
3378096
3378117
3378124
3378127
3378131
3378151
3378160
3378163
3378179
3378205
3378222
3378239
3378241
3378243
3378288
3378291
3378296
3378321
3378345
3378369
3378436
3378446
3378460
3378470
3378496
3378540
3378566
3378570
3378578
3378596
3378628
3378670
3378673
3378704
3378738
3378739
3378755
3378797
3378831
3378836
3378852
3378885
3378902
3378954
3378976
3378991
3378995
3379027
3379032
3379067
3379088
3379090
3379126
3379159
3379188
3379216
3379217
3379235
3379264
3379318
3379332
3379333
3379388
3379389
3379390
3379441
3379461
3379541
3379594
3379606
3379614
3379635
3379639
3379671
3379723
3379761
3379830
3379888
3379906
3380046
3380066
3380074
3380214
3380288
3380334
3380382
3380436
3380440
3380449
3380529
3380537
3380549
3380579
3380646
3380663
3380687
3380734
3380754
3380774
3380833
3380920
3380975
3381003
3381007
3381015
3381048
3381056
3381074
3381077
3381124
3381159
3381174
3381191
3381276
3381280
3381336
3381352
3381454
3381456
3381478
3381514
3381736
3381788
3381813
3381817
3381912
3381976
3381988
3382007
3382093
3382125
3382185
3382256
3382389
3382424
3382428
3382440
3382452
3382475
3382606
3382628
3382640
3382652
3382665
3382765
3382769
3382841
3382857
3382908
3382956
3382964
3383096
3383165
3383244
3383276
3383288
3383304
3383312
3383316
3383391
3383470
3383485
3383527
3383603
3383660
3383676
3383701
3383725
3383744
3383752
3383808
3383824
3383834
3383859
3383865
3383883
3383914
3383918
3384004
3384079
3384083
3384099
3384103
3384143
3384195
3384216
3384228
3384268
3384298
3384313
3384341
3384371
3384381
3384408
3384419
3384428
3384439
3384456
3384460
3384576
3384595
3384600
3384831
3384834
3384837
3384877
3384918
3384963
3384990
3384998
3385006
3385018
3385032
3385038
3385109
3385118
3385134
3385151
3385158
3385174
3385220
3385271
3385299
3385305
3385335
3385350
3385352
3385384
3385391
3385403
3385431
3385435
3385459
3385461
3385494
3385510
3385555
3385587
3385590
3385594
3385623
3385634
3385676
3385684
3385686
3385692
3385707
3385713
3385733
3385734
3385772
3385773
3385821
3385825
3385850
3385856
3385891
3385904
3385917
3385931
3385949
3385952
3385957
3385980
3385998
3386009
3386017
3386036
3386041
3386045
3386054
3386104
3386111
3386141
3386151
3386152
3386168
3386188
3386191
3386246
3386294
3386296
3386327
3386329
3386359
3386366
3386451
3386500
3386514
3386517
3386530
3386541
3386569
3386572
3386579
3386599
3386660
3386667
3386669
3386696
3386706
3386709
3386729
3386741
3386767
3386770
3386779
3386807
3386808
3386820
3386857
3386887
3386918
3386930
3386951
3386955
3386972
3386976
3386999
3387003
3387005
3387028
3387040
3387082
3387105
3387151
3387157
3387165
3387169
3387212
3387224
3387234
3387265
3387268
3387319
3387321
3387323
3387386
3387411
3387417
3387447
3387574
3387616
3387625
3387629
3387645
3387649
3387653
3387661
3387668
3387721
3387733
3387741
3387743
3387780
3387818
3387826
3387836
3387865
3387868
3387869
3387875
3387881
3387885
3387889
3387900
3387911
3387936
3387942
3387964
3387970
3387992
3388004
3388021
3388032
3388035
3388070
3388074
3388077
3388098
3388164
3388166
3388199
3388216
3388267
3388288
3388315
3388351
3388362
3388373
3388374
3388444
3388474
3388482
3388484
3388498
3388501
3388531
3388559
3388567
3388573
3388589
3388638
3388641
3388644
3388660
3388665
3388681
3388704
3388757
3388771
3388808
3388813
3388822
3388860
3388877
3388880
3388888
3388889
3388915
3388918
3388923
3388926
3388963
3388974
3388994
3389000
3389016
3389027
3389051
3389070
3389104
3389120
3389132
3389172
3389188
3389192
3389199
3389204
3389205
3389213
3389225
3389237
3389245
3389246
3389276
3389283
3389329
3389334
3389354
3389364
3389368
3389379
3389384
3389385
3389391
3389402
3389409
3389434
3389444
3389473
3389481
3389489
3389517
3389587
3389597
3389625
3389631
3389635
3389654
3389656
3389681
3389690
3389756
3389793
3389825
3389830
3389862
3389864
3389910
3389914
3389919
3390006
3390026
3390045
3390054
3390118
3390148
3390168
3390176
3390188
3390211
3390216
3390264
3390283
3390287
3390311
3390323
3390326
3390369
3390408
3390416
3390523
3390585
3390657
3390666
3390756
3390791
3390822
3390834
3390869
3390957
3390989
3391045
3391093
3391391
3395165
3395183
3395193
3395208
3395232
3395284
3395293
3395311
3395323
3395347
3395366
3395379
3395383
3395386
3395390
3395391
3395414
3395418
3395435
3395485
3395494
3395509
3395517
3395522
3395530
3395533
3395551
3395572
3395579
3395622
3395643
3395644
3395647
3395658
3395667
3395668
3395698
3395730
3395732
3395738
3395777
3395790
3395798
3395800
3395851
3395859
3395882
3395888
3395892
3395895
3395907
3395931
3395989
3395993
3396013
3396045
3396048
3396056
3396070
3396131
3396144
3396161
3396182
3396213
3396244
3396266
3396275
3396279
3396294
3396325
3396329
3396361
3396403
3396421
3396427
3396491
3396492
3396535
3396590
3396627
3396655
3396658
3396674
3396687
3396758
3396786
3396794
3396796
3396804
3396805
3396809
3396825
3396840
3396857
3396875
3396886
3396895
3396913
3396923
3396936
3396954
3396962
3396992
3396996
3397022
3397025
3397050
3397079
3397096
3397110
3397186
3397206
3397229
3397252
3397261
3397275
3397283
3397338
3397347
3397369
3397370
3397382
3397408
3397419
3397426
3397433
3397446
3397458
3397467
3397495
3397504
3397510
3397548
3397576
3397581
3397606
3397616
3397620
3397634
3397644
3397669
3397704
3397746
3397783
3397804
3397847
3397863
3397867
3397868
3397883
3397888
3397895
3397912
3397970
3398101
3398112
3398128
3398161
3398191
3398194
3398204
3398211
3398261
3398269
3398274
3398280
3398291
3398332
3398342
3398361
3398430
3398502
3398505
3398529
3398544
3398569
3398584
3398585
3398589
3398643
3398658
3398702
3398739
3398836
3398841
3398880
3398884
3398899
3398920
3398935
3398940
3398945
3399006
3399037
3399042
3399067
3399092
3399097
3399099
3399129
3399142
3399172
3399182
3399261
3399265
3399291
3399365
3399392
3399446
3399541
3399561
3399599
3399609
3399635
3399700
3399702
3399725
3399749
3399811
3399837
3399909
3399918
3399928
3399971
3400032
3400044
3400048
3400110
3400164
3400174
3400194
3400229
3400259
3400279
3400312
3400319
3400338
3400382
3400440
3400509
3400515
3400542
3400568
3400596
3400618
3400633
3400649
3400668
3400689
3400693
3400703
3400733
3400757
3400816
3400890
3400953
3400983
3401000
3401051
3401078
3401080
3401098
3401165
3401187
3401189
3401191
3401203
3401238
3401245
3401280
3401289
3401386
3401442
3401448
3401493
3401520
3401545
3401628
3401699
3401714
3401745
3401802
3401827
3401837
3401848
3401853
3401945
3402059
3402099
