0.000000 1.000000 1.000000 1.000000
0.025000 0.663230 0.696468 0.696468
0.050000 0.606777 0.673067 0.673067
0.075000 0.568406 0.639865 0.639865
0.100000 0.539783 0.617474 0.617474
0.125000 0.514568 0.588543 0.588543
0.150000 0.476977 0.557273 0.557273
0.175000 0.446488 0.529433 0.529433
0.200000 0.418649 0.496117 0.496117
0.225000 0.384615 0.462906 0.462906
0.250000 0.355002 0.428630 0.428630
0.275000 0.323134 0.389669 0.389669
0.300000 0.293762 0.347662 0.347662
0.325000 0.258964 0.293532 0.293532
0.350000 0.215531 0.228247 0.228247
0.375000 0.167183 0.146185 0.146185
0.400000 0.105915 0.059912 0.059912
0.425000 0.044742 0.032349 0.032349
0.450000 0.021334 0.000000 0.000000
0.475000 0.000000 0.000000 0.000000
0.500000 0.000000 0.000000 0.000000
0.525000 0.000000 0.000000 0.000000
0.550000 0.000000 0.000000 0.000000
0.575000 0.000000 0.000000 0.000000
0.600000 0.000000 0.000000 0.000000
0.625000 0.000000 0.000000 0.000000
0.650000 0.000000 0.000000 0.000000
0.675000 0.000000 0.000000 0.000000
0.700000 0.000000 0.000000 0.000000
0.725000 0.000000 0.000000 0.000000
0.750000 0.000000 0.000000 0.000000
0.775000 0.000000 0.000000 0.000000
0.800000 0.000000 0.000000 0.000000
0.825000 0.000000 0.000000 0.000000
0.850000 0.000000 0.000000 0.000000
0.875000 0.000000 0.000000 0.000000
0.900000 0.000000 0.000000 0.000000
0.925000 0.000000 0.000000 0.000000
0.950000 0.000000 0.000000 0.000000
0.975000 0.000000 0.000000 0.000000
1.000000 0.000000 0.000000 0.000000
