0.000000 1.000000 1.000000 1.000000
0.025000 0.648829 0.701754 0.701754
0.050000 0.601866 0.672650 0.672650
0.075000 0.566277 0.650102 0.650102
0.100000 0.541201 0.616764 0.616764
0.125000 0.507862 0.579541 0.579541
0.150000 0.471017 0.547435 0.547435
0.175000 0.439974 0.522392 0.522392
0.200000 0.410814 0.492841 0.492841
0.225000 0.383803 0.459650 0.459650
0.250000 0.357512 0.433120 0.433120
0.275000 0.331673 0.402621 0.402621
0.300000 0.300465 0.352431 0.352431
0.325000 0.259027 0.298665 0.298665
0.350000 0.219898 0.235870 0.235870
0.375000 0.173731 0.161777 0.161777
0.400000 0.118638 0.068471 0.068471
0.425000 0.053159 0.032309 0.032309
0.450000 0.021226 0.000000 0.000000
0.475000 0.000000 0.000000 0.000000
0.500000 0.000000 0.000000 0.000000
0.525000 0.000000 0.000000 0.000000
0.550000 0.000000 0.000000 0.000000
0.575000 0.000000 0.000000 0.000000
0.600000 0.000000 0.000000 0.000000
0.625000 0.000000 0.000000 0.000000
0.650000 0.000000 0.000000 0.000000
0.675000 0.000000 0.000000 0.000000
0.700000 0.000000 0.000000 0.000000
0.725000 0.000000 0.000000 0.000000
0.750000 0.000000 0.000000 0.000000
0.775000 0.000000 0.000000 0.000000
0.800000 0.000000 0.000000 0.000000
0.825000 0.000000 0.000000 0.000000
0.850000 0.000000 0.000000 0.000000
0.875000 0.000000 0.000000 0.000000
0.900000 0.000000 0.000000 0.000000
0.925000 0.000000 0.000000 0.000000
0.950000 0.000000 0.000000 0.000000
0.975000 0.000000 0.000000 0.000000
1.000000 0.000000 0.000000 0.000000
