0.000000 1.000000 1.000000 1.000000
0.025000 0.668990 0.713318 0.713318
0.050000 0.656947 0.703704 0.703704
0.075000 0.612354 0.666903 0.666903
0.100000 0.560263 0.633014 0.633014
0.125000 0.521502 0.599159 0.599159
0.150000 0.494836 0.571689 0.571689
0.175000 0.460377 0.527644 0.527644
0.200000 0.423481 0.496733 0.496733
0.225000 0.392402 0.468304 0.468304
0.250000 0.364449 0.426029 0.426029
0.275000 0.326872 0.388908 0.388908
0.300000 0.295668 0.350112 0.350112
0.325000 0.263983 0.299713 0.299713
0.350000 0.223044 0.226909 0.226909
0.375000 0.165097 0.149187 0.149187
0.400000 0.103832 0.057886 0.057886
0.425000 0.038288 0.032780 0.032780
0.450000 0.021579 0.000000 0.000000
0.475000 0.000000 0.000000 0.000000
0.500000 0.000000 0.000000 0.000000
0.525000 0.000000 0.000000 0.000000
0.550000 0.000000 0.000000 0.000000
0.575000 0.000000 0.000000 0.000000
0.600000 0.000000 0.000000 0.000000
0.625000 0.000000 0.000000 0.000000
0.650000 0.000000 0.000000 0.000000
0.675000 0.000000 0.000000 0.000000
0.700000 0.000000 0.000000 0.000000
0.725000 0.000000 0.000000 0.000000
0.750000 0.000000 0.000000 0.000000
0.775000 0.000000 0.000000 0.000000
0.800000 0.000000 0.000000 0.000000
0.825000 0.000000 0.000000 0.000000
0.850000 0.000000 0.000000 0.000000
0.875000 0.000000 0.000000 0.000000
0.900000 0.000000 0.000000 0.000000
0.925000 0.000000 0.000000 0.000000
0.950000 0.000000 0.000000 0.000000
0.975000 0.000000 0.000000 0.000000
1.000000 0.000000 0.000000 0.000000
