2979135
2979164
2979175
2979179
2979192
2979206
2979208
2979217
2979218
2979264
2979266
2979273
2979279
2979298
2979306
2979650
2979662
2979669
2979675
2979685
2979708
2979721
2979726
2979736
2979750
2979762
2979780
2979784
2979807
2979822
3034937
3034952
3034956
3034972
3034986
3034994
3035043
3035058
3035101
3035106
3035121
3035146
3035149
3035154
3035196
3035257
3035261
3035271
3035282
3035367
3035705
3035712
3035720
3035763
3035788
3035794
3035815
3035817
3035831
3035833
3035843
3035905
3035927
3035929
3035933
3035935
3035936
3035960
3035966
3035967
3035970
3035985
3035987
3036065
3036074
3036079
3036091
3036098
3036102
3036111
3036115
3036116
3036118
3036174
3036184
3036207
3036215
3036228
3036237
3036238
3036270
3036280
3036281
3036294
3036309
3036315
3036323
3036330
3036333
3036335
3036336
3036342
3036344
3036347
3036348
3036350
3036357
3036418
3036422
3036444
3036445
3036453
3036496
3036497
3036522
3036523
3037554
3037879
3037929
3037931
3037944
3037955
3037959
3038059
3038118
3038126
3038154
3038159
3038160
3038162
3038164
3038172
3038192
3038199
3038211
3038236
3038244
3038262
3038283
3038298
3038316
3038320
3038341
3038351
3038381
3038449
3038460
3038465
3038470
3038478
3038503
3038504
3038511
3038550
3038566
3038593
3038616
3038643
3038671
3038686
3038696
3038706
3038712
3038716
3038748
3038758
3038781
3038792
3038795
3038800
3038803
3038809
3038812
3038829
3038831
3038850
3038869
3038893
3038910
3038918
3038919
3038920
3038941
3038948
3038957
3038972
3038976
3038984
3038988
3038995
3039002
3039040
3039041
3039047
3039048
3039080
3039081
3039089
3039093
3039097
3039114
3039122
3039148
3039156
3039205
3039242
3040356
3040368
3040373
3040376
3040381
3040405
3040429
3040431
3040448
3040486
3040495
3040500
3040524
3040543
3040553
3040555
3040559
3040561
3040563
3040577
3040593
3040595
3040616
3040622
3040636
3040637
3040652
3040655
3040672
3040690
3040693
3040703
3040716
3040725
3040739
3040757
3040773
3040790
3040802
3040809
3040818
3040836
3040840
3040841
3040849
3040866
3040870
3040910
3040918
3040930
3040934
3040953
3040962
3040966
3040975
3040996
3041017
3041021
3041038
3041039
3041042
3041057
3041068
3041070
3041074
3041083
3041104
3041111
3041126
3041128
3041131
3041135
3041143
3041145
3041176
3041182
3041209
3041229
3041241
3041246
3041279
3041331
3041333
3041342
3041349
3041351
3041360
3041380
3041382
3041387
3041423
3041433
3041439
3041444
3041501
3041505
3041520
3041566
3041577
3041582
3041618
3041630
3041641
3041647
3041651
3041653
3041670
3041672
3041703
3041722
3041737
3041740
3041742
3041760
3041800
3041939
3041953
3041997
3043113
3043158
3043180
3043181
3043206
3043217
3043218
3043220
3043221
3043272
3043296
3043301
3043302
3043312
3043340
3043341
3043354
3043357
3043371
3043406
3043410
3043441
3043454
3043470
3043472
3043480
3043489
3043495
3043496
3043530
3043533
3043591
3043617
3043639
3043664
3043682
3043683
3043685
3043693
3043700
3043701
3043757
3043769
3043779
3043783
3043796
3043799
3043825
3043826
3043838
3043855
3043878
3043895
3043917
3043972
3043978
3043993
3044000
3044027
3044043
3044055
3044065
3044076
3044093
3044102
3044104
3044115
3044119
3044123
3044146
3044175
3044221
3044224
3044235
3044238
3044255
3044400
3044416
3044418
3044427
3044446
3044474
3044492
3044591
3044617
3044618
3044633
3044635
3044639
3044640
3044654
3044661
3044676
3044677
3045692
3045703
3045709
3045722
3045725
3045743
3045751
3045752
3045775
3045790
3045839
3045849
3045854
3045871
3045904
3045921
3045942
3045946
3045951
3045961
3045968
3045981
3045983
3045998
3046003
3046047
3046068
3046079
3046082
3046085
3046096
3046100
3046135
3046142
3046152
3046170
3046172
3046177
3046210
3046220
3046238
3046253
3046259
3046280
3046304
3046305
3046308
3046316
3046325
3046363
3046371
3046387
3046394
3046430
3046464
3046469
3046518
3046521
3046523
3046538
3046561
3046568
3046574
3046575
3046576
3046583
3046592
3046593
3046595
3046644
3046651
3046656
3046670
3046672
3046702
3046719
3046724
3046725
3046765
3046773
3046781
3046793
3046797
3046813
3046815
3046835
3046841
3046843
3046848
3046869
3046873
3046896
3046931
3046947
3046953
3046982
3046988
3046997
3046999
3047015
3047023
3047025
3047027
3047030
3047052
3047141
3047148
3047150
3047155
3047185
3047201
3047205
3047216
3047219
3047236
3047240
3047247
3047248
3047260
3047265
3047300
3047305
3047323
3047426
3048417
3048434
3048459
3048462
3048463
3048502
3048562
3048583
3048588
3048598
3048619
3048650
3048653
3048654
3048665
3048669
3048676
3048684
3048694
3048719
3048751
3048759
3048766
3048773
3048829
3048855
3048856
3048871
3048872
3048886
3048902
3048904
3048907
3048918
3048925
3048945
3048972
3048986
3048991
3049006
3049068
3049069
3049098
3049103
3049110
3049135
3049158
3049162
3049163
3049180
3049183
3049187
3049204
3049207
3049212
3049214
3049217
3049220
3049246
3049264
3049270
3049274
3049285
3049291
3049301
3049328
3049353
3049360
3049378
3049387
3049394
3049416
3049421
3049431
3049463
3049469
3049480
3049483
3049486
3049490
3049491
3049523
3049525
3049531
3049554
3049562
3049600
3049601
3049617
3049621
3049646
3049647
3049662
3049670
3049684
3049699
3049727
3049740
3049752
3049765
3049771
3049778
3049841
3049861
3049873
3049887
3049890
3049955
3049969
3049997
3049998
3051126
3051269
3051271
3051296
3051315
3051318
3051332
3051352
3051368
3051388
3051406
3051416
3051454
3051466
3051501
3051502
3051532
3051556
3051593
3051606
3051612
3051613
3051618
3051627
3051631
3051633
3051636
3051652
3051657
3051700
3051737
3051744
3051746
3051752
3051786
3051803
3051804
3051857
3051860
3051879
3051881
3051886
3051905
3051960
3051976
3051984
3051996
3052000
3052007
3052016
3052020
3052021
3052034
3052054
3052075
3052079
3052096
3052114
3052122
3052139
3052156
3052179
3052188
3052254
3052260
3052293
3052324
3052336
3052354
3052373
3052377
3052381
3052395
3052396
3052432
3052437
3052445
3052448
3052460
3052468
3052472
3052487
3052491
3052493
3052534
3052561
3052584
3052585
3052619
3052636
3052645
3052675
3052713
3052720
3052750
3052773
3052779
3052795
3052806
3052815
3052821
3052823
3052824
3052844
3052848
3052852
3052863
3052881
3052888
3052905
3052953
3052975
3052987
3052988
3053005
3053010
3053019
3053045
3053046
3053053
3053080
3053081
3053082
3053102
3053112
3053115
3053122
3053124
3053125
3053127
3053128
3053146
3053153
3053169
3053174
3053182
3053235
3053242
3053245
3053267
3053273
3053321
3053323
3053343
3053346
3053352
3053362
3054439
3054455
3054456
3054466
3054488
3054499
3054502
3054526
3054535
3054536
3054537
3054541
3054556
3054574
3054583
3054618
3054629
3054694
3054703
3054713
3054719
3054745
3054756
3054765
3054771
3054783
3054788
3054800
3054808
3054835
3054837
3054887
3054958
3055023
3055037
3055039
3055056
3055094
3055101
3055104
3055166
3055179
3055316
3055330
3055332
3055337
3055344
3055349
3055355
3055364
3055472
3055519
3055532
3055567
3055607
3055790
3055811
3055821
3055829
3055843
3055861
3055980
3055984
3055992
3055999
3056010
3056034
3056035
3056042
3056048
3056049
3056093
3056106
3056119
3056125
3056592
3056638
3056645
3056651
3056653
3056667
3056678
3056683
3056686
3056691
3056707
3056717
3056732
3056736
3056737
3056741
3056761
3056762
3056765
3056805
3056812
3056859
3056909
3056925
3056938
3056981
3056982
3057005
3057018
3057019
3057041
3057064
3057070
3057079
3057080
3057086
3057117
3057156
3057219
3057230
3057289
3057312
3057320
3057331
3057374
3057415
3057418
3057438
3057470
3057474
3057479
3057486
3057523
3057524
3057525
3057540
3057574
3057590
3057614
3057623
3057644
3057652
3057673
3057680
3057763
3057812
3058726
3058740
3058741
3058743
3058759
3058788
3058795
3058802
3058815
3058822
3058826
3058832
3058871
3059064
3059072
3059335
3059394
3059411
3059430
3059456
3059491
3059502
3059510
3059518
3059545
3059564
3059566
3059570
3059574
3059617
3059637
3059640
3059656
3059675
3059678
3059691
3059693
3059695
3059729
3059735
3059738
3059749
3059751
3059774
3059790
3059794
3059809
3059837
3059843
3059856
3059862
3059865
3059874
3059967
3059990
3060006
3060019
3060029
3060031
3060054
3060113
3060119
3060123
3060136
3060173
3060175
3060177
3060179
3060180
3060191
3060202
3060210
3060250
3060252
3060256
3060289
3060299
3060306
3060321
3060329
3060348
3060349
3060365
3060386
3060398
3060410
3061417
3061450
3061451
3061453
3061468
3061480
3061498
3061505
3061541
3061542
3061565
3061615
3061619
3061650
3061651
3061652
3061662
3061678
3061695
3061697
3061714
3061737
3061750
3061763
3061778
3061781
3061798
3061840
3061848
3061865
3061872
3061876
3061891
3061900
3061902
3061909
3061912
3061923
3061968
3061981
3061992
3062003
3062014
3062095
3062096
3062106
3062108
3062117
3062133
3062150
3062162
3062177
3062182
3062192
3062210
3062236
3062245
3062250
3062257
3062291
3062292
3062303
3062325
3062345
3062348
3062359
3062361
3062363
3062366
3062372
3062405
3062408
3062415
3062454
3062459
3062462
3062530
3062545
3062550
3062551
3062558
3062572
3062609
3062652
3062656
3062719
3062720
3062723
3062735
3062750
3062767
3062779
3062806
3062837
3062846
3062854
3062914
3062933
3062978
3062982
3063005
3063119
3063120
3063134
3063136
3063212
3064184
3064205
3064230
3064234
3064237
3064251
3064253
3064268
3064290
3064317
3064318
3064338
3064369
3064378
3064402
3064403
3064406
3064408
3064445
3064469
3064485
3064495
3064509
3064527
3064535
3064539
3064549
3064550
3064593
3064594
3064696
3064704
3064727
3064736
3064760
3064762
3064779
3064802
3064803
3064831
3064833
3064838
3064839
3064863
3064885
3064898
3064920
3064927
3064939
3064968
3065007
3065026
3065052
3065061
3065065
3065070
3065102
3065106
3065325
3065352
3065366
3065390
3065391
3065395
3065402
3065417
3065433
3065457
3065469
3065492
3065493
3065497
3065499
3065501
3065504
3065506
3065514
3065517
3065522
3065525
3065536
3065550
3065574
3065577
3065587
3065600
3065619
3065625
3065677
3065686
3065688
3065793
3066800
3066806
3066821
3066872
3066882
3066884
3066886
3066939
3066964
3067000
3067002
3067010
3067031
3067032
3067044
3067050
3067060
3067110
3067121
3067122
3067140
3067151
3067164
3067200
3067209
3067220
3067222
3067224
3067235
3067240
3067242
3067262
3067291
3067294
3067296
3067350
3067351
3067385
3067396
3067401
3067407
3067413
3067420
3067428
3067444
3067470
3067484
3067521
3067590
3067608
3067609
3067619
3067624
3067659
3067667
3067682
3067684
3067701
3067707
3067723
3067763
3067764
3067834
3067846
3067852
3067853
3067865
3067870
3067878
3067881
3067890
3067907
3067909
3067919
3067952
3067955
3067970
3068009
3068018
3068026
3068051
3068054
3068058
3068059
3068087
3068102
3068115
3068123
3068127
3068159
3068181
3068194
3068209
3068234
3068236
3068237
3068252
3068268
3068271
3068283
3068288
3068309
3068311
3068318
3068323
3068334
3068337
3068356
3068368
3068373
3068379
3068394
3068443
3068451
3069506
3069516
3069519
3069581
3069615
3069628
3069658
3069668
3069698
3069712
3069822
3069837
3069849
3069860
3069878
3069898
3069902
3069924
3069932
3069945
3069983
3069987
3070052
3070168
3070199
3070221
3070287
3070315
3070319
3070322
3070344
3070394
3070395
3070399
3070469
3070486
3070493
3070495
3070523
3070582
3070626
3070631
3070759
3070858
3071085
3071087
3071111
3071193
3071204
3072337
3072381
3072426
3072448
3072457
3072459
3072462
3072463
3072477
3072478
3072484
3072524
3072538
3072540
3072544
3072613
3072660
3072664
3072702
3072714
3072718
3072721
3072724
3072725
3072743
3072745
3072749
3072754
3072758
3072764
3072765
3072766
3072776
3072796
3072799
3072817
3072857
3072860
3072885
3072891
3072904
3072915
3072916
3072917
3072918
3072924
3072958
3072988
3073012
3073020
3073023
3073049
3073067
3073071
3073076
3073083
3073085
3073114
3073119
3073123
3073135
3073245
3073246
3073247
3073249
3073267
3073278
3073281
3073283
3073312
3073334
3073360
3073362
3073390
3073405
3073425
3073435
3073453
3073467
3073478
3073479
3073497
3073508
3073512
3073538
3073543
3073547
3073559
3073583
3073592
3073626
3073639
3073643
3073645
3073649
3073670
3073762
3073796
3073806
3073825
3073857
3073859
3073871
3073905
3073908
3073916
3073919
3073939
3073963
3074938
3074959
3074974
3074994
3075025
3075031
3075038
3075040
3075055
3075074
3075087
3075089
3075129
3075133
3075145
3075170
3075177
3075193
3075202
3075212
3075230
3075246
3075273
3075287
3075295
3075296
3075307
3075376
3075377
3075391
3075400
3075407
3075453
3075492
3075500
3075523
3075524
3075526
3075539
3075541
3075583
3075607
3075610
3075635
3075641
3075683
3075693
3075694
3075704
3075716
3075721
3075724
3075750
3075762
3075766
3075785
3075798
3075817
3075822
3075827
3075876
3075879
3075886
3075902
3075906
3075909
3075916
3075924
3075964
3075995
3076003
3076010
3076024
3076030
3076033
3076038
3076057
3076073
3076095
3076098
3076109
3076123
3076153
3076157
3076164
3076180
3076193
3076210
3076220
3076261
3076272
3076278
3076301
3076308
3076311
3076322
3076346
3076349
3076351
3076389
3076395
3076412
3076434
3076455
3076465
3076494
3076505
3076508
3076512
3077652
3077654
3077677
3077678
3077686
3077704
3077756
3077762
3077769
3077800
3077801
3077804
3077820
3077829
3077841
3077843
3077845
3077847
3077851
3077858
3077860
3077866
3077894
3077901
3077904
3077907
3077916
3077917
3077919
3077935
3077938
3077942
3077956
3077977
3077982
3078004
3078041
3078060
3078081
3078083
3078137
3078166
3078174
3078179
3078191
3078229
3078240
3078243
3078255
3078267
3078269
3078270
3078287
3078304
3078305
3078309
3078327
3078333
3078339
3078341
3078354
3078357
3078359
3078360
3078368
3078389
3078391
3078419
3078426
3078454
3078460
3078466
3078467
3078470
3078484
3078486
3078502
3078535
3078539
3078552
3078572
3078574
3078604
3078621
3078626
3078638
3078644
3078656
3078668
3078677
3078689
3078694
3078716
3078725
3078732
3078738
3078751
3078763
3078770
3078807
3078820
3078837
3078852
3078871
3078887
3078889
3078893
3078899
3078924
3078941
3078944
3078954
3078959
3078963
3078969
3078979
3078998
3078999
3079021
3079028
3079037
3079041
3079075
3079103
3079104
3079112
3079115
3079131
3079136
3079146
3079158
3079189
3079201
3079206
3079222
3079231
3079255
3079261
3079264
3079282
3079303
3079304
3079306
3079385
3080426
3080434
3080491
3080577
3080584
3080591
3080634
3080640
3080661
3080664
3080726
3080756
3080778
3080788
3080798
3080822
3080829
3080836
3080842
3080857
3080865
3080879
3080891
3080895
3080944
3080949
3080966
3080968
3080996
3081002
3081008
3081021
3081031
3081064
3081115
3081117
3081132
3081137
3081165
3081190
3081192
3081195
3081206
3081210
3081216
3081218
3081220
3081231
3081235
3081244
3081266
3081289
3081294
3081307
3081359
3081376
3081386
3081396
3081404
3081417
3081422
3081521
3081541
3081549
3081557
3081563
3081567
3081570
3081586
3081603
3081618
3081638
3081646
3081660
3081704
3081735
3081746
3081751
3081765
3081769
3081770
3081797
3081799
3081800
3081802
3081807
3081814
3081846
3081853
3081869
3081877
3081883
3081916
3081922
3081931
3081991
3082015
3082016
3082019
3082027
3082029
3082072
3082098
3082108
3082121
3082391
3082474
3082482
3082483
3083115
3083168
3083179
3083187
3083232
3083243
3083253
3083262
3083279
3083304
3083317
3083324
3083335
3083355
3083364
3083365
3083378
3083397
3083404
3083405
3083419
3083420
3083424
3083432
3083436
3083443
3083449
3083451
3083471
3083500
3083502
3083503
3083519
3083543
3083550
3083559
3083561
3083586
3083599
3083608
3083614
3083632
3083644
3083691
3083693
3083696
3083705
3083711
3083756
3083769
3083770
3083786
3083805
3083813
3083819
3083831
3083835
3083848
3083853
3083856
3083865
3083869
3083871
3083873
3083876
3083881
3083883
3083886
3083896
3083910
3083922
3083934
3083937
3083991
3083993
3084012
3084016
3084020
3084048
3084059
3084067
3084079
3084080
3084083
3084086
3084106
3084128
3084134
3084137
3084167
3084234
3084243
3084247
3084256
3084265
3084270
3084285
3084300
3084313
3084315
3084323
3084371
3084376
3084380
3084389
3084391
3084392
3084402
3084404
3084412
3084424
3084431
3084435
3084453
3084476
3084537
3084558
3084603
3084605
3084755
3084791
3084805
3085755
3085804
3085805
3085892
3085904
3085915
3085920
3085921
3085951
3085952
3085979
3085981
3085983
3086003
3086010
3086040
3086059
3086070
3086072
3086079
3086086
3086087
3086089
3086092
3086116
3086120
3086137
3086152
3086156
3086157
3086166
3086168
3086170
3086199
3086200
3086204
3086215
3086228
3086238
3086241
3086248
3086251
3086288
3086327
3086364
3086383
3086394
3086401
3086418
3086421
3086422
3086453
3086459
3086465
3086469
3086493
3086508
3086512
3086519
3086525
3086529
3086530
3086532
3086541
3086553
3086569
3086577
3086584
3086643
3086647
3086661
3086672
3086682
3086685
3086697
3086753
3086804
3086822
3086842
3086870
3086880
3086882
3086892
3086929
3086959
3086964
3086975
3086976
3086982
3086996
3087010
3087013
3087014
3087026
3087032
3087063
3087068
3087082
3087102
3087105
3087113
3087142
3087162
3087171
3087202
3087246
3087248
3087262
3087315
3087322
3087333
3087369
3087412
3087432
3088531
3088534
3088536
3088551
3088580
3088583
3088595
3088603
3088611
3088612
3088624
3088626
3088628
3088640
3088648
3088707
3088715
3088760
3088796
3088801
3088833
3088835
3088839
3088855
3088881
3088891
3088893
3088905
3088918
3088950
3088957
3088958
3088961
3088988
3088995
3088997
3089015
3089049
3089057
3089061
3089086
3089100
3089105
3089115
3089130
3089134
3089168
3089183
3089198
3089208
3089221
3089296
3089302
3089313
3089319
3089329
3089382
3089435
3089445
3089461
3089488
3089510
3089518
3089530
3089531
3089543
3089562
3089564
3089568
3089612
3089622
3089636
3089644
3089650
3089652
3089655
3089672
3089694
3089697
3089702
3089710
3089715
3089733
3089754
3089760
3089766
3089778
3089782
3089802
3089804
3089805
3089822
3089868
3089900
3089901
3089924
3089944
3089960
3089965
3090013
3090017
3090080
3090116
3090151
3090160
3091239
3091244
3091288
3091304
3091312
3091344
3091368
3091375
3091396
3091415
3091420
3091422
3091435
3091448
3091497
3091514
3091600
3091610
3091621
3091659
3091660
3091661
3091665
3091684
3091691
3091692
3091694
3091717
3091724
3091747
3091794
3091799
3091816
3091838
3091847
3091869
3091874
3091878
3091900
3091914
3091922
3091923
3091925
3091939
3091993
3092002
3092004
3092008
3092019
3092020
3092040
3092042
3092051
3092056
3092059
3092080
3092135
3092137
3092145
3092217
3092232
3092240
3092273
3092287
3092292
3092303
3092304
3092307
3092316
3092323
3092329
3092330
3092339
3092359
3092363
3092383
3092417
3092424
3092438
3092447
3092470
3092484
3092501
3092515
3092520
3092539
3092547
3092550
3092598
3092622
3092629
3092635
3092661
3092714
3092735
3092738
3092741
3092744
3092753
3092760
3092765
3092784
3092810
3092823
3092828
3092838
3092871
3092929
3093301
3093308
3093906
3093921
3093924
3093931
3093950
3093958
3094106
3094123
3094197
3094201
3094228
3094231
3094242
3094252
3094280
3094285
3094289
3094304
3094306
3094373
3094377
3094381
3094394
3094398
3094405
3094415
3094418
3094420
3094421
3094453
3094491
3094504
3094505
3094518
3094531
3094533
3094543
3094566
3094569
3094572
3094576
3094593
3094647
3094672
3094691
3094708
3094750
3094756
3094764
3094781
3094787
3094788
3094810
3094812
3094835
3094836
3094859
3094864
3094880
3094882
3094901
3094916
3094950
3094963
3094964
3095065
3095073
3095091
3095105
3095111
3095115
3095116
3095117
3095121
3095160
3095191
3095217
3095229
3095237
3095253
3095258
3095259
3095285
3095328
3095360
3095364
3095384
3095412
3095441
3095504
3096659
3096671
3096673
3096689
3096721
3096728
3096733
3096737
3096739
3096758
3096793
3096807
3096816
3096825
3096837
3096931
3096945
3096950
3096982
3096987
3097005
3097023
3097033
3097048
3097058
3097080
3097111
3097121
3097135
3097172
3097193
3097210
3097213
3097246
3097249
3097264
3097281
3097315
3097323
3097331
3097336
3097344
3097353
3097354
3097372
3097381
3097405
3097426
3097431
3097437
3097452
3097480
3097490
3097491
3097493
3097543
3097546
3097556
3097561
3097573
3097588
3097591
3097624
3097632
3097638
3097649
3097651
3097668
3097676
3097703
3097707
3097721
3097726
3097755
3097770
3097854
3097864
3097884
3097885
3097900
3097904
3097912
3097915
3097919
3097923
3097930
3097932
3097953
3097957
3097959
3097980
3097983
3097990
3098056
3098159
3098179
3098190
3098209
3098224
3098227
3098231
3098237
3098261
3098278
3098293
3098298
3098307
3098918
3099333
3099347
3099358
3099366
3099371
3099381
3099386
3099405
3099418
3099422
3099423
3099437
3099439
3099448
3099461
3099470
3099528
3099532
3099542
3099565
3099595
3099605
3099606
3099619
3099649
3099653
3099672
3099726
3099742
3099753
3099756
3099813
3099823
3099864
3099867
3099870
3099871
3099872
3099902
3099948
3099959
3099961
3099962
3099972
3099974
3099992
3100008
3100029
3100041
3100082
3100098
3100159
3100169
3100195
3100197
3100204
3100213
3100219
3100245
3100252
3100253
3100265
3100280
3100295
3100297
3100305
3100307
3100311
3100354
3100377
3100413
3100415
3100420
3100426
3100430
3100507
3100533
3100536
3100556
3100589
3100590
3100592
3100593
3100612
3100615
3100637
3100639
3100641
3100674
3100675
3100695
3100709
3100713
3100733
3100746
3100774
3100789
3100798
3100817
3100825
3100833
3100840
3100869
3100870
3101009
3101027
3101028
3101048
3101051
3101061
3101067
3102060
3102076
3102085
3102089
3102123
3102125
3102143
3102147
3102170
3102189
3102196
3102205
3102206
3102211
3102217
3102222
3102230
3102233
3102252
3102259
3102271
3102300
3102319
3102327
3102329
3102378
3102408
3102422
3102424
3102451
3102452
3102457
3102485
3102505
3102510
3102516
3102539
3102567
3102577
3102586
3102596
3102599
3102608
3102610
3102632
3102657
3102660
3102683
3102711
3102717
3102721
3102731
3102742
3102750
3102752
3102764
3102768
3102771
3102840
3102866
3102871
3102906
3102937
3102954
3102967
3102997
3103079
3103088
3103157
3103160
3103176
3103195
3103255
3103265
3103331
3103352
3103354
3103355
3103361
3103384
3103388
3103428
3103473
3103478
3103482
3103555
3103599
3103606
3103608
3103612
3103684
3103703
3103706
3104750
3104790
3104846
3104863
3104867
3104892
3104920
3104932
3104944
3105004
3105005
3105011
3105018
3105026
3105027
3105037
3105060
3105076
3105080
3105107
3105112
3105118
3105136
3105159
3105161
3105164
3105177
3105178
3105196
3105216
3105219
3105226
3105271
3105272
3105278
3105296
3105297
3105308
3105341
3105342
3105348
3105389
3105412
3105416
3105435
3105455
3105470
3105478
3105484
3105517
3105519
3105521
3105547
3105559
3105582
3105624
3105628
3105634
3105644
3105674
3105675
3105684
3105685
3105700
3105730
3105733
3105741
3105753
3105754
3105769
3105778
3105781
3105884
3105923
3105932
3105968
3106014
3106021
3106033
3106055
3106063
3106065
3106088
3106091
3106114
3106115
3106117
3106152
3106163
3106166
3106198
3106203
3106210
3106237
3106253
3106283
3106301
3106311
3106316
3106366
3106393
3107183
3107188
3107228
3107231
3107243
3107251
3107259
3107282
3107285
3107292
3107304
3107307
3107352
3107377
3107379
3107407
3107417
3107427
3107429
3107438
3107443
3107448
3107485
3107489
3107501
3107502
3107510
3107513
3107514
3107515
3107567
3107587
3107595
3107605
3107627
3107635
3107636
3107657
3107665
3107670
3107676
3107689
3107710
3107715
3107719
3107721
3107722
3107748
3107788
3107795
3107801
3107817
3107830
3107842
3107844
3107853
3107860
3107884
3107894
3107944
3107984
3108004
3108005
3108007
3108066
3108078
3108490
3108501
3108503
3108512
3108513
3108525
3108526
3108528
3108556
3108580
3108582
3108596
3108597
3108613
3108618
3108638
3108642
3108656
3108662
3108666
3108670
3108676
3108682
3108687
3108695
3108713
3108734
3108736
3108935
3108968
3108971
3108981
3108982
3108997
3109005
3109025
3109039
3109045
3109075
3109091
3109105
3109112
3109292
3109456
3109467
3109473
3110488
3110503
3110509
3110511
3110523
3110525
3110562
3110569
3110578
3110593
3110650
3110666
3110713
3110732
3110748
3110843
3110850
3110869
3110874
3110911
3110918
3110920
3110956
3110957
3110960
3110967
3110979
3110990
3111009
3111014
3111030
3111042
3111056
3111120
3111126
3111131
3111147
3111162
3111167
3111171
3111175
3111196
3111197
3111220
3111224
3111225
3111242
3111274
3111276
3111280
3111282
3111292
3111358
3111390
3111403
3111420
3111449
3111469
3111472
3111475
3111500
3111511
3111542
3111551
3111566
3111573
3111574
3111576
3111594
3111598
3111600
3111612
3111622
3111650
3111682
3111694
3111697
3111747
3111800
3111812
3111824
3111851
3111889
3111902
3111906
3111923
3111942
3111949
3111976
3112022
3112027
3112036
3112040
3112058
3112138
3112142
3112158
3112162
3113287
3113299
3113307
3113310
3113317
3113332
3113334
3113343
3113349
3113366
3113379
3113399
3113407
3113427
3113434
3113444
3113449
3113476
3113478
3113532
3113540
3113550
3113565
3113570
3113573
3113579
3113585
3113588
3113616
3113619
3113625
3113631
3113664
3113682
3113697
3113701
3113734
3113749
3113752
3113758
3113766
3113768
3113770
3113774
3113775
3113785
3113795
3113798
3113829
3113835
3113869
3113885
3113888
3113909
3113938
3113947
3113952
3113961
3113979
3113988
3114008
3114018
3114043
3114119
3114149
3114159
3114167
3114254
3114274
3114278
3114293
3114307
3114313
3114354
3114364
3114367
3114387
3114414
3114433
3114442
3114454
3114543
3114664
3114781
3114782
3115776
3115795
3115806
3115816
3115853
3115895
3115902
3115923
3115984
3116661
3117024
3117070
3117084
3117136
3117185
3117189
3117227
3117240
3117257
3117288
3117316
3117336
3117338
3117363
3117393
3117425
3117461
3117474
3117481
3117491
3117557
3117644
3117667
3117702
3117733
3117767
3117770
3117784
3117807
3117851
3117853
3117878
3117879
3117912
3117923
3117943
3117957
3117962
3117996
3118024
3118025
3118027
3118047
3118081
3118086
3118099
3118106
3118114
3118127
3118145
3118150
3118166
3118170
3118174
3118185
3118199
3118206
3118223
3118226
3118228
3118233
3118234
3118239
3118255
3118256
3118265
3118300
3118359
3118362
3118371
3118372
3118376
3118384
3118390
3118400
3118442
3118447
3118520
3118521
3118537
3118554
3118569
3118572
3118573
3118576
3118587
3118613
3118647
3119690
3119712
3119731
3119752
3119755
3119781
3119784
3119801
3119830
3119831
3119849
3119877
3119887
3119919
3119934
3119952
3119956
3119960
3119961
3120005
3120009
3120019
3120020
3120056
3120061
3120068
3120082
3120095
3120127
3120155
3120193
3120222
3120244
3120263
3120273
3120290
3120321
3120344
3120353
3120357
3120360
3120365
3120368
3120373
3120374
3120386
3120403
3120418
3120433
3120434
3120435
3120441
3120454
3120463
3120466
3120482
3120484
3120485
3120505
3120506
3120507
3120509
3120510
3120533
3120542
3120545
3120547
3120552
3120767
3120801
3120860
3120872
3120888
3120895
3120917
3120927
3120939
3120957
3120962
3120971
3120985
3120994
3121014
3121022
3121023
3121029
3121072
3121089
3121092
3121105
3121108
3121112
3121118
3121136
3121141
3121144
3121146
3121154
3121155
3121163
3121166
3121189
3121195
3121202
3121213
3121223
3121229
3121276
3121278
3121337
3121338
3121342
3121797
3121810
3122396
3122402
3122449
3122461
3122462
3122463
3122469
3122485
3122498
3122499
3122505
3122519
3122522
3122541
3122552
3122563
3122564
3122588
3122593
3122618
3122633
3122635
3122646
3122667
3122676
3122679
3122680
3122683
3122716
3122720
3122725
3122735
3122758
3122792
3122811
3122812
3122826
3122836
3122859
3122868
3122869
3122880
3122910
3122913
3122922
3122942
3122975
3122999
3123006
3123025
3123032
3123051
3123058
3123065
3123093
3123109
3123142
3123150
3123156
3123162
3123164
3123167
3123179
3123191
3123205
3123233
3123238
3123255
3123264
3123291
3123298
3123299
3123308
3123314
3123324
3123334
3123343
3123357
3123370
3123375
3123378
3123379
3123383
3123391
3123418
3123421
3123450
3123502
3123503
3123504
3123510
3123531
3123542
3123572
3123580
3123582
3123584
3123597
3123602
3123609
3123616
3123620
3123622
3123628
3123632
3123677
3123686
3123691
3123696
3123705
3123714
3123719
3123742
3123759
3123760
3123764
3123795
3123797
3123802
3123812
3123830
3123834
3123845
3123848
3123860
3123861
3123865
3123866
3123874
3123882
3123888
3123899
3123900
3123901
3123919
3123924
3123954
3123962
3124004
3124018
3124034
3124039
3124040
3124064
3124069
3124072
3124084
3124087
3124093
3124383
3124387
3124400
3124401
3124402
3125120
3125132
3125133
3125142
3125145
3125147
3125154
3125219
3125247
3125250
3125259
3125269
3125291
3125294
3125295
3125296
3125302
3125304
3125331
3125345
3125350
3125377
3125408
3125409
3125433
3125441
3125463
3125494
3125500
3125516
3125523
3125534
3125563
3125575
3125582
3125584
3125585
3125600
3125604
3125642
3125653
3125661
3125665
3125700
3125701
3125706
3125716
3125742
3125770
3125777
3125782
3125802
3125816
3125822
3125831
3125846
3125864
3125885
3125888
3125889
3125920
3125925
3125926
3125927
3125930
3125933
3125935
3125947
3125972
3125975
3125998
3126018
3126026
3126053
3126055
3126056
3126086
3126096
3126098
3126099
3126112
3126118
3126119
3126158
3126187
3126200
3126206
3126209
3126221
3126222
3126227
3126228
3126241
3126242
3126263
3126264
3126267
3126277
3126284
3126285
3126348
3126357
3126364
3126366
3126375
3126382
3126422
3126436
3126450
3126470
3126472
3126475
3126479
3126500
3126510
3126519
3126520
3126523
3126525
3126532
3126542
3126546
3126549
3126556
3126560
3126562
3126570
3126578
3126628
3126630
3126646
3126751
3126788
3126795
3126806
3126812
3126814
3126830
3127832
3127849
3127885
3127893
3127895
3127908
3127930
3127935
3127946
3127953
3127958
3127978
3127981
3127994
3128002
3128020
3128040
3128051
3128053
3128056
3128065
3128084
3128118
3128124
3128128
3128180
3128193
3128195
3128207
3128212
3128217
3128237
3128257
3128258
3128272
3128282
3128297
3128300
3128309
3128317
3128340
3128344
3128390
3128397
3128398
3128399
3128403
3128407
3128408
3128416
3128439
3128464
3128613
3128617
3128620
3128630
3128636
3128670
3128674
3128680
3128688
3128691
3128694
3128696
3128726
3128735
3128737
3128752
3128759
3128761
3128765
3128771
3128777
3128781
3128789
3128790
3128803
3128811
3128832
3128833
3128837
3128873
3128887
3128893
3128902
3128904
3128917
3128920
3128927
3128929
3128952
3128968
3128970
3129012
3129036
3129040
3129046
3129048
3129054
3129070
3129079
3129091
3129120
3129130
3129148
3129156
3129159
3129160
3129169
3129170
3129210
3129211
3129302
3129314
3129369
3129396
3129397
3129406
3130622
3130638
3130642
3130669
3130678
3130684
3130693
3130702
3130708
3130714
3130716
3130719
3130730
3130740
3130744
3130785
3130808
3130811
3130833
3130837
3130892
3130919
3130951
3130961
3131027
3131056
3131059
3131094
3131120
3131147
3131176
3131215
3131223
3131239
3131240
3131308
3131316
3131331
3131338
3131362
3131398
3131402
3131482
3131493
3131496
3131508
3131509
3131512
3131518
3131520
3131529
3131548
3131593
3131625
3131631
3131648
3131650
3131651
3131671
3131681
3131699
3131702
3131711
3131713
3131715
3131720
3131725
3131761
3131763
3131775
3131778
3131786
3131790
3131795
3131802
3131808
3131810
3131820
3131824
3131847
3131856
3131858
3131862
3131888
3131890
3131894
3131897
3131898
3131903
3131910
3131996
3132011
3132024
3132059
3132079
3132099
3132100
3132105
3132110
3132119
3132123
3132140
3132142
3132145
3132151
3132154
3132156
3132163
3132167
3132173
3132187
3132192
3132194
3132211
3132238
3133220
3133231
3133259
3133261
3133262
3133279
3133287
3133289
3133318
3133324
3133329
3133336
3133343
3133345
3133360
3133361
3133363
3133364
3133365
3133370
3133372
3133414
3133421
3133471
3133492
3133522
3133529
3133544
3133545
3133547
3133563
3133572
3133574
3133577
3133597
3133609
3133623
3133644
3133653
3133658
3133669
3133682
3133690
3133691
3133702
3133723
3133767
3133822
3133879
3133895
3133897
3133902
3133916
3133967
3133978
3133990
3134000
3134002
3134003
3134037
3134051
3134062
3134066
3134069
3134128
3134156
3134175
3134198
3134202
3134205
3134210
3134216
3134243
3134268
3134282
3134326
3134371
3134405
3134407
3134449
3134479
3134482
3134507
3134511
3134514
3134534
3134565
3134583
3134586
3134592
3134603
3134606
3134639
3134642
3134680
3134703
3134705
3134732
3134741
3134751
3134803
3134809
3134820
3134822
3134829
3134831
3134835
3134836
3134858
3134863
3134869
3134899
3134916
3134918
3134922
3134934
3135958
3135968
3135974
3135989
3136031
3136034
3136042
3136050
3136098
3136128
3136136
3136163
3136172
3136188
3136190
3136194
3136204
3136233
3136245
3136267
3136294
3136301
3136305
3136325
3136354
3136370
3136399
3136412
3136413
3136420
3136461
3136473
3136493
3136520
3136533
3136538
3136540
3136543
3136550
3136554
3136562
3136571
3136584
3136587
3136592
3136606
3136607
3136608
3136611
3136827
3136831
3136865
3136880
3136887
3136898
3136901
3136907
3136933
3136946
3136950
3136969
3136975
3136984
3136988
3137003
3137040
3137051
3137061
3137075
3137078
3137110
3137116
3137140
3137177
3137192
3137200
3137206
3137207
3137209
3137216
3137228
3137230
3137241
3137249
3137322
3137327
3137348
3137400
3137449
3137463
3137476
3137481
3137489
3137501
3137508
3137512
3137544
3137560
3137586
3137602
3137610
3137683
3137685
3137688
3138772
3138775
3138778
3138802
3138823
3138849
3138869
3138933
3138972
3139006
3139010
3139017
3139026
3139040
3139045
3139049
3139085
3139093
3139105
3139144
3139256
3139262
3139273
3139325
3139329
3139330
3139349
3139352
3139371
3139372
3139382
3139402
3139439
3139477
3139478
3139480
3139506
3139522
3139533
3139545
3139551
3139560
3139565
3139581
3139601
3139651
3139665
3139676
3139702
3139717
3139770
3139773
3139864
3139866
3139870
3139871
3139872
3139898
3139910
3139943
3139961
3140003
3140027
3140035
3140049
3140068
3140072
3140074
3140082
3140097
3140234
3140235
3140237
3140241
3140275
3140277
3140298
3140306
3140351
3140371
3140372
3142142
3142150
3142169
3142244
3142250
3142280
3142314
3142349
3142363
3142375
3142422
3142441
3142464
3142529
3142613
3142658
3142666
3142717
3142734
3142759
3142806
3142850
3142882
3142908
3142913
3142973
3143013
3143025
3143166
3143210
3143250
3143273
3143313
3143350
3143366
3143416
3143431
3143447
3143462
3143515
3143554
3143749
3143750
3143756
3143774
3143781
3143831
3143855
3143862
3143874
3143951
3143967
3143997
3144003
3144017
3144165
3144197
3144229
3144239
3144256
3144270
3144285
3144300
3144325
3144434
3144465
3144471
3144502
3144561
3144588
3144594
3144644
3144658
3144660
3144675
3144741
3144768
3144770
3144817
3144824
3144838
3144907
3144986
3145002
3145007
3145017
3145019
3145027
3145048
3145052
3145087
3145105
3145142
3147146
3147180
3147196
3147200
3147205
3147219
3147234
3147253
3147265
3147267
3147280
3147322
3147363
3147381
3147396
3147417
3147427
3147544
3147598
3147702
3147733
3147773
3147777
3147792
3147796
3147800
3147844
3147859
3147953
3147969
3147976
3148001
3148003
3148173
3148248
3148288
3148384
3148417
3148420
3148457
3148488
3148492
3148511
3148540
3148544
3148548
3148557
3148559
3148573
3148578
3148609
3148650
3148656
3148681
3148704
3148725
3148739
3148743
3148745
3148748
3148779
3148781
3148807
3148809
3148858
3148879
3148895
3148904
3148914
3149003
3149098
3149125
3149149
3149233
3149239
3149260
3149268
3149298
3149320
3149400
3149429
3149443
3149460
3149483
3149489
3149521
3149535
3149576
3149593
3149671
3149742
3149752
3149779
3149829
3149984
3150001
3150040
3150051
3150138
3150210
3150294
3150310
3150359
3152377
3152385
3152404
3152406
3152490
3152504
3152532
3152550
3152551
3152553
3152619
3152624
3152626
3152696
3152700
3152705
3152730
3152738
3152742
3152809
3152824
3152837
3152877
3152891
3152912
3152923
3152960
3152964
3152970
3152983
3153054
3153073
3153085
3153131
3153133
3153137
3153170
3153190
3153255
3153282
3153305
3153319
3153324
3153336
3153378
3153404
3153418
3153527
3153529
3153629
3153633
3153704
3153732
3153818
3153824
3153859
3153987
3154105
3154129
3154151
3154168
3154187
3154191
3154266
3154358
3154369
3154377
3154404
3154410
3154423
3154452
3154488
3154496
3154511
3154529
3154534
3154538
3154540
3154550
3154575
3154631
3154641
3154676
3154705
3154746
3154777
3154870
3154880
3154898
3154959
3154960
3154961
3154970
3155006
3155016
3155023
3155033
3155035
3155051
3155056
3155065
3155066
3155072
3155088
3155090
3155096
3155103
3155104
3155105
3155106
3155145
3155147
3155162
3155165
3155169
3155178
3155193
3155199
3155227
3156361
3156384
3156411
3156428
3156433
3156434
3156439
3156454
3156464
3156471
3156473
3156478
3156484
3156518
3156533
3156540
3156557
3156580
3156598
3156676
3156683
3156689
3156692
3156709
3156715
3156718
3156721
3156747
3156780
3156807
3156815
3156816
3156918
3156929
3156933
3156939
3156945
3156973
3156975
3156994
3157018
3157039
3157045
3157046
3157063
3157073
3157117
3157122
3157124
3157153
3157155
3157163
3157169
3157185
3157194
3157207
3157211
3157212
3157273
3157279
3157296
3157302
3157313
3157315
3157317
3157323
3157332
3157339
3157363
3157367
3157369
3157403
3157481
3157505
3157547
3157567
3157574
3157589
3157629
3157655
3157658
3157672
3157676
3157683
3157686
3157699
3157705
3157713
3157723
3157744
3157745
3157758
3157764
3157776
3157787
3157799
3157846
3157848
3157857
3157898
3157910
3157917
3157919
3157959
3157961
3159162
3159179
3159204
3159241
3159258
3159269
3159274
3159286
3159301
3159302
3159313
3159324
3159326
3159331
3159333
3159394
3159398
3159403
3159420
3159459
3159476
3159488
3159496
3159506
3159526
3159546
3159564
3159584
3159612
3159631
3159651
3159688
3159692
3159694
3159699
3159764
3159771
3159787
3159810
3159834
3159850
3159857
3159868
3159877
3159893
3159908
3159909
3159956
3159968
3160001
3160014
3160029
3160034
3160043
3160053
3160073
3160078
3160082
3160100
3160115
3160124
3160127
3160136
3160159
3160163
3160164
3160166
3160170
3160178
3160188
3160210
3160217
3160223
3160243
3160261
3160274
3160286
3160309
3160310
3160319
3160325
3160328
3160330
3160344
3160358
3160359
3160387
3160392
3160394
3160408
3160414
3160418
3160423
3160450
3160456
3160461
3160468
3160470
3160472
3160476
3160495
3160496
3160532
3160545
3160548
3160574
3160585
3160612
3160638
3160688
3160702
3160703
3160705
3160707
3160770
3160796
3160815
3160826
3161888
3161933
3161940
3161943
3161946
3161962
3161995
3162001
3162004
3162028
3162056
3162085
3162115
3162121
3162125
3162129
3162144
3162187
3162198
3162214
3162217
3162221
3162227
3162231
3162239
3162241
3162242
3162268
3162274
3162302
3162304
3162318
3162330
3162342
3162401
3162421
3162454
3162457
3162460
3162465
3162493
3162495
3162506
3162543
3162550
3162573
3162581
3162582
3162585
3162597
3162614
3162637
3162647
3162653
3162660
3162666
3162675
3162682
3162684
3162694
3162717
3162730
3162756
3162763
3162765
3162769
3162779
3162790
3162821
3162826
3162848
3162852
3162875
3162889
3162895
3162907
3162944
3162981
3162995
3163001
3163012
3163052
3163053
3163060
3163066
3163070
3163076
3163083
3163088
3163096
3163137
3163157
3163165
3163167
3163211
3163258
3163260
3163270
3163289
3163308
3163310
3163335
3163347
3163355
3163358
3163397
3163400
3163429
3163433
3163448
3163449
3163467
3164630
3164659
3164669
3164695
3164696
3164742
3164747
3164786
3164789
3164795
3164797
3164803
3164825
3164828
3164853
3164890
3164918
3164932
3164950
3164961
3164962
3164968
3164969
3164979
3165003
3165004
3165006
3165008
3165018
3165031
3165047
3165048
3165061
3165062
3165072
3165073
3165095
3165102
3165116
3165127
3165138
3165159
3165161
3165164
3165168
3165203
3165211
3165233
3165265
3165287
3165294
3165309
3165324
3165351
3165364
3165367
3165370
3165378
3165401
3165407
3165430
3165467
3165475
3165491
3165533
3165538
3165542
3165543
3165562
3165577
3165592
3165608
3165616
3165639
3165648
3165652
3165659
3165660
3165669
3165671
3165690
3165754
3165804
3165831
3165838
3165841
3165861
3165874
3165881
3165897
3165901
3165912
3165926
3165980
3166002
3166010
3166040
3166046
3166049
3166057
3166081
3166084
3166093
3166111
3166120
3166148
3166155
3166162
3166167
3166190
3166290
3166302
3167353
3167384
3167388
3167429
3167430
3167461
3167484
3167485
3167487
3167546
3167557
3167582
3167586
3167590
3167592
3167593
3167600
3167614
3167664
3167676
3167698
3167705
3167709
3167722
3167761
3167771
3167785
3167792
3167797
3167851
3167857
3167858
3167896
3167960
3167971
3167990
3167996
3168023
3168027
3168028
3168050
3168066
3168069
3168092
3168110
3168126
3168127
3168130
3168131
3168189
3168190
3168196
3168237
3168276
3168294
3168296
3168317
3168341
3168343
3168352
3168368
3168383
3168391
3168433
3168440
3168443
3168451
3168457
3168475
3168482
3168491
3168496
3168497
3168498
3168517
3168532
3168539
3168543
3168559
3168587
3168589
3168605
3168672
3168701
3168732
3168734
3168767
3168783
3168792
3168802
3168835
3168850
3168851
3168858
3168863
3168919
3168923
3168926
3168959
3168966
3168970
3168971
3168987
3168999
3169005
3170074
3170130
3170132
3170142
3170166
3170170
3170204
3170226
3170230
3170238
3170250
3170275
3170286
3170317
3170340
3170356
3170360
3170364
3170416
3170426
3170436
3170458
3170486
3170487
3170501
3170503
3170522
3170540
3170547
3170567
3170597
3170614
3170617
3170638
3170651
3170658
3170667
3170668
3170696
3170705
3170716
3170719
3170733
3170738
3170748
3170753
3170790
3170797
3170806
3170826
3170831
3170837
3170848
3170851
3170853
3170875
3170879
3170883
3170888
3170893
3170935
3170943
3170952
3170965
3170979
3170992
3171023
3171027
3171031
3171039
3171100
3171136
3171161
3171163
3171167
3171170
3171191
3171196
3171207
3171216
3171217
3171286
3171316
3171322
3171323
3171325
3171335
3171352
3171360
3171380
3171394
3171405
3171411
3171418
3171430
3171437
3171450
3171458
3171465
3171473
3171479
3171481
3171514
3171542
3171610
3171622
3171764
3172880
3172894
3172916
3172919
3172937
3172951
3172963
3172965
3172999
3173014
3173022
3173033
3173037
3173058
3173082
3173083
3173102
3173123
3173130
3173134
3173154
3173166
3173169
3173170
3173171
3173193
3173204
3173216
3173218
3173224
3173227
3173242
3173247
3173260
3173267
3173272
3173281
3173285
3173287
3173298
3173313
3173328
3173332
3173343
3173394
3173446
3173451
3173465
3173470
3173478
3173492
3173498
3173499
3173521
3173529
3173557
3173567
3173616
3173622
3173649
3173658
3173669
3173679
3173694
3173718
3173722
3173727
3173729
3173732
3173772
3173773
3173779
3173790
3173804
3173809
3173817
3173839
3173864
3173867
3173889
3173915
3173977
3173988
3173995
3173996
3174010
3174053
3174075
3174076
3174082
3174086
3174102
3174105
3174109
3174130
3174143
3174175
3174177
3174219
3174221
3174227
3174251
3174258
3174265
3174274
3174296
3174341
3174343
3174362
3174363
3174378
3174387
3174410
3174411
3174412
3174436
3175610
3175612
3175624
3175647
3175683
3175716
3175717
3175740
3175773
3175775
3175865
3175869
3175892
3175896
3175917
3175918
3175919
3175928
3175948
3175985
3175997
3176007
3176011
3176022
3176034
3176042
3176045
3176054
3176058
3176059
3176105
3176108
3176109
3176144
3176176
3176189
3176202
3176250
3176251
3176267
3176270
3176272
3176277
3176282
3176287
3176299
3176310
3176324
3176331
3176350
3176353
3176354
3176381
3176383
3176424
3176465
3176470
3176489
3176522
3176524
3176547
3176549
3176556
3176570
3176591
3176592
3176605
3176613
3176618
3176619
3176636
3176646
3176659
3176662
3176673
3176685
3176690
3176695
3176699
3176721
3176745
3176746
3176773
3176777
3176781
3176788
3176802
3176810
3176815
3176824
3176853
3176857
3176894
3176914
3176943
3177012
3177024
3177027
3177052
3177064
3177110
3177112
3177129
3177146
3178304
3178341
3178443
3178446
3178491
3178497
3178514
3178527
3178547
3178588
3178595
3178598
3178609
3178624
3178633
3178635
3178640
3178666
3178667
3178689
3178699
3178706
3178716
3178722
3178745
3178771
3178776
3178782
3178796
3178807
3178826
3178834
3178859
3178877
3178894
3178907
3178918
3178922
3178931
3178948
3179002
3179013
3179041
3179107
3179110
3179119
3179148
3179169
3179172
3179175
3179176
3179182
3179192
3179202
3179214
3179220
3179226
3179235
3179263
3179299
3179309
3179320
3179325
3179326
3179334
3179344
3179382
3179441
3179445
3179474
3179476
3179502
3179510
3179534
3179536
3179572
3179584
3179641
3179654
3179683
3179721
3179726
3179728
3179733
3179749
3179756
3179774
3179777
3179800
3179807
3179808
3179813
3179817
3179921
3179923
3179934
3179990
3180987
3181117
3181120
3181123
3181173
3181181
3181188
3181199
3181214
3181254
3181261
3181320
3181341
3181361
3181367
3181393
3181394
3181406
3181417
3181423
3181447
3181466
3181472
3181497
3181504
3181506
3181511
3181516
3181532
3181536
3181570
3181571
3181614
3181629
3181647
3181649
3181652
3181653
3181673
3181674
3181703
3181711
3181713
3181715
3181732
3181753
3181792
3181814
3181815
3181823
3181844
3181867
3181884
3181886
3181894
3181906
3181918
3181941
3181974
3181988
3182023
3182030
3182042
3182045
3182071
3182075
3182076
3182094
3182109
3182120
3182121
3182124
3182125
3182130
3182137
3182148
3182160
3182178
3182179
3182184
3182190
3182211
3182235
3182242
3182249
3182259
3182275
3182278
3182283
3182326
3182336
3182355
3182359
3182362
3182423
3182429
3182436
3182450
3182474
3182480
3182490
3182532
3182535
3182537
3182550
3182561
3182571
3182677
3182678
3182709
3183844
3183845
3183857
3183863
3183892
3183918
3183921
3183923
3183929
3183982
3183998
3184003
3184005
3184054
3184068
3184079
3184106
3184149
3184151
3184166
3184169
3184200
3184209
3184251
3184252
3184260
3184264
3184272
3184291
3184308
3184313
3184318
3184328
3184344
3184352
3184387
3184390
3184399
3184404
3184407
3184453
3184472
3184478
3184479
3184485
3184494
3184500
3184513
3184535
3184536
3184538
3184541
3184546
3184560
3184603
3184611
3184613
3184618
3184622
3184633
3184634
3184638
3184640
3184655
3184659
3184660
3184667
3184669
3184683
3184700
3184721
3184735
3184739
3184747
3184775
3184787
3184819
3184822
3184823
3184840
3184841
3184871
3184889
3184901
3184902
3184922
3184935
3184961
3184975
3184987
3184999
3185020
3185021
3185030
3185070
3185100
3185129
3185133
3185148
3185155
3185162
3185177
3185194
3185246
3185259
3185271
3185316
3185345
3186444
3186518
3186627
3186641
3186682
3186693
3186706
3186707
3186714
3186715
3186743
3186765
3186766
3186821
3186846
3186875
3186948
3187003
3187006
3187042
3187048
3187049
3187052
3187056
3187086
3187090
3187099
3187100
3187113
3187131
3187149
3187174
3187176
3187189
3187206
3187222
3187245
3187260
3187270
3187310
3187359
3187380
3187396
3187416
3187429
3187431
3187434
3187441
3187449
3187460
3187478
3187480
3187524
3187537
3187551
3187557
3187571
3187573
3187577
3187578
3187590
3187594
3187611
3187624
3187642
3187660
3187662
3187673
3187681
3187683
3187686
3187688
3187697
3187710
3187713
3187717
3187721
3187723
3187727
3187729
3187746
3187763
3187767
3187793
3187832
3187841
3187851
3187869
3187871
3187877
3187885
3187892
3187899
3187901
3187909
3187922
3187935
3187988
3187995
3188001
3188049
3188070
3188081
3188113
3188115
3190227
3190261
3190271
3190273
3190284
3190296
3190313
3190416
3190418
3190429
3190431
3190449
3190450
3190455
3190511
3190673
3190713
3190795
3190799
3190815
3190843
3190868
3191961
3191964
3192053
3192076
3192124
3192131
3192326
3192363
3192370
3192401
3192402
3192453
3192479
3192494
3192503
3192560
3192570
3192573
3192593
3192653
3192715
3192725
3192745
3192760
3192771
3192774
3192784
3192853
3192860
3192879
3192892
3192897
3192904
3192915
3192918
3192925
3192940
3192941
3192946
3192947
3192951
3192952
3192956
3193084
3193093
3193097
3193136
3193142
3193146
3193151
3193167
3193211
3193226
3193245
3193363
3193417
3193419
3193440
3193501
3193546
3193627
3193629
3193634
3193638
3194735
3194738
3194741
3194798
3194834
3194855
3194869
3194897
3194899
3194904
3194910
3194932
3194953
3194961
3194968
3194995
3194999
3195028
3195052
3195078
3195105
3195121
3195125
3195142
3195152
3195158
3195182
3195184
3195220
3195239
3195273
3195282
3195288
3195313
3195317
3195366
3195386
3195388
3195403
3195404
3195417
3195467
3195469
3195498
3195502
3195507
3195511
3195554
3195557
3195564
3195585
3195618
3195621
3195640
3195644
3195652
3195660
3195703
3195715
3195731
3195742
3195747
3195760
3195761
3195781
3195824
3195830
3195841
3195849
3195865
3195874
3195938
3195947
3195959
3195960
3195962
3195965
3195969
3195973
3195993
3196000
3196015
3196022
3196048
3196059
3196063
3196065
3196071
3196085
3196095
3196122
3196124
3196142
3196154
3196169
3196193
3196202
3196219
3196221
3196225
3196269
3196277
3196291
3196309
3196310
3196316
3196329
3196401
3197689
3197730
3197790
3197853
3197878
3198117
3198132
3198276
3198285
3198289
3198297
3198314
3198488
3198492
3198496
3198590
3198592
3198659
3198736
3198738
3198818
3198881
3198885
3198997
3199092
3199127
3199222
3199259
3199262
3199276
3199319
3199341
3199352
3199562
3199686
3199818
3199833
3199839
3199866
3199973
3199975
3200038
3200069
3200094
3200173
3200246
3200248
3200300
3200357
3200363
3200407
3200409
3200437
3200486
3200499
3200516
3200540
3200547
3200564
3200573
3200617
3200664
3200670
3200738
3200746
3200748
3200798
3200800
3202939
3203013
3203044
3203051
3203117
3203123
3203141
3203150
3203164
3203178
3203224
3203233
3203290
3203430
3203870
3203876
3203878
3203905
3203935
3203937
3203985
3204002
3204009
3204034
3204056
3204135
3204203
3204220
3204239
3204254
3204336
3204347
3204348
3204458
3208177
3208266
3208314
3208320
3208336
3208343
3208405
3208426
3208430
3208484
3208490
3208532
3208546
3208555
3208580
3208766
3208772
3208919
3208925
3209110
3209112
3209118
3209153
3209166
3209176
3209218
3209233
3209345
3209349
3209355
3209370
3209495
3209509
3209512
3209541
3209719
3209723
3209779
3209781
3210484
3210493
3210640
3210646
3210702
3210774
3211013
3211016
3211018
3211028
3213311
3213316
3213363
3213598
3213644
3213719
3213775
3213787
3213819
3213827
3213862
3213879
3213922
3213924
3213941
3213963
3213967
3214112
3214139
3214186
3214217
3214221
3214249
3214274
3214280
3214353
3214365
3214419
3214492
3214530
3214556
3214561
3214624
3214647
3214651
3214655
3214669
3214723
3214751
3214770
3214780
3214805
3214807
3214881
3214888
3214894
3214925
3214939
3214947
3214959
3214968
3214988
3215027
3215037
3215044
3215058
3215089
3215115
3215136
3215142
3215193
3215211
3215218
3215240
3215253
3215261
3215340
3215342
3215410
3215435
3215470
3215552
3215604
3215613
3215644
3215683
3215699
3215708
3215733
3215743
3215814
3215820
3215857
3215866
3215870
3215909
3215929
3215984
3215993
3216012
3216028
3216031
3216050
3216084
3216097
3216163
3216206
3216216
3216221
3216225
3216227
3216245
3216247
3216259
3216313
3216340
3216459
3216476
3216485
3216505
3216546
3216561
3216650
3218884
3218970
3218979
3219002
3219050
3219122
3219144
3219145
3219157
3219169
3219182
3219190
3219205
3219226
3219247
3219272
3219284
3219295
3219403
3219404
3219425
3219471
3219502
3219521
3219523
3219577
3219596
3219598
3219682
3219694
3219727
3219809
3219828
3219853
3219872
3219880
3219901
3219928
3219934
3219940
3219944
3219948
3219971
3220089
3220100
3220135
3220139
3220144
3220175
3220181
3220223
3220229
3220326
3220337
3220396
3220433
3220440
3220452
3220456
3220467
3220479
3220509
3220523
3220570
3220599
3220638
3220659
3220668
3220688
3220714
3220716
3220757
3220768
3220787
3220799
3220802
3220835
3220869
3220873
3220886
3220898
3220940
3220969
3220986
3221026
3221036
3221044
3221047
3221076
3221078
3221111
3221148
3221167
3221194
3221283
3221298
3221314
3221384
3221415
3221421
3221438
3221454
3221479
3221524
3221537
3221545
3221578
3221594
3221619
3221640
3221673
3221675
3221679
3221710
3221714
3221770
3221873
3223803
3223815
3223887
3223893
3223922
3224016
3224125
3224287
3224461
3224503
3224571
3224664
3224684
3224742
3224808
3224858
3224874
3224902
3224925
3224974
3224990
3225001
3225042
3225052
3225124
3225128
3225143
3225202
3225211
3225241
3225249
3225252
3225254
3225295
3225311
3225317
3225321
3225359
3225379
3225398
3225428
3225429
3225457
3225519
3225553
3225586
3225617
3225646
3225650
3225656
3225661
3225724
3225798
3225800
3225873
3225905
3225911
3225944
3225977
3225988
3225996
3226044
3226058
3226075
3226100
3226104
3226110
3226144
3226167
3226175
3226194
3226233
3226241
3226262
3226264
3226266
3226297
3226339
3226358
3226403
3226455
3226462
3226464
3226468
3226520
3226547
3226574
3226611
3226613
3226615
3226639
3226654
3226710
3226764
3226826
3226830
3226871
3227005
3227014
3227025
3227049
3227051
3227055
3227057
3227089
3228966
3228969
3229173
3229176
3229188
3229219
3229249
3229374
3229393
3229395
3229397
3229403
3229501
3229518
3229527
3229534
3229539
3229541
3229544
3229554
3229562
3229570
3229579
3229591
3229604
3229608
3229644
3229670
3229674
3229686
3229728
3229825
3229852
3229870
3229926
3229930
3230045
3230076
3230094
3230135
3230157
3230247
3230266
3230308
3230377
3230412
3230462
3230480
3230486
3230590
3230621
3230668
3230687
3230713
3230715
3230744
3230771
3230806
3230828
3230841
3230855
3230868
3230932
3230981
3230990
3231039
3231058
3231068
3231076
3231088
3231109
3231162
3231164
3231177
3231208
3231228
3231305
3231333
3231334
3231348
3231363
3231365
3231373
3231388
3231410
3231429
3231431
3231458
3231552
3231570
3231618
3231661
3231682
3231715
3231738
3231750
3231766
3231767
3231777
3231804
3231820
3231829
3231831
3231849
3231896
3231900
3231948
3231949
3231976
3232018
3232063
3232144
3232167
3234237
3234322
3234344
3234346
3234383
3234394
3234400
3234414
3234418
3234422
3234431
3234450
3234457
3234477
3234505
3234532
3234540
3234545
3234558
3234559
3234616
3234619
3234648
3234665
3234725
3234775
3234804
3234816
3234845
3234892
3234988
3234992
3235011
3235066
3235118
3235147
3235153
3235174
3235233
3235248
3235277
3235339
3235353
3235398
3235410
3235412
3235447
3235448
3235473
3235638
3235647
3235663
3235667
3235686
3235698
3235711
3235717
3235728
3235744
3235745
3235767
3235799
3235813
3235855
3235933
3235958
3235970
3235978
3236005
3236011
3236038
3236077
3236087
3236140
3236141
3236147
3236150
3236154
3236157
3236234
3236290
3236355
3236384
3236388
3236392
3236478
3236482
3236516
3236551
3236561
3236628
3236651
3236748
3236799
3236851
3236859
3236870
3236876
3236882
3236911
3236949
3236972
3236990
3237010
3237104
3237127
3237141
3237148
3237324
3237326
3237330
3237338
3237346
3237353
3237361
3237454
3239270
3239366
3239379
3239439
3239504
3239597
3239618
3239731
3239768
3239808
3239810
3239822
3239826
3239842
3239849
3239874
3239888
3239896
3239910
3239918
3239927
3239966
3239978
3240003
3240037
3240047
3240070
3240074
3240076
3240085
3240093
3240131
3240137
3240218
3240234
3240320
3240332
3240344
3240367
3240373
3240403
3240424
3240432
3240480
3240512
3240557
3240563
3240596
3240602
3240604
3240615
3240623
3240655
3240715
3240723
3240742
3240750
3240754
3240816
3240818
3240834
3240863
3240883
3240891
3240918
3240933
3240939
3240972
3240974
3241002
3241008
3241014
3241024
3241096
3241129
3241159
3241163
3241174
3241180
3241209
3241217
3241266
3241285
3241314
3241368
3241478
3241484
3241557
3241693
3241704
3241733
3241747
3241760
3241807
3241817
3241843
3241872
3241932
3241936
3241962
3242017
3242019
3242033
3242041
3242066
3242106
3242108
3242115
3242117
3242145
3242164
3242204
3242208
3242222
3242229
3242257
3242389
3242414
3242437
3242445
3244433
3244502
3244520
3244579
3244602
3244649
3244664
3244667
3244668
3244677
3244687
3244695
3244718
3244722
3244727
3244739
3244752
3244754
3244759
3244782
3244813
3244821
3244829
3244850
3244854
3244869
3244870
3244910
3244946
3244973
3244976
3244983
3244986
3245002
3245005
3245011
3245020
3245028
3245031
3245042
3245046
3245051
3245070
3245106
3245109
3245151
3245152
3245212
3245221
3245315
3245326
3245332
3245344
3245358
3245369
3245381
3245406
3245418
3245443
3245449
3245462
3245463
3245479
3245482
3245499
3245504
3245510
3245512
3245518
3245519
3245540
3245575
3245583
3245615
3245616
3245617
3245624
3245626
3245636
3245679
3245688
3245691
3245721
3245743
3245748
3245756
3245762
3245777
3245799
3245813
3245817
3245821
3245829
3245834
3245875
3245897
3245902
3245920
3245922
3245943
3245958
3245962
3245968
3245980
3245981
3246002
3246005
3246033
3246066
3247107
3247205
3247230
3247249
3247337
3247357
3247406
3247476
3247479
3247500
3247514
3247515
3247517
3247526
3247545
3247558
3247564
3247566
3247577
3247601
3247606
3247612
3247651
3247653
3247663
3247677
3247693
3247718
3247727
3247733
3247749
3247784
3247803
3247812
3247815
3247828
3247831
3247837
3247844
3247853
3247863
3247872
3247875
3247879
3247903
3247940
3247959
3247986
3247993
3247994
3248014
3248039
3248043
3248073
3248080
3248096
3248099
3248101
3248126
3248128
3248149
3248173
3248186
3248214
3248229
3248230
3248241
3248248
3248255
3248290
3248297
3248340
3248362
3248365
3248390
3248405
3248419
3248445
3248449
3248462
3248466
3248470
3248496
3248509
3248520
3248528
3248548
3248558
3248567
3248593
3248596
3248643
3248645
3248682
3248686
3248694
3248711
3248718
3248725
3248734
3249030
3249143
3249921
3249930
3249931
3249946
3249956
3249984
3250030
3250040
3250047
3250064
3250097
3250132
3250134
3250142
3250149
3250152
3250166
3250192
3250223
3250232
3250237
3250264
3250275
3250278
3250284
3250285
3250305
3250306
3250320
3250354
3250356
3250360
3250383
3250403
3250413
3250437
3250465
3250486
3250518
3250521
3250552
3250563
3250573
3250614
3250616
3250640
3250642
3250672
3250681
3250682
3250687
3250703
3250732
3250733
3250819
3250836
3250843
3250855
3250860
3250872
3250880
3250897
3250937
3250945
3250966
3250984
3251036
3251052
3251069
3251078
3251106
3251110
3251118
3251147
3251153
3251171
3251179
3251228
3251235
3251239
3251253
3251271
3251295
3251297
3251303
3251320
3251331
3251332
3251345
3251364
3251377
3251391
3251392
3251430
3251493
3252665
3252700
3252793
3252927
3252928
3252992
3253036
3253153
3253219
3253257
3253280
3253283
3253313
3253315
3253378
3253397
3253453
3253551
3253568
3253582
3253588
3253722
3253724
3253729
3253736
3253742
3253762
3253768
3253777
3253808
3253820
3253825
3253828
3253851
3253863
3253864
3253886
3253900
3253909
3253911
3253928
3253965
3253987
3254015
3254019
3254027
3254040
3254042
3254048
3254050
3254063
3254097
3254104
3254115
3254127
3254129
3254133
3254134
3254141
3254150
3254186
3254194
3254202
3254240
3254243
3255388
3255393
3255403
3255406
3255470
3255477
3255478
3255498
3255499
3255512
3255538
3255549
3255554
3255576
3255601
3255616
3255631
3255645
3255648
3255669
3255674
3255685
3255716
3255721
3255723
3255727
3255811
3255821
3255837
3255843
3255844
3255865
3255873
3255880
3255881
3255923
3255931
3255933
3255950
3255979
3256009
3256015
3256016
3256032
3256059
3256088
3256124
3256129
3256147
3256199
3256207
3256218
3256227
3256234
3256249
3256269
3256271
3256281
3256322
3256339
3256345
3256354
3256373
3256374
3256379
3256396
3256415
3256426
3256436
3256443
3256481
3256491
3256494
3256521
3256536
3256545
3256557
3256622
3256623
3256630
3256677
3256680
3256692
3256706
3256722
3256752
3256763
3256776
3256786
3256789
3256799
3256810
3256819
3256820
3256829
3256844
3256851
3256910
3256946
3258141
3258160
3258229
3258246
3258250
3258254
3258256
3258258
3258260
3258284
3258298
3258309
3258331
3258338
3258345
3258370
3258374
3258403
3258407
3258424
3258432
3258438
3258450
3258457
3258459
3258462
3258494
3258512
3258554
3258559
3258571
3258585
3258592
3258605
3258619
3258634
3258649
3258652
3258659
3258673
3258678
3258695
3258711
3258782
3258792
3258795
3258804
3258812
3258826
3258830
3258831
3259088
3259094
3259106
3259146
3259150
3259168
3259171
3259179
3259197
3259210
3259224
3259230
3259232
3259243
3259306
3259312
3259326
3259342
3259357
3259366
3259389
3259405
3259412
3259434
3259441
3259455
3259457
3259462
3259466
3259484
3259497
3259583
3259615
3259617
3259633
3259635
3259639
3259676
3259688
3259718
3259720
3259758
3259785
3259791
3259795
3259806
3259810
3260936
3260971
3260998
3261011
3261052
3261075
3261082
3261528
3261531
3261542
3261559
3261562
3261568
3261577
3261596
3261612
3261619
3261622
3261655
3261677
3261679
3261701
3261732
3261744
3261767
3261768
3261783
3261787
3261794
3261811
3261862
3261876
3261886
3261899
3261902
3261920
3261953
3261967
3261988
3262009
3262026
3262090
3262103
3262113
3262146
3262169
3262180
3262188
3262205
3262206
3262219
3262263
3262271
3262282
3262290
3262303
3262306
3262313
3262334
3262335
3262360
3262362
3262378
3262395
3262399
3262405
3262411
3262475
3262478
3262486
3263676
3263682
3263699
3263776
3263778
3263780
3263809
3263823
3263826
3263840
3263857
3263859
3263873
3263918
3263925
3263959
3263985
3264015
3264021
3264057
3264076
3264079
3264080
3264128
3264134
3264148
3264151
3264156
3264158
3264163
3264173
3264178
3264222
3264226
3264235
3264240
3264248
3264260
3264261
3264264
3264265
3264295
3264306
3264326
3264331
3264333
3264336
3264359
3264383
3264402
3264433
3264434
3264437
3264438
3264442
3264450
3264460
3264477
3264548
3264550
3264560
3264603
3264607
3264707
3264712
3264716
3264732
3264801
3264849
3264851
3264898
3264914
3264916
3264959
3264992
3265019
3265077
3265097
3265130
3265143
3265229
3265244
3265250
3265279
3265303
3265329
3265367
3265404
3265427
3265441
3265475
3265486
3265497
3265524
3265560
3265601
3265627
3265637
3265641
3265730
3265807
3265816
3265908
3265910
3265924
3265968
3267953
3268071
3268073
3268090
3268096
3268101
3268167
3268171
3268182
3268188
3268310
3268316
3268365
3268373
3268381
3268422
3268423
3268431
3268443
3268487
3268505
3268531
3268556
3268577
3268660
3268666
3268675
3268807
3268857
3268950
3268954
3268979
3269029
3269065
3269119
3269173
3269205
3269215
3269301
3269309
3269337
3269341
3269345
3269396
3269415
3269469
3269481
3269495
3269501
3269516
3269599
3269605
3269669
3269694
3269700
3269710
3269714
3269737
3269748
3269788
3269794
3269816
3269829
3269841
3269887
3269914
3269949
3269965
3269992
3270025
3270076
3270081
3270123
3270144
3270204
3270218
3270221
3270296
3270330
3270340
3270346
3270361
3270380
3270395
3270413
3270454
3270456
3270493
3270506
3270531
3270586
3270700
3270929
3270991
3271006
3271018
3271073
3271220
3273333
3273335
3273344
3273352
3273480
3273511
3273515
3273519
3273533
3273540
3273552
3273554
3273587
3273645
3273664
3273670
3273687
3273845
3273847
3273859
3273886
3273899
3273911
3273920
3274007
3274023
3274027
3274036
3274064
3274116
3274130
3274134
3274143
3274178
3274192
3274219
3274242
3274281
3274302
3274445
3274447
3274483
3274493
3274505
3274519
3274525
3274539
3274604
3274675
3274726
3274733
3274743
3274778
3274788
3274800
3274879
3274885
3274905
3274911
3274946
3274956
3274974
3275011
3275044
3275048
3275055
3275174
3275184
3275203
3275215
3275221
3275237
3275241
3275319
3275352
3275385
3275438
3275463
3275471
3275525
3275544
3275548
3275550
3275581
3275583
3275633
3275657
3275669
3275671
3275689
3275726
3275738
3275740
3275744
3275748
3275752
3275761
3275770
3275783
3275842
3275871
3275901
3275911
3275929
3275966
3276039
3276045
3276057
3276068
3276089
3276148
3276201
3276207
3276472
3276505
3276509
3276524
3278727
3322257
3322353
3322362
3322382
3322407
3322461
3322555
3322631
3323381
3323583
3323625
3324020
3324027
3324104
3324123
3324127
3324162
3330396
3330411
3330494
3330584
3330604
3331264
3331456
3331553
3331633
3331744
3331804
3331824
3331834
3332397
3332474
3334635
3334655
3334691
3334699
3334753
3334757
3334782
3334830
3334894
3334906
3335715
3335728
3336050
3336184
3336362
3340374
3341606
3341642
3341656
3341675
3341696
3341712
3341730
3341853
3341890
3341895
3341923
3342025
3342039
3342060
3342066
3342098
3342104
3342114
3342158
3342159
3342166
3342221
3342233
3342237
3342249
3342256
3342260
3342266
3342270
3342273
3342278
3342285
3342288
3342351
3342361
3342383
3342390
3342405
3342410
3342420
3342447
3342462
3342471
3342475
3342498
3342512
3342515
3342516
3342519
3342528
3342543
3342547
3342558
3342568
3342600
3342605
3342607
3342635
3342656
3342718
3342728
3342733
3342736
3342738
3342746
3342762
3342763
3342766
3342776
3342785
3342809
3342845
3342867
3342873
3342907
3342928
3342948
3343055
3343068
3343089
3343092
3343096
3343120
3343131
3343134
3343149
3343172
3343184
3343185
3343187
3343195
3343202
3343206
3343209
3343245
3343259
3343260
3343269
3343271
3343274
3343289
3343294
3343315
3343320
3343332
3343333
3343335
3343343
3343358
3343363
3343376
3343388
3343389
3343392
3343406
3343409
3343412
3343425
3343524
3343531
3343566
3343576
3343584
3343602
3343604
3343609
3343625
3343635
3343653
3343668
3343670
3343689
3343720
3343743
3343753
3343764
3343771
3343775
3343788
3343796
3343805
3343838
3343840
3343845
3343876
3343938
3343949
3343987
3344003
3344005
3344047
3344062
3344065
3344067
3344087
3344088
3344109
3344114
3344120
3344125
3344131
3344139
3344142
3344146
3344160
3344162
3344163
3344172
3344194
3344196
3344206
3344215
3344221
3344246
3344264
3344277
3344279
3344284
3344289
3344301
3344341
3344414
3344435
3344445
3344455
3344467
3344473
3344476
3344505
3344522
3344542
3344567
3344570
3344586
3344634
3344650
3344659
3344699
3344735
3344777
3344780
3344783
3344796
3344812
3344820
3344833
3344837
3344853
3344881
3344889
3344901
3344928
3344966
3344998
3345002
3345032
3345044
3345065
3345078
3345085
3345108
3345140
3345151
3345152
3345157
3345191
3345204
3345205
3345228
3345253
3345264
3345270
3345275
3345276
3345285
3345303
3345315
3345324
3345343
3345351
3345352
3345397
3345404
3345421
3345429
3345436
3345439
3345445
3345453
3345487
3345499
3345503
3345509
3345530
3345555
3345576
3345622
3345627
3345635
3345640
3345663
3345686
3345687
3345725
3345729
3345747
3345763
3345833
3345835
3345877
3345886
3345887
3345892
3345893
3345926
3345934
3345959
3346013
3346028
3346038
3346041
3346042
3346044
3346057
3346075
3346076
3346082
3346092
3346094
3346097
3346105
3346109
3346113
3346167
3346175
3346180
3346225
3346240
3346268
3346309
3346315
3346405
3346416
3346421
3346424
3346427
3346437
3346469
3346500
3346503
3346521
3346543
3346553
3346579
3346581
3346604
3346623
3346633
3346657
3346659
3346680
3346684
3346692
3346697
3346704
3346718
3346721
3346737
3346743
3346749
3346787
3346823
3346847
3346913
3346959
3346964
3346987
3347028
3347030
3347067
3347072
3347085
3347114
3347120
3347136
3347145
3347159
3347172
3347178
3347194
3347213
3347261
3347279
3347284
3347360
3347361
3347362
3347390
3347394
3347399
3347402
3347407
3347413
3347422
3347430
3347446
3347464
3347479
3347486
3347487
3347496
3347500
3347511
3347521
3347522
3347544
3347559
3347604
3347608
3347614
3347621
3347640
3347641
3347655
3347660
3347677
3347683
3347715
3347750
3347754
3347764
3347779
3347786
3347793
3347794
3347801
3347842
3347850
3347857
3347862
3347909
3347918
3347958
3347961
3347963
3347967
3347970
3347990
3347992
3348003
3348016
3348027
3348039
3348091
3348168
3348177
3348181
3348185
3348188
3348196
3348229
3348230
3348263
3348268
3348288
3348542
3348632
3348659
3348660
3348902
3348950
3348992
3349021
3350864
3351824
3351848
3351849
3351851
3351890
3351892
3351909
3351911
3351947
3351951
3351985
3352021
3352041
3352042
3352063
3352064
3352067
3352077
3352101
3352141
3352153
3352248
3352257
3352264
3352309
3352312
3352361
3352376
3352412
3352514
3352516
3352531
3352538
3352544
3352546
3352579
3352599
3352627
3352629
3352632
3352673
3352675
3352692
3352703
3352733
3352750
3352765
3352779
3352814
3352841
3352850
3352876
3352890
3352897
3352926
3352944
3352961
3352967
3352970
3352982
3352999
3353001
3353002
3353020
3353024
3353029
3353040
3353052
3353068
3353099
3353114
3353128
3353210
3353211
3353231
3353234
3353253
3353256
3353264
3353270
3353299
3353304
3353332
3353341
3353350
3353359
3353369
3353381
3353383
3353400
3353440
3353441
3353470
3353472
3353483
3353501
3353536
3353555
3353566
3353583
3353590
3353607
3353688
3353689
3353725
3353728
3353730
3353733
3353734
3353743
3353749
3353753
3353764
3353767
3353771
3353792
3353799
3353803
3353806
3353835
3353845
3353854
3353862
3353883
3353902
3353935
3353944
3353949
3353990
3353994
3354020
3354046
3354049
3354050
3354057
3354088
3354155
3354179
3354182
3354187
3354214
3354217
3354236
3354253
3354257
3354264
3354270
3354276
3354277
3354278
3354280
3354293
3354295
3354346
3354368
3354373
3354413
3354424
3354425
3354426
3354428
3354464
3354475
3354486
3354497
3354514
3354524
3354530
3354620
3354631
3354636
3354638
3354654
3354657
3354661
3354663
3354679
3354684
3354696
3354699
3354725
3354735
3354770
3354777
3354786
3354787
3354788
3354794
3354807
3354824
3354872
3354877
3354883
3354892
3354909
3354936
3354947
3354951
3354959
3354989
3355038
3355072
3355146
3355191
3355275
3355322
3355396
3356324
3356432
3356440
3356508
3356520
3356568
3356654
3356714
3356729
3356772
3356806
3356841
3356849
3356982
3357014
3357050
3357096
3357134
3357169
3357173
3357209
3357500
3357556
3357646
3357650
3357666
3357689
3357724
3357831
3357915
3357951
3358064
3358136
3358189
3358198
3358210
3358218
3358226
3358238
3358417
3358521
3358525
3358527
3358531
3358538
3358628
3358696
3358719
3358743
3358763
3358829
3358850
3358856
3358875
3358895
3358903
3358969
3358981
3358984
3359000
3359049
3359069
3359097
3359113
3359124
3359133
3359137
3359190
3359210
3359214
3359215
3359231
3359235
3359238
3359248
3359263
3359283
3359285
3359293
3359309
3359323
3359325
3359330
3359333
3359351
3359355
3359361
3359370
3359412
3359420
3359425
3359451
3359473
3359477
3359481
3359508
3359533
3359547
3359556
3359585
3359590
3359618
3359636
3359649
3359677
3359731
3359732
3359783
3359786
3359800
3359810
3359814
3359822
3359928
3359965
3359966
3359971
3359980
3360000
3360003
3360005
3360021
3360086
3360092
3360093
3360110
3360122
3360147
3360157
3360163
3360167
3360212
3360238
3360269
3360275
3360304
3360355
3360365
3360388
3360400
3360412
3360421
3360425
3360433
3360434
3360519
3360532
3360541
3360554
3360557
3360565
3360569
3360576
3360578
3360599
3360648
3360654
3360706
3360834
3360840
3360872
3360881
3360882
3360915
3360925
3360926
3360938
3360946
3360962
3360980
3360988
3361002
3361051
3361057
3361060
3361066
3361110
3361262
3361279
3361300
3361302
3361371
3361412
3361433
3361439
3361495
3361506
3361525
3361542
3361552
3361585
3361588
3361617
3361620
3361688
3361712
3361715
3361799
3361843
3361868
3361892
3362010
3362059
3362080
3362136
3362160
3362174
3362186
3362235
3362284
3362296
3362317
3362356
3362554
3362664
3362768
3362864
3362870
3362879
3362915
3362920
3362946
3362985
3362991
3362995
3362997
3363019
3363101
3363119
3363137
3363153
3363162
3363164
3363169
3363180
3363220
3363222
3363239
3363279
3363287
3363305
3363371
3363373
3363384
3363398
3363404
3363490
3363508
3363514
3363522
3363526
3363540
3363552
3363553
3363561
3363571
3363576
3363577
3363583
3363597
3363610
3363627
3363634
3363661
3363685
3363694
3363702
3363703
3363708
3363718
3363734
3363767
3363779
3363788
3363791
3363857
3363865
3363890
3363899
3363917
3363926
3363946
3363983
3363989
3364037
3364042
3364046
3364060
3364066
3364067
3364091
3364093
3364121
3364130
3364148
3364161
3364164
3364167
3364182
3364231
3364244
3364256
3364309
3364319
3364364
3364374
3364392
3364407
3364419
3364421
3364462
3364503
3364539
3364580
3364605
3364623
3364628
3364629
3364633
3364634
3364646
3364673
3364682
3364695
3364733
3364757
3364765
3364796
3364801
3364805
3364833
3364836
3364861
3364863
3364865
3364906
3364925
3364933
3364935
3364936
3364938
3364941
3364944
3364951
3364970
3364971
3364994
3365008
3365023
3365024
3365029
3365058
3365066
3365070
3365083
3365104
3365135
3365153
3365155
3365167
3365213
3365214
3365227
3365228
3365263
3365272
3365280
3365283
3365298
3365350
3365360
3365374
3365389
3365426
3365474
3365496
3365520
3365526
3365536
3365542
3365543
3365546
3365552
3365572
3365628
3365640
3365653
3365655
3365672
3365686
3365699
3365701
3365727
3365729
3365742
3365806
3365813
3365830
3365832
3365837
3365848
3365857
3365874
3365881
3365887
3365934
3365948
3365959
3365968
3365981
3366004
3366010
3366069
3366085
3366086
3366095
3366138
3366144
3366157
3366181
3366228
3366256
3366274
3366276
3366287
3366300
3366311
3366341
3366346
3366369
3366375
3366382
3366420
3366429
3366430
3366431
3366440
3366441
3366449
3366476
3366511
3366549
3366550
3366571
3366599
3366610
3366615
3366627
3366631
3366637
3366654
3366667
3366680
3366685
3366726
3366741
3366746
3366783
3366785
3366803
3366809
3366818
3366820
3366869
3366886
3366900
3366934
3366996
3367002
3367018
3367030
3367050
3367053
3367057
3367058
3367072
3367083
3367116
3367133
3367141
3367143
3367155
3367156
3367172
3367174
3367190
3367221
3367226
3367232
3367236
3367264
3367273
3367279
3367293
3367338
3367344
3367389
3367391
3367426
3367429
3367431
3367454
3367462
3367470
3367495
3367522
3367524
3367525
3367530
3367558
3367605
3367631
3367648
3367673
3367691
3367705
3367755
3367756
3367783
3367796
3367808
3367862
3367877
3367880
3367882
3367993
3368009
3368039
3368069
3368081
3368120
3368165
3368179
3368196
3368267
3368274
3368303
3368364
3368375
3368407
3368414
3368434
3368454
3368461
3368514
3368546
3368561
3368587
3368618
3368654
3368683
3368694
3368703
3368726
3368728
3368733
3368810
3368821
3368886
3368894
3373609
3373661
3373675
3373698
3373701
3373717
3373741
3373759
3373776
3373793
3373830
3373882
3373899
3373909
3373999
3374017
3374028
3374067
3374115
3374151
3374178
3374181
3374191
3374231
3374239
3374317
3374329
3374339
3374367
3374457
3374458
3374461
3374488
3374521
3374553
3374567
3374595
3374598
3374643
3374669
3374671
3374682
3374683
3374745
3374758
3374769
3374789
3374806
3374837
3374861
3374886
3374897
3374919
3374948
3374950
3374965
3374969
3374975
3374978
3374982
3374995
3375006
3375015
3375019
3375034
3375063
3375065
3375075
3375099
3375126
3375217
3375235
3375242
3375327
3375354
3375364
3375370
3375374
3375430
3375431
3375433
3375440
3375472
3375501
3375514
3375533
3375550
3375566
3375599
3375617
3375628
3375642
3375663
3375670
3375673
3375699
3375702
3375738
3375740
3375801
3375864
3375866
3375880
3375937
3375971
3375978
3375984
3375988
3376015
3376042
3376047
3376093
3376124
3376161
3376176
3376191
3376202
3376231
3376238
3376282
3376288
3376325
3376338
3376345
3376374
3376380
3376408
3376410
3376439
3376451
3376452
3376458
3376495
3376527
3376549
3376562
3376566
3376567
3376580
3376585
3376592
3376659
3376674
3376697
3376700
3376712
3376717
3376749
3376782
3376797
3376800
3376831
3376940
3376965
3376972
3377011
3377019
3377034
3377072
3377109
3377139
3377164
3377210
3377214
3377217
3377225
3377242
3377243
3377262
3377289
3377306
3377310
3377351
3377352
3377366
3377383
3377422
3377481
3377485
3377489
3377505
3377507
3377524
3377573
3377579
3377586
3377589
3377593
3377605
3377630
3377642
3377644
3377656
3377664
3377683
3377721
3377725
3377729
3377754
3377757
3377765
3377792
3377817
3377870
3377876
3377914
3377918
3377950
3377957
3377965
3377969
3377983
3377987
3378034
3378057
3378068
3378085
3378151
3378157
3378161
3378176
3378179
3378184
3378229
3378271
3378277
3378281
3378295
3378296
3378313
3378405
3378458
3378478
3378486
3378500
3378516
3378603
3378615
3378624
3378626
3378631
3378639
3378675
3378781
3378786
3378812
3378835
3378840
3378857
3378872
3378876
3378885
3378910
3378920
3378954
3378962
3378987
3379014
3379018
3379023
3379050
3379067
3379074
3379111
3379127
3379154
3379165
3379204
3379229
3379261
3379276
3379277
3379284
3379289
3379302
3379330
3379360
3379376
3379382
3379390
3379392
3379469
3379473
3379505
3379551
3379563
3379575
3379594
3379639
3379658
3379671
3379703
3379731
3379737
3379781
3379789
3379870
3379931
3379940
3379944
3379951
3379975
3380074
3380103
3380147
3380296
3380350
3380366
3380432
3380533
3380583
3380620
3380738
3380873
3380947
3380959
3381002
3381011
3381062
3381117
3381124
3381125
3381137
3381146
3381154
3381155
3381187
3381190
3381248
3381311
3381435
3381439
3381456
3381478
3381490
3381709
3381743
3381763
3381781
3381841
3381908
3381938
3381976
3381982
3382090
3382297
3382317
3382345
3382389
3382452
3382475
3382538
3382546
3382578
3382586
3382594
3382777
3382853
3382904
3382917
3382952
3382956
3382980
3383001
3383036
3383040
3383304
3383399
3383415
3383431
3383442
3383493
3383518
3383543
3383571
3383579
3383599
3383611
3383619
3383656
3383774
3383820
3383850
3383885
3383906
3383917
3383921
3383929
3383959
3384022
3384066
3384070
3384099
3384126
3384162
3384174
3384195
3384238
3384314
3384333
3384334
3384337
3384342
3384432
3384440
3384444
3384455
3384475
3384508
3384600
3384706
3384720
3384787
3384889
3384911
3384926
3384952
3384957
3385003
3385020
3385042
3385085
3385114
3385141
3385150
3385156
3385194
3385196
3385199
3385216
3385287
3385313
3385360
3385367
3385379
3385417
3385439
3385482
3385521
3385569
3385587
3385588
3385612
3385655
3385698
3385702
3385720
3385729
3385746
3385752
3385776
3385778
3385792
3385836
3385875
3385876
3385878
3385922
3385931
3385935
3385950
3385961
3385984
3386019
3386022
3386025
3386042
3386104
3386128
3386147
3386148
3386179
3386192
3386203
3386206
3386222
3386261
3386311
3386321
3386324
3386328
3386344
3386359
3386378
3386379
3386391
3386436
3386480
3386522
3386538
3386547
3386565
3386579
3386590
3386613
3386618
3386619
3386623
3386654
3386655
3386666
3386691
3386730
3386749
3386766
3386767
3386771
3386775
3386779
3386784
3386788
3386803
3386813
3386818
3386837
3386842
3386883
3386884
3386892
3386947
3386951
3386958
3386968
3387040
3387056
3387064
3387078
3387082
3387085
3387137
3387154
3387158
3387165
3387166
3387187
3387190
3387200
3387210
3387213
3387224
3387228
3387267
3387288
3387317
3387328
3387342
3387351
3387362
3387380
3387384
3387405
3387523
3387538
3387551
3387570
3387580
3387590
3387641
3387649
3387685
3387693
3387713
3387730
3387753
3387769
3387800
3387806
3387825
3387853
3387861
3387876
3387881
3387885
3387903
3387911
3387940
3387999
3388004
3388034
3388044
3388060
3388124
3388153
3388157
3388172
3388184
3388196
3388220
3388222
3388284
3388292
3388311
3388315
3388346
3388378
3388392
3388401
3388404
3388406
3388421
3388435
3388437
3388459
3388482
3388507
3388513
3388531
3388538
3388553
3388561
3388574
3388580
3388617
3388650
3388652
3388685
3388695
3388710
3388711
3388746
3388747
3388757
3388788
3388809
3388812
3388834
3388836
3388873
3388878
3388889
3388902
3388906
3388927
3388951
3388994
3389053
3389061
3389095
3389122
3389157
3389160
3389179
3389227
3389246
3389261
3389284
3389288
3389302
3389321
3389342
3389349
3389360
3389369
3389422
3389423
3389434
3389461
3389479
3389481
3389505
3389507
3389515
3389519
3389579
3389587
3389636
3389639
3389643
3389682
3389716
3389721
3389743
3389751
3389753
3389755
3389759
3389773
3389774
3389832
3389836
3389841
3389862
3389889
3389910
3389914
3389921
3389922
3389975
3389978
3390006
3390030
3390086
3390090
3390140
3390155
3390164
3390167
3390168
3390203
3390208
3390223
3390231
3390253
3390257
3390275
3390340
3390348
3390365
3390437
3390441
3390483
3390502
3390558
3390562
3390581
3390681
3390692
3390826
3391012
3391014
3391033
3391089
3391120
3391328
3391359
3391394
3391409
3391433
3395204
3395240
3395264
3395268
3395280
3395284
3395308
3395311
3395340
3395396
3395410
3395423
3395431
3395446
3395450
3395466
3395524
3395559
3395565
3395611
3395668
3395672
3395674
3395678
3395730
3395750
3395757
3395764
3395769
3395770
3395777
3395784
3395788
3395800
3395812
3395814
3395832
3395838
3395860
3395886
3395892
3395894
3395978
3395984
3395989
3395993
3395997
3396040
3396042
3396116
3396233
3396242
3396282
3396295
3396333
3396336
3396359
3396365
3396375
3396428
3396431
3396437
3396460
3396479
3396499
3396500
3396505
3396518
3396524
3396549
3396578
3396580
3396581
3396589
3396603
3396617
3396623
3396628
3396653
3396661
3396663
3396664
3396667
3396676
3396688
3396700
3396753
3396764
3396777
3396778
3396792
3396798
3396804
3396816
3396839
3396854
3396863
3396864
3396866
3396878
3396891
3396905
3396910
3396913
3396919
3396929
3396930
3396938
3396992
3397074
3397116
3397182
3397194
3397204
3397225
3397232
3397236
3397240
3397255
3397267
3397281
3397292
3397298
3397315
3397331
3397350
3397357
3397389
3397412
3397451
3397468
3397472
3397505
3397549
3397561
3397605
3397615
3397624
3397674
3397690
3397710
3397734
3397744
3397749
3397775
3397805
3397808
3397828
3397892
3397905
3397950
3398020
3398046
3398066
3398098
3398109
3398129
3398133
3398138
3398156
3398180
3398196
3398207
3398212
3398261
3398274
3398332
3398359
3398403
3398411
3398422
3398481
3398579
3398631
3398658
3398723
3398754
3398769
3398778
3398895
3398947
3399041
3399054
3399079
3399082
3399104
3399134
3399136
3399245
3399265
3399266
3399365
3399422
3399429
3399436
3399461
3399651
3399680
3399700
3399735
3399739
3399809
3399811
3399837
3399852
3399930
3399945
3399983
3399991
3400001
3400013
3400016
3400027
3400047
3400105
3400129
3400136
3400174
3400224
3400263
3400273
3400284
3400373
3400387
3400393
3400402
3400445
3400500
3400512
3400583
3400673
3400801
3400810
3400835
3400848
3400880
3400890
3400901
3400905
3400911
3400955
3400962
3400965
3400974
3401004
3401025
3401041
3401062
3401096
3401126
3401136
3401164
3401205
3401221
3401240
3401255
3401259
3401262
3401293
3401303
3401315
3401350
3401396
3401411
3401442
3401510
3401608
3401632
3401683
3401802
3401996
3402026
3402104
3402114
