0.000000 1.000000 1.000000 1.000000
0.025000 0.693141 0.721591 0.721591
0.050000 0.629296 0.682625 0.682625
0.075000 0.576424 0.645205 0.645205
0.100000 0.541769 0.616019 0.616019
0.125000 0.513088 0.579332 0.579332
0.150000 0.472046 0.553987 0.553987
0.175000 0.444555 0.527059 0.527059
0.200000 0.415069 0.493918 0.493918
0.225000 0.385121 0.461750 0.461750
0.250000 0.356765 0.429703 0.429703
0.275000 0.327725 0.395120 0.395120
0.300000 0.294350 0.350843 0.350843
0.325000 0.257873 0.300671 0.300671
0.350000 0.216630 0.235886 0.235886
0.375000 0.164888 0.153158 0.153158
0.400000 0.098769 0.064383 0.064383
0.425000 0.039715 0.032570 0.032570
0.450000 0.021135 0.000000 0.000000
0.475000 0.000000 0.000000 0.000000
0.500000 0.000000 0.000000 0.000000
0.525000 0.000000 0.000000 0.000000
0.550000 0.000000 0.000000 0.000000
0.575000 0.000000 0.000000 0.000000
0.600000 0.000000 0.000000 0.000000
0.625000 0.000000 0.000000 0.000000
0.650000 0.000000 0.000000 0.000000
0.675000 0.000000 0.000000 0.000000
0.700000 0.000000 0.000000 0.000000
0.725000 0.000000 0.000000 0.000000
0.750000 0.000000 0.000000 0.000000
0.775000 0.000000 0.000000 0.000000
0.800000 0.000000 0.000000 0.000000
0.825000 0.000000 0.000000 0.000000
0.850000 0.000000 0.000000 0.000000
0.875000 0.000000 0.000000 0.000000
0.900000 0.000000 0.000000 0.000000
0.925000 0.000000 0.000000 0.000000
0.950000 0.000000 0.000000 0.000000
0.975000 0.000000 0.000000 0.000000
1.000000 0.000000 0.000000 0.000000
