2979128
2979142
2979151
2979159
2979163
2979207
2979227
2979234
2979236
2979252
2979266
2979292
2979295
2979296
2979306
2979641
2979662
2979687
2979689
2979702
2979779
2979843
2979859
2979865
2979868
2979869
3034937
3034946
3034950
3034955
3034987
3035002
3035017
3035029
3035040
3035055
3035068
3035142
3035147
3035149
3035164
3035176
3035185
3035193
3035221
3035260
3035371
3035695
3035709
3035711
3035715
3035729
3035753
3035757
3035763
3035779
3035786
3035794
3035821
3035825
3035889
3035926
3035938
3035939
3035947
3035949
3035953
3035958
3035961
3035964
3035977
3036014
3036064
3036070
3036073
3036083
3036100
3036116
3036124
3036130
3036147
3036152
3036165
3036186
3036194
3036197
3036206
3036215
3036242
3036260
3036261
3036265
3036268
3036271
3036276
3036284
3036327
3036330
3036432
3036435
3036437
3036462
3036472
3036486
3036489
3036492
3036505
3036525
3037756
3037760
3037868
3037869
3037887
3037890
3037900
3037911
3037926
3037931
3037935
3037955
3037963
3038058
3038131
3038136
3038140
3038160
3038178
3038184
3038191
3038203
3038206
3038224
3038265
3038268
3038327
3038344
3038352
3038356
3038358
3038387
3038424
3038432
3038435
3038439
3038452
3038482
3038490
3038495
3038505
3038508
3038511
3038525
3038531
3038537
3038539
3038544
3038558
3038561
3038580
3038582
3038583
3038605
3038617
3038655
3038683
3038686
3038733
3038742
3038747
3038801
3038812
3038828
3038872
3038878
3038890
3038895
3038906
3038911
3038930
3038936
3038962
3038974
3038982
3039012
3039025
3039027
3039066
3039085
3039111
3039151
3039152
3039178
3039181
3039207
3039247
3039248
3039252
3040358
3040380
3040382
3040386
3040389
3040391
3040402
3040410
3040428
3040433
3040481
3040483
3040510
3040525
3040545
3040556
3040572
3040582
3040588
3040596
3040618
3040633
3040654
3040656
3040660
3040677
3040714
3040715
3040741
3040750
3040760
3040762
3040816
3040834
3040837
3040838
3040843
3040861
3040866
3040870
3040879
3040889
3040907
3040923
3040961
3040973
3040992
3041013
3041047
3041069
3041109
3041118
3041141
3041164
3041173
3041175
3041187
3041204
3041207
3041232
3041234
3041236
3041243
3041247
3041286
3041342
3041368
3041369
3041395
3041424
3041438
3041443
3041451
3041466
3041470
3041474
3041483
3041498
3041505
3041578
3041582
3041586
3041591
3041594
3041648
3041674
3041719
3041722
3041746
3041755
3041756
3041757
3041766
3041783
3041800
3041822
3041831
3041835
3041943
3041977
3043080
3043105
3043163
3043201
3043227
3043242
3043272
3043281
3043284
3043287
3043309
3043321
3043328
3043350
3043367
3043376
3043377
3043397
3043401
3043421
3043440
3043447
3043488
3043497
3043515
3043538
3043543
3043544
3043574
3043581
3043606
3043621
3043631
3043644
3043664
3043666
3043677
3043689
3043696
3043766
3043770
3043777
3043802
3043825
3043827
3043828
3043830
3043844
3043850
3043855
3043883
3043893
3043905
3043910
3043913
3043928
3043935
3043940
3043942
3043943
3043969
3043970
3043978
3043998
3044012
3044017
3044018
3044019
3044030
3044064
3044066
3044070
3044076
3044079
3044162
3044166
3044169
3044192
3044195
3044215
3044222
3044226
3044252
3044256
3044385
3044390
3044397
3044410
3044414
3044418
3044424
3044451
3044452
3044458
3044463
3044470
3044526
3044528
3044590
3044606
3044623
3044638
3044658
3044675
3045728
3045736
3045768
3045777
3045798
3045807
3045813
3045819
3045833
3045837
3045845
3045851
3045882
3045898
3045931
3045938
3045939
3045962
3045968
3046003
3046008
3046016
3046033
3046042
3046043
3046061
3046064
3046074
3046100
3046114
3046118
3046136
3046171
3046192
3046202
3046204
3046230
3046233
3046249
3046293
3046362
3046364
3046421
3046436
3046448
3046459
3046460
3046466
3046481
3046528
3046531
3046569
3046638
3046641
3046649
3046651
3046688
3046689
3046697
3046751
3046763
3046770
3046778
3046798
3046815
3046848
3046864
3046884
3046885
3046889
3046892
3046905
3046943
3046969
3047002
3047005
3047011
3047018
3047022
3047040
3047056
3047096
3047127
3047141
3047143
3047146
3047171
3047172
3047183
3047203
3047229
3047234
3047242
3047266
3047284
3047290
3047321
3047334
3047388
3047391
3047395
3047396
3047422
3047433
3048417
3048433
3048438
3048504
3048511
3048533
3048549
3048561
3048606
3048607
3048613
3048619
3048632
3048654
3048662
3048668
3048672
3048699
3048822
3048837
3048842
3048843
3048859
3048880
3048881
3048895
3048902
3048938
3048953
3048962
3048969
3048986
3048987
3048991
3048997
3049004
3049006
3049007
3049017
3049022
3049024
3049030
3049043
3049053
3049077
3049082
3049085
3049089
3049093
3049111
3049114
3049126
3049191
3049204
3049215
3049255
3049311
3049343
3049346
3049347
3049409
3049417
3049431
3049438
3049453
3049464
3049467
3049474
3049484
3049492
3049501
3049510
3049514
3049515
3049538
3049550
3049556
3049580
3049593
3049596
3049646
3049651
3049674
3049676
3049707
3049715
3049717
3049723
3049730
3049741
3049778
3049780
3049844
3049961
3049970
3049988
3050002
3051121
3051143
3051147
3051159
3051165
3051216
3051251
3051275
3051281
3051288
3051307
3051313
3051348
3051369
3051379
3051383
3051398
3051402
3051408
3051439
3051451
3051488
3051494
3051508
3051512
3051534
3051554
3051556
3051561
3051569
3051587
3051588
3051592
3051598
3051621
3051624
3051634
3051671
3051746
3051764
3051776
3051799
3051827
3051853
3051863
3051870
3051873
3051874
3051875
3051886
3051918
3051937
3051944
3051947
3051950
3051959
3051981
3051984
3052024
3052029
3052042
3052057
3052065
3052070
3052078
3052095
3052113
3052114
3052141
3052249
3052251
3052253
3052264
3052273
3052283
3052284
3052287
3052293
3052328
3052330
3052337
3052348
3052357
3052380
3052390
3052392
3052403
3052405
3052410
3052411
3052418
3052421
3052431
3052435
3052487
3052492
3052497
3052509
3052534
3052539
3052568
3052569
3052592
3052605
3052618
3052622
3052647
3052659
3052687
3052692
3052701
3052713
3052714
3052717
3052722
3052723
3052728
3052743
3052745
3052766
3052776
3052793
3052794
3052810
3052862
3052869
3052891
3052903
3052911
3052913
3052929
3052942
3052946
3052956
3052957
3052974
3052978
3052993
3052997
3053019
3053020
3053026
3053029
3053038
3053060
3053076
3053083
3053128
3053139
3053146
3053169
3053171
3053181
3053185
3053224
3053227
3053247
3053253
3053286
3053291
3053296
3053307
3053322
3053335
3053367
3054391
3054440
3054461
3054470
3054486
3054497
3054502
3054507
3054518
3054523
3054538
3054548
3054556
3054561
3054565
3054571
3054581
3054626
3054638
3054667
3054669
3054671
3054672
3054685
3054687
3054699
3054713
3054715
3054738
3054746
3054781
3054789
3054792
3054826
3054841
3054851
3054862
3054865
3054867
3054871
3054875
3054896
3054898
3054910
3055015
3055039
3055040
3055087
3055092
3055097
3055120
3055178
3055246
3055288
3055329
3055330
3055343
3055346
3055356
3055357
3055396
3055514
3055520
3055522
3055532
3055606
3055753
3055791
3055797
3055885
3055888
3055891
3055897
3055943
3055944
3055955
3055957
3056001
3056007
3056018
3056043
3056049
3056098
3056125
3056615
3056621
3056643
3056644
3056648
3056655
3056668
3056675
3056707
3056722
3056749
3056751
3056790
3056794
3056839
3056852
3056869
3056878
3056879
3056885
3056890
3056894
3056920
3056935
3056937
3056938
3056943
3056956
3056999
3057024
3057029
3057058
3057060
3057062
3057071
3057073
3057076
3057083
3057085
3057088
3057098
3057107
3057118
3057163
3057170
3057173
3057197
3057199
3057281
3057290
3057291
3057295
3057304
3057308
3057353
3057386
3057387
3057397
3057408
3057416
3057426
3057444
3057461
3057472
3057589
3057590
3057597
3057619
3057651
3057652
3057692
3057811
3057817
3058699
3058711
3058731
3058757
3058804
3058807
3058811
3058815
3058846
3058848
3058879
3058882
3058918
3058937
3058985
3059065
3059161
3059207
3059210
3059302
3059344
3059402
3059413
3059464
3059471
3059527
3059530
3059534
3059536
3059539
3059575
3059603
3059630
3059634
3059635
3059638
3059639
3059642
3059644
3059663
3059673
3059691
3059695
3059697
3059698
3059699
3059700
3059709
3059752
3059754
3059767
3059787
3059803
3059818
3059830
3059851
3059865
3059870
3059873
3059956
3059975
3059985
3059990
3060005
3060021
3060034
3060050
3060107
3060111
3060118
3060121
3060123
3060127
3060128
3060158
3060165
3060215
3060225
3060234
3060250
3060263
3060278
3060298
3060306
3060324
3060362
3060386
3060387
3061022
3061108
3061411
3061445
3061449
3061462
3061466
3061477
3061492
3061494
3061504
3061537
3061538
3061607
3061609
3061623
3061631
3061640
3061642
3061649
3061656
3061665
3061666
3061676
3061698
3061711
3061725
3061726
3061735
3061747
3061755
3061760
3061766
3061776
3061794
3061798
3061799
3061862
3061867
3061879
3061881
3061898
3061928
3061929
3061981
3061995
3061998
3062009
3062012
3062014
3062027
3062059
3062074
3062088
3062112
3062121
3062124
3062133
3062146
3062157
3062163
3062181
3062191
3062210
3062219
3062225
3062235
3062257
3062261
3062272
3062294
3062301
3062368
3062370
3062386
3062393
3062395
3062402
3062414
3062418
3062451
3062458
3062474
3062489
3062505
3062524
3062538
3062552
3062564
3062582
3062592
3062605
3062607
3062618
3062620
3062636
3062639
3062643
3062683
3062687
3062693
3062742
3062746
3062763
3062767
3062780
3062802
3062825
3062831
3062846
3062856
3062868
3062925
3062937
3062978
3063056
3063067
3063068
3063073
3063088
3063115
3063225
3064177
3064183
3064185
3064193
3064218
3064256
3064261
3064273
3064280
3064286
3064289
3064312
3064328
3064341
3064365
3064369
3064373
3064399
3064449
3064484
3064501
3064521
3064542
3064551
3064588
3064590
3064593
3064599
3064600
3064611
3064614
3064653
3064678
3064687
3064700
3064702
3064749
3064757
3064782
3064810
3064830
3064846
3064847
3064856
3064864
3064875
3064884
3064899
3064920
3064921
3064922
3064925
3064941
3064954
3064958
3064974
3064976
3064978
3064989
3064992
3065006
3065007
3065012
3065020
3065024
3065026
3065042
3065069
3065077
3065085
3065304
3065332
3065360
3065368
3065369
3065410
3065412
3065422
3065427
3065438
3065441
3065471
3065493
3065509
3065513
3065515
3065525
3065533
3065544
3065548
3065565
3065568
3065575
3065576
3065589
3065596
3066804
3066809
3066830
3066858
3066859
3066866
3066890
3066916
3066920
3066938
3066946
3066950
3066997
3066998
3067056
3067088
3067104
3067130
3067154
3067158
3067161
3067171
3067174
3067201
3067217
3067226
3067229
3067235
3067236
3067238
3067252
3067257
3067280
3067288
3067296
3067300
3067335
3067357
3067381
3067429
3067446
3067449
3067478
3067490
3067500
3067506
3067520
3067529
3067530
3067541
3067566
3067573
3067593
3067610
3067611
3067634
3067648
3067663
3067667
3067682
3067685
3067696
3067697
3067707
3067714
3067723
3067745
3067755
3067808
3067825
3067837
3067839
3067840
3067842
3067848
3067852
3067857
3067881
3067885
3067887
3067903
3067931
3067938
3067939
3067966
3067969
3068018
3068023
3068061
3068062
3068073
3068074
3068077
3068096
3068158
3068159
3068163
3068175
3068217
3068248
3068253
3068257
3068265
3068271
3068283
3068289
3068297
3068298
3068310
3068323
3068332
3068342
3068355
3068369
3068371
3068376
3068397
3068398
3068404
3068410
3068422
3068432
3068462
3068559
3069520
3069529
3069533
3069535
3069553
3069583
3069586
3069612
3069630
3069642
3069654
3069661
3069663
3069687
3069691
3069712
3069852
3069854
3069880
3069903
3069906
3069908
3069915
3069917
3069957
3069967
3070152
3070168
3070186
3070200
3070201
3070213
3070219
3070334
3070352
3070357
3070370
3070378
3070401
3070411
3070419
3070445
3070531
3070536
3070538
3070552
3070570
3070623
3070632
3070633
3070644
3070660
3070725
3070754
3070776
3070794
3070808
3070862
3071021
3071058
3071143
3071148
3071262
3072233
3072334
3072338
3072439
3072442
3072445
3072457
3072485
3072513
3072515
3072523
3072526
3072527
3072529
3072532
3072541
3072549
3072590
3072606
3072621
3072635
3072645
3072648
3072650
3072653
3072655
3072657
3072667
3072672
3072678
3072687
3072696
3072717
3072723
3072731
3072748
3072814
3072878
3072879
3072904
3072909
3072911
3072913
3072914
3072945
3072946
3072952
3072953
3072969
3072987
3073024
3073049
3073051
3073079
3073111
3073123
3073141
3073163
3073243
3073244
3073257
3073260
3073279
3073297
3073317
3073324
3073325
3073335
3073359
3073363
3073381
3073383
3073388
3073405
3073410
3073440
3073441
3073446
3073462
3073481
3073493
3073499
3073516
3073517
3073564
3073573
3073574
3073580
3073591
3073600
3073615
3073617
3073618
3073628
3073632
3073681
3073744
3073764
3073769
3073811
3073828
3073833
3073859
3073873
3073876
3073890
3073929
3073939
3074935
3074950
3075002
3075003
3075009
3075023
3075037
3075054
3075079
3075102
3075109
3075150
3075151
3075152
3075154
3075174
3075175
3075187
3075193
3075217
3075221
3075276
3075277
3075285
3075303
3075366
3075388
3075416
3075419
3075424
3075437
3075486
3075496
3075507
3075516
3075518
3075523
3075538
3075555
3075558
3075561
3075566
3075600
3075605
3075644
3075648
3075710
3075726
3075735
3075751
3075753
3075754
3075763
3075778
3075789
3075820
3075837
3075869
3075872
3075903
3075908
3075912
3075917
3075946
3075947
3075974
3075983
3075995
3076029
3076034
3076117
3076124
3076148
3076150
3076158
3076159
3076172
3076182
3076201
3076204
3076205
3076234
3076262
3076266
3076303
3076307
3076333
3076351
3076359
3076368
3076406
3076425
3076450
3076483
3076497
3076524
3077651
3077656
3077673
3077677
3077681
3077702
3077703
3077706
3077723
3077732
3077771
3077778
3077786
3077797
3077822
3077833
3077837
3077843
3077853
3077868
3077869
3077877
3077900
3077909
3077917
3077918
3077939
3077957
3077970
3077982
3077998
3078018
3078045
3078047
3078101
3078119
3078147
3078177
3078194
3078204
3078211
3078218
3078227
3078241
3078246
3078253
3078255
3078258
3078277
3078286
3078311
3078344
3078362
3078374
3078375
3078406
3078407
3078445
3078454
3078482
3078486
3078502
3078510
3078513
3078539
3078555
3078557
3078567
3078582
3078612
3078628
3078638
3078645
3078656
3078666
3078732
3078734
3078738
3078744
3078749
3078761
3078763
3078766
3078778
3078780
3078787
3078788
3078794
3078799
3078802
3078804
3078812
3078820
3078827
3078844
3078858
3078882
3078924
3078944
3078946
3078953
3078963
3078985
3078993
3079010
3079031
3079046
3079060
3079170
3079190
3079206
3079213
3079219
3079240
3079257
3079267
3079279
3079294
3079311
3079312
3079333
3079337
3079348
3079914
3080383
3080414
3080445
3080446
3080475
3080493
3080548
3080554
3080563
3080567
3080576
3080587
3080603
3080612
3080613
3080632
3080637
3080653
3080657
3080701
3080739
3080751
3080762
3080776
3080781
3080803
3080805
3080819
3080823
3080825
3080836
3080851
3080853
3080873
3080896
3080901
3080911
3080913
3080919
3080923
3080947
3080948
3080957
3080975
3080980
3080996
3080997
3081003
3081005
3081009
3081030
3081033
3081066
3081071
3081079
3081081
3081082
3081095
3081105
3081116
3081131
3081211
3081226
3081227
3081233
3081239
3081241
3081262
3081320
3081323
3081373
3081432
3081495
3081527
3081529
3081533
3081590
3081593
3081598
3081615
3081641
3081661
3081696
3081699
3081700
3081732
3081733
3081767
3081769
3081788
3081799
3081801
3081833
3081835
3081846
3081850
3081851
3081856
3081858
3081892
3081904
3081911
3081916
3081921
3081995
3082000
3082019
3082029
3082036
3082070
3082080
3082082
3082084
3082234
3082265
3082465
3082468
3082471
3082485
3083128
3083182
3083183
3083186
3083196
3083217
3083228
3083246
3083252
3083260
3083261
3083266
3083296
3083313
3083314
3083349
3083352
3083355
3083358
3083377
3083403
3083408
3083420
3083444
3083449
3083453
3083486
3083520
3083524
3083540
3083542
3083561
3083572
3083578
3083590
3083595
3083596
3083635
3083648
3083682
3083696
3083698
3083719
3083736
3083789
3083818
3083831
3083846
3083870
3083879
3083899
3083913
3083938
3083946
3083962
3084002
3084024
3084048
3084064
3084076
3084079
3084080
3084089
3084094
3084117
3084132
3084135
3084140
3084147
3084165
3084190
3084216
3084224
3084232
3084237
3084242
3084258
3084259
3084277
3084280
3084287
3084319
3084323
3084353
3084379
3084394
3084400
3084401
3084404
3084411
3084428
3084432
3084559
3084568
3084576
3084685
3084697
3084738
3084772
3084797
3085799
3085828
3085860
3085862
3085892
3085898
3086019
3086033
3086037
3086050
3086057
3086090
3086105
3086122
3086146
3086149
3086197
3086211
3086238
3086257
3086263
3086295
3086304
3086318
3086325
3086331
3086359
3086360
3086362
3086376
3086377
3086384
3086398
3086400
3086415
3086422
3086436
3086437
3086450
3086451
3086491
3086545
3086554
3086556
3086570
3086598
3086641
3086643
3086647
3086651
3086665
3086679
3086702
3086713
3086719
3086725
3086754
3086756
3086757
3086788
3086811
3086839
3086845
3086902
3086903
3086930
3086984
3086988
3087031
3087033
3087052
3087054
3087057
3087062
3087077
3087110
3087161
3087178
3087264
3087275
3087284
3087302
3087311
3087325
3087328
3087340
3088510
3088528
3088549
3088586
3088587
3088597
3088611
3088612
3088662
3088684
3088689
3088717
3088718
3088725
3088728
3088739
3088756
3088762
3088775
3088777
3088810
3088824
3088829
3088831
3088841
3088864
3088873
3088884
3088904
3088907
3088917
3088941
3088969
3088998
3089009
3089030
3089035
3089070
3089110
3089128
3089129
3089140
3089142
3089179
3089194
3089198
3089277
3089293
3089295
3089312
3089313
3089314
3089327
3089343
3089424
3089425
3089427
3089454
3089457
3089467
3089471
3089492
3089514
3089516
3089523
3089524
3089547
3089566
3089591
3089612
3089632
3089643
3089659
3089675
3089681
3089729
3089762
3089773
3089782
3089792
3089839
3089847
3089852
3089875
3089889
3089895
3089908
3089932
3089944
3089953
3089960
3089983
3090021
3090023
3090059
3090068
3090138
3090143
3090145
3090149
3090153
3090154
3090198
3091273
3091292
3091299
3091307
3091308
3091322
3091373
3091374
3091384
3091403
3091415
3091430
3091431
3091476
3091481
3091516
3091543
3091545
3091547
3091553
3091576
3091650
3091652
3091677
3091680
3091682
3091684
3091704
3091705
3091738
3091749
3091755
3091761
3091782
3091784
3091786
3091817
3091828
3091837
3091841
3091860
3091864
3091880
3091884
3091914
3091930
3091956
3091958
3091961
3091967
3091969
3091991
3092017
3092059
3092071
3092080
3092086
3092156
3092168
3092171
3092192
3092198
3092204
3092213
3092216
3092227
3092247
3092280
3092282
3092284
3092286
3092303
3092330
3092336
3092341
3092349
3092368
3092378
3092389
3092403
3092417
3092437
3092444
3092450
3092459
3092462
3092483
3092506
3092528
3092535
3092564
3092570
3092576
3092581
3092594
3092596
3092597
3092606
3092652
3092663
3092683
3092684
3092693
3092695
3092730
3092747
3092752
3092774
3092779
3092784
3092794
3092804
3092820
3092823
3092824
3092842
3092844
3092848
3092850
3092855
3092873
3092888
3093299
3093904
3093911
3093917
3093927
3093934
3093946
3093961
3093995
3094003
3094093
3094124
3094180
3094198
3094207
3094212
3094227
3094255
3094268
3094308
3094316
3094324
3094343
3094368
3094376
3094407
3094433
3094453
3094482
3094497
3094500
3094522
3094556
3094598
3094665
3094672
3094714
3094715
3094721
3094731
3094733
3094740
3094788
3094815
3094832
3094834
3094850
3094853
3094858
3094859
3094864
3094866
3094867
3094891
3094895
3094905
3094914
3094934
3094960
3095043
3095073
3095101
3095115
3095131
3095153
3095172
3095175
3095194
3095215
3095271
3095285
3095295
3095300
3095301
3095303
3095311
3095323
3095324
3095339
3095353
3095366
3095375
3095400
3095405
3095413
3095427
3095438
3095453
3095455
3095486
3095487
3095495
3095504
3096677
3096691
3096701
3096718
3096722
3096728
3096758
3096773
3096786
3096796
3096817
3096819
3096823
3096824
3096829
3096835
3096849
3096871
3096888
3096907
3096919
3096938
3096962
3096967
3096984
3096988
3097017
3097030
3097035
3097051
3097055
3097056
3097088
3097106
3097111
3097112
3097127
3097140
3097142
3097143
3097144
3097146
3097155
3097164
3097169
3097180
3097235
3097240
3097257
3097263
3097291
3097299
3097316
3097328
3097330
3097336
3097360
3097371
3097373
3097386
3097387
3097393
3097398
3097406
3097433
3097453
3097462
3097473
3097480
3097507
3097529
3097534
3097568
3097571
3097605
3097610
3097645
3097650
3097651
3097670
3097709
3097716
3097731
3097751
3097752
3097807
3097824
3097828
3097845
3097860
3097868
3097879
3097884
3097891
3097900
3097905
3097915
3097943
3097947
3097955
3097967
3097968
3097991
3097992
3098032
3098036
3098043
3098056
3098061
3098070
3098085
3098090
3098091
3098164
3098206
3098209
3098211
3098238
3098243
3098245
3098282
3098298
3098303
3098323
3099334
3099353
3099355
3099391
3099401
3099402
3099420
3099428
3099439
3099450
3099458
3099483
3099497
3099508
3099548
3099559
3099569
3099575
3099579
3099650
3099683
3099692
3099693
3099695
3099761
3099769
3099773
3099795
3099874
3099890
3099894
3099901
3099930
3099949
3099954
3099957
3099961
3099966
3099968
3099991
3100003
3100018
3100035
3100040
3100051
3100052
3100056
3100126
3100156
3100158
3100165
3100177
3100181
3100213
3100221
3100263
3100272
3100310
3100320
3100355
3100407
3100409
3100413
3100434
3100448
3100456
3100462
3100477
3100487
3100493
3100494
3100513
3100515
3100536
3100557
3100559
3100562
3100576
3100577
3100580
3100591
3100594
3100598
3100600
3100616
3100631
3100638
3100657
3100701
3100703
3100704
3100709
3100808
3100831
3100839
3100856
3100867
3100875
3100924
3101011
3101034
3101035
3101044
3101058
3101061
3102077
3102096
3102112
3102121
3102190
3102191
3102210
3102220
3102248
3102252
3102253
3102280
3102291
3102303
3102310
3102319
3102331
3102334
3102405
3102438
3102443
3102475
3102476
3102483
3102493
3102507
3102512
3102513
3102515
3102524
3102533
3102537
3102545
3102555
3102564
3102592
3102605
3102616
3102620
3102646
3102657
3102669
3102691
3102721
3102734
3102746
3102753
3102756
3102766
3102768
3102773
3102809
3102813
3102857
3102868
3102869
3102898
3102901
3102926
3102946
3102989
3103005
3103006
3103014
3103022
3103029
3103030
3103034
3103039
3103044
3103047
3103080
3103091
3103158
3103160
3103177
3103200
3103235
3103294
3103310
3103314
3103320
3103360
3103366
3103378
3103379
3103404
3103406
3103407
3103415
3103430
3103448
3103452
3103460
3103465
3103494
3103499
3103508
3103520
3103526
3103599
3103603
3103607
3103633
3103635
3103671
3103673
3103678
3103679
3104745
3104782
3104787
3104794
3104795
3104840
3104863
3104894
3104902
3104904
3104944
3104950
3104979
3104980
3104993
3105002
3105006
3105010
3105025
3105027
3105034
3105048
3105051
3105075
3105098
3105135
3105147
3105152
3105241
3105273
3105275
3105278
3105281
3105294
3105323
3105337
3105365
3105381
3105389
3105395
3105405
3105409
3105415
3105419
3105454
3105462
3105472
3105512
3105526
3105529
3105550
3105574
3105579
3105589
3105643
3105646
3105653
3105655
3105667
3105679
3105691
3105725
3105740
3105871
3105881
3105883
3105892
3105893
3105899
3105902
3105921
3105937
3105939
3105980
3105981
3105985
3105989
3106002
3106003
3106037
3106061
3106063
3106134
3106142
3106151
3106161
3106226
3106230
3106234
3106252
3106266
3106270
3106271
3106279
3106289
3106301
3106309
3106338
3106355
3107174
3107178
3107183
3107210
3107256
3107266
3107328
3107338
3107359
3107380
3107433
3107435
3107441
3107470
3107500
3107525
3107553
3107586
3107590
3107599
3107603
3107622
3107623
3107650
3107689
3107696
3107710
3107715
3107718
3107722
3107735
3107748
3107754
3107759
3107777
3107807
3107825
3107884
3107887
3107891
3107941
3107953
3107981
3107982
3108017
3108076
3108489
3108492
3108493
3108515
3108523
3108524
3108528
3108532
3108533
3108551
3108553
3108554
3108562
3108570
3108571
3108580
3108583
3108602
3108607
3108640
3108654
3108670
3108727
3108730
3108745
3108924
3108929
3108936
3108952
3108956
3108960
3108963
3108973
3108986
3109005
3109013
3109033
3109038
3109052
3109083
3109097
3109099
3109103
3109104
3109107
3109120
3109123
3109127
3109130
3109295
3109296
3109469
3109474
3109475
3109478
3110510
3110531
3110541
3110544
3110557
3110562
3110604
3110605
3110633
3110769
3110772
3110780
3110830
3110856
3110888
3110911
3110921
3110928
3110935
3110936
3110955
3110956
3110958
3111004
3111038
3111040
3111044
3111049
3111051
3111052
3111059
3111103
3111124
3111127
3111156
3111161
3111183
3111192
3111219
3111223
3111254
3111267
3111268
3111275
3111297
3111298
3111299
3111314
3111315
3111343
3111344
3111353
3111371
3111378
3111419
3111440
3111447
3111462
3111495
3111499
3111505
3111521
3111545
3111569
3111587
3111593
3111598
3111601
3111607
3111613
3111636
3111673
3111682
3111706
3111731
3111735
3111750
3111799
3111802
3111812
3111816
3111818
3111830
3111833
3111859
3111860
3111872
3111886
3111890
3111893
3111899
3111910
3111917
3111922
3111923
3111926
3111940
3111969
3111977
3112008
3112012
3112043
3112142
3112156
3112158
3113254
3113291
3113325
3113338
3113339
3113398
3113404
3113418
3113434
3113456
3113459
3113493
3113499
3113503
3113505
3113527
3113542
3113552
3113575
3113586
3113588
3113594
3113599
3113604
3113620
3113642
3113650
3113664
3113682
3113717
3113760
3113766
3113773
3113782
3113798
3113819
3113824
3113831
3113893
3113894
3113915
3113923
3113924
3113934
3113964
3113965
3114001
3114009
3114046
3114049
3114061
3114078
3114131
3114169
3114180
3114236
3114237
3114254
3114271
3114282
3114311
3114312
3114313
3114332
3114348
3114356
3114376
3114386
3114401
3114407
3114410
3114458
3114471
3114486
3114510
3114547
3114565
3114570
3114726
3115806
3115812
3115835
3115845
3115852
3115901
3115932
3115984
3115989
3116398
3116658
3116659
3116665
3116666
3117033
3117043
3117048
3117051
3117058
3117062
3117080
3117084
3117185
3117196
3117237
3117276
3117284
3117289
3117291
3117299
3117315
3117317
3117320
3117321
3117349
3117354
3117389
3117426
3117432
3117433
3117435
3117440
3117451
3117543
3117608
3117629
3117648
3117666
3117669
3117694
3117704
3117716
3117770
3117833
3117874
3117885
3117890
3117924
3117930
3117945
3117952
3117954
3117959
3117962
3117966
3117977
3117982
3118018
3118023
3118047
3118055
3118083
3118084
3118102
3118117
3118119
3118126
3118127
3118163
3118171
3118173
3118180
3118199
3118207
3118229
3118235
3118254
3118260
3118280
3118297
3118319
3118320
3118333
3118336
3118363
3118377
3118386
3118387
3118438
3118457
3118466
3118469
3118544
3118546
3118560
3118582
3118588
3118597
3118602
3118609
3118647
3118651
3119710
3119739
3119745
3119762
3119764
3119787
3119793
3119801
3119827
3119832
3119838
3119849
3119892
3119895
3119929
3119980
3119992
3119998
3120002
3120006
3120019
3120024
3120027
3120047
3120049
3120052
3120055
3120086
3120089
3120091
3120122
3120134
3120175
3120182
3120193
3120194
3120197
3120201
3120214
3120259
3120264
3120310
3120331
3120371
3120384
3120411
3120425
3120436
3120453
3120499
3120525
3120535
3120537
3120543
3120791
3120819
3120847
3120875
3120884
3120902
3120908
3120933
3120937
3120938
3120976
3120979
3120991
3120996
3121001
3121003
3121005
3121027
3121085
3121093
3121121
3121134
3121142
3121152
3121155
3121157
3121174
3121189
3121208
3121230
3121249
3121266
3121273
3121274
3121277
3121341
3121802
3121806
3121810
3122404
3122419
3122428
3122443
3122456
3122467
3122504
3122509
3122531
3122545
3122554
3122556
3122561
3122573
3122576
3122585
3122592
3122602
3122614
3122625
3122639
3122668
3122675
3122676
3122686
3122696
3122703
3122718
3122726
3122740
3122753
3122756
3122761
3122813
3122820
3122824
3122834
3122865
3122873
3122874
3122878
3122892
3122914
3122930
3122931
3122953
3122965
3122988
3122992
3123009
3123018
3123025
3123066
3123075
3123094
3123126
3123156
3123178
3123189
3123196
3123203
3123207
3123235
3123238
3123243
3123266
3123283
3123306
3123310
3123320
3123333
3123345
3123370
3123376
3123380
3123386
3123406
3123416
3123444
3123461
3123464
3123469
3123473
3123486
3123492
3123494
3123523
3123562
3123570
3123572
3123589
3123605
3123615
3123631
3123636
3123640
3123646
3123665
3123692
3123707
3123718
3123735
3123746
3123756
3123758
3123783
3123786
3123791
3123796
3123810
3123812
3123813
3123827
3123872
3123877
3123884
3123895
3123901
3123906
3123915
3123923
3123930
3123941
3123945
3123964
3124013
3124036
3124044
3124056
3124063
3124069
3124075
3124092
3124093
3124398
3124400
3125087
3125143
3125170
3125181
3125196
3125197
3125219
3125239
3125246
3125267
3125272
3125297
3125328
3125359
3125361
3125366
3125374
3125385
3125409
3125441
3125448
3125451
3125459
3125467
3125508
3125526
3125538
3125545
3125546
3125550
3125561
3125567
3125574
3125578
3125580
3125582
3125583
3125596
3125614
3125622
3125638
3125681
3125683
3125700
3125706
3125711
3125714
3125717
3125730
3125744
3125745
3125751
3125756
3125763
3125765
3125792
3125798
3125802
3125818
3125831
3125842
3125843
3125854
3125871
3125880
3125882
3125893
3125914
3125951
3125959
3125960
3125969
3126000
3126055
3126070
3126081
3126096
3126105
3126119
3126136
3126149
3126157
3126276
3126277
3126311
3126334
3126372
3126384
3126399
3126426
3126433
3126462
3126486
3126487
3126490
3126491
3126511
3126532
3126543
3126562
3126564
3126567
3126576
3126603
3126605
3126632
3126638
3126656
3126679
3126683
3126685
3126699
3126708
3126727
3126753
3126759
3126761
3126808
3126811
3127841
3127843
3127870
3127881
3127883
3127894
3127895
3127922
3127965
3127975
3127978
3127979
3127996
3127998
3128040
3128042
3128056
3128068
3128069
3128075
3128076
3128100
3128104
3128144
3128146
3128157
3128172
3128177
3128183
3128195
3128209
3128230
3128246
3128260
3128264
3128271
3128274
3128281
3128292
3128299
3128300
3128311
3128323
3128325
3128343
3128346
3128356
3128369
3128370
3128382
3128390
3128430
3128444
3128449
3128453
3128456
3128457
3128487
3128488
3128509
3128538
3128555
3128566
3128578
3128585
3128594
3128603
3128605
3128627
3128633
3128647
3128704
3128718
3128725
3128736
3128739
3128748
3128764
3128770
3128790
3128793
3128795
3128819
3128821
3128848
3128868
3128872
3128894
3128906
3128914
3128915
3128917
3128918
3128920
3128935
3128945
3128956
3128963
3128966
3128969
3128974
3128987
3128997
3129001
3129008
3129021
3129033
3129042
3129049
3129077
3129082
3129091
3129112
3129119
3129120
3129138
3129153
3129169
3129170
3129176
3129183
3129186
3129217
3129218
3129231
3129250
3129259
3129292
3129293
3129314
3129348
3129352
3129355
3129357
3129373
3129382
3129414
3129418
3129421
3130597
3130601
3130602
3130618
3130629
3130637
3130648
3130658
3130669
3130672
3130698
3130720
3130746
3130751
3130769
3130774
3130786
3130838
3130849
3130856
3130861
3130867
3130901
3130912
3130930
3130931
3130942
3131013
3131016
3131027
3131038
3131051
3131058
3131094
3131105
3131106
3131108
3131132
3131156
3131158
3131182
3131197
3131205
3131223
3131244
3131248
3131263
3131292
3131308
3131338
3131346
3131349
3131351
3131407
3131438
3131440
3131449
3131455
3131502
3131524
3131538
3131547
3131553
3131562
3131563
3131582
3131609
3131613
3131637
3131657
3131676
3131695
3131746
3131761
3131765
3131766
3131768
3131776
3131788
3131793
3131796
3131803
3131838
3131844
3131853
3131859
3131871
3131872
3131879
3131897
3131903
3131912
3131930
3131941
3131955
3131958
3131973
3131979
3131983
3132001
3132010
3132015
3132017
3132029
3132045
3132079
3132087
3132099
3132117
3132124
3132141
3132182
3132199
3132216
3132225
3132239
3133218
3133267
3133288
3133295
3133315
3133327
3133362
3133389
3133425
3133474
3133481
3133484
3133509
3133542
3133546
3133547
3133558
3133563
3133608
3133614
3133649
3133651
3133662
3133675
3133693
3133701
3133719
3133771
3133774
3133803
3133818
3133819
3133841
3133844
3133851
3133853
3133901
3133927
3133936
3133964
3134013
3134027
3134032
3134046
3134064
3134073
3134092
3134112
3134146
3134153
3134167
3134187
3134196
3134202
3134205
3134216
3134260
3134283
3134286
3134301
3134318
3134371
3134380
3134388
3134402
3134425
3134467
3134470
3134496
3134503
3134530
3134540
3134564
3134600
3134607
3134612
3134626
3134633
3134665
3134666
3134695
3134697
3134701
3134719
3134731
3134742
3134749
3134754
3134804
3134814
3134820
3134859
3134860
3134871
3134882
3134894
3134897
3134906
3134933
3135939
3135945
3135976
3135989
3136047
3136078
3136093
3136098
3136111
3136120
3136134
3136151
3136156
3136157
3136158
3136159
3136181
3136197
3136200
3136205
3136206
3136229
3136231
3136242
3136267
3136271
3136275
3136294
3136296
3136311
3136320
3136325
3136330
3136343
3136371
3136391
3136393
3136401
3136402
3136410
3136415
3136418
3136437
3136443
3136464
3136467
3136469
3136471
3136509
3136510
3136521
3136530
3136540
3136543
3136555
3136559
3136571
3136573
3136577
3136580
3136598
3136608
3136612
3136821
3136866
3136879
3136891
3136902
3136906
3136915
3136919
3136920
3136921
3136941
3136962
3136984
3136990
3137003
3137017
3137018
3137029
3137033
3137038
3137043
3137055
3137075
3137088
3137094
3137125
3137129
3137140
3137155
3137168
3137172
3137176
3137184
3137189
3137209
3137210
3137213
3137230
3137240
3137245
3137258
3137264
3137267
3137292
3137297
3137307
3137314
3137317
3137319
3137322
3137329
3137335
3137341
3137389
3137396
3137412
3137437
3137452
3137459
3137474
3137485
3137486
3137499
3137525
3137544
3137572
3137593
3137606
3137610
3137688
3137689
3138778
3138799
3138800
3138802
3138839
3138843
3138845
3138869
3138916
3138926
3138935
3139006
3139028
3139031
3139032
3139044
3139060
3139078
3139080
3139249
3139263
3139277
3139294
3139304
3139354
3139355
3139360
3139364
3139368
3139382
3139400
3139409
3139423
3139434
3139455
3139492
3139501
3139530
3139534
3139564
3139572
3139577
3139592
3139599
3139611
3139621
3139626
3139653
3139674
3139719
3139731
3139769
3139833
3139846
3139872
3139881
3139885
3139906
3139910
3139915
3139919
3139961
3139968
3139977
3140000
3140012
3140015
3140017
3140039
3140047
3140054
3140056
3140060
3140063
3140076
3140089
3140094
3140179
3140212
3140245
3140247
3140250
3140251
3140298
3140303
3140306
3140313
3140316
3140317
3140327
3140328
3140340
3140372
3142161
3142171
3142175
3142280
3142310
3142335
3142337
3142367
3142376
3142383
3142385
3142399
3142411
3142422
3142470
3142474
3142476
3142487
3142528
3142536
3142576
3142584
3142617
3142639
3142701
3142715
3142743
3142757
3142788
3142830
3142854
3142856
3142872
3142902
3142904
3142912
3142973
3142981
3142992
3143013
3143042
3143071
3143166
3143168
3143187
3143195
3143210
3143214
3143239
3143260
3143300
3143304
3143320
3143322
3143362
3143404
3143408
3143429
3143443
3143486
3143507
3143518
3143527
3143557
3143569
3143629
3143676
3143685
3143697
3143699
3143724
3143730
3143758
3143767
3143768
3143770
3143783
3143794
3143804
3143822
3143845
3143859
3143926
3143973
3144003
3144007
3144055
3144165
3144203
3144317
3144327
3144329
3144333
3144352
3144368
3144395
3144441
3144473
3144479
3144504
3144538
3144565
3144600
3144615
3144664
3144668
3144695
3144700
3144749
3144766
3144782
3144795
3144811
3144813
3144828
3144840
3144844
3144849
3144896
3144903
3144917
3145038
3145040
3145048
3145112
3145142
3147148
3147156
3147186
3147196
3147203
3147205
3147217
3147221
3147222
3147253
3147259
3147313
3147344
3147355
3147357
3147359
3147394
3147398
3147429
3147433
3147616
3147619
3147677
3147683
3147686
3147723
3147736
3147744
3147757
3147773
3147821
3147826
3147838
3147850
3147871
3147948
3148083
3148110
3148120
3148165
3148246
3148255
3148297
3148301
3148324
3148341
3148362
3148378
3148395
3148401
3148415
3148436
3148454
3148517
3148544
3148601
3148613
3148745
3148795
3148824
3148838
3148895
3148908
3148910
3148928
3148947
3148968
3149036
3149055
3149075
3149083
3149108
3149135
3149141
3149189
3149208
3149222
3149239
3149256
3149262
3149268
3149287
3149295
3149323
3149358
3149371
3149387
3149467
3149498
3149504
3149523
3149525
3149537
3149543
3149566
3149612
3149694
3149696
3149723
3149738
3149744
3149788
3149829
3149956
3149986
3149999
3150069
3150120
3150132
3150214
3150216
3152381
3152395
3152450
3152452
3152454
3152492
3152515
3152590
3152619
3152634
3152646
3152665
3152673
3152682
3152705
3152719
3152742
3152796
3152799
3152803
3152809
3152849
3152864
3152895
3152900
3152918
3152956
3152958
3152993
3153027
3153050
3153097
3153118
3153147
3153201
3153205
3153209
3153261
3153263
3153286
3153292
3153300
3153344
3153345
3153359
3153384
3153386
3153408
3153414
3153454
3153475
3153545
3153581
3153598
3153627
3153638
3153822
3153838
3153845
3153853
3153872
3153958
3153968
3154016
3154031
3154093
3154105
3154158
3154248
3154269
3154294
3154298
3154304
3154327
3154343
3154362
3154366
3154369
3154379
3154423
3154431
3154442
3154450
3154540
3154556
3154567
3154569
3154581
3154627
3154658
3154668
3154678
3154682
3154738
3154785
3154812
3154857
3154859
3154868
3155019
3155021
3155028
3155034
3155039
3155085
3155087
3155098
3155106
3155117
3155118
3155122
3155129
3155183
3155186
3155190
3155236
3155248
3155250
3155295
3156347
3156359
3156369
3156424
3156467
3156487
3156496
3156512
3156539
3156575
3156599
3156609
3156630
3156636
3156650
3156656
3156670
3156713
3156728
3156731
3156734
3156762
3156765
3156777
3156810
3156815
3156854
3156909
3156972
3156990
3157019
3157022
3157047
3157066
3157120
3157124
3157147
3157153
3157161
3157167
3157169
3157176
3157208
3157212
3157220
3157237
3157240
3157258
3157260
3157261
3157267
3157269
3157275
3157284
3157304
3157306
3157313
3157317
3157322
3157323
3157331
3157334
3157335
3157338
3157350
3157377
3157382
3157434
3157441
3157444
3157450
3157459
3157475
3157513
3157534
3157586
3157592
3157606
3157615
3157633
3157634
3157638
3157641
3157666
3157673
3157685
3157693
3157698
3157725
3157730
3157747
3157790
3157793
3157803
3157808
3157815
3157827
3157850
3157852
3157876
3157892
3157939
3157958
3157959
3157964
3159238
3159300
3159314
3159315
3159319
3159321
3159349
3159367
3159372
3159385
3159400
3159416
3159419
3159448
3159456
3159457
3159459
3159470
3159477
3159491
3159506
3159564
3159585
3159591
3159631
3159638
3159643
3159655
3159657
3159662
3159687
3159694
3159697
3159699
3159717
3159719
3159721
3159726
3159745
3159753
3159754
3159762
3159782
3159787
3159825
3159832
3159867
3159869
3159905
3159915
3159930
3159933
3159936
3159939
3159989
3159991
3159994
3160019
3160034
3160052
3160055
3160057
3160060
3160061
3160109
3160119
3160123
3160151
3160162
3160192
3160196
3160214
3160239
3160248
3160258
3160268
3160289
3160311
3160317
3160330
3160335
3160336
3160356
3160381
3160384
3160433
3160437
3160441
3160452
3160464
3160469
3160499
3160509
3160534
3160542
3160550
3160557
3160573
3160577
3160578
3160586
3160590
3160591
3160592
3160605
3160635
3160638
3160657
3160669
3160679
3160687
3160706
3160760
3160772
3160807
3160824
3160828
3161862
3161888
3161896
3161898
3161902
3161921
3161927
3161940
3161947
3161959
3161964
3161974
3161975
3161984
3162000
3162004
3162009
3162014
3162017
3162019
3162032
3162033
3162056
3162074
3162082
3162086
3162094
3162105
3162111
3162141
3162158
3162160
3162194
3162196
3162197
3162202
3162205
3162206
3162207
3162221
3162224
3162231
3162232
3162283
3162294
3162358
3162392
3162418
3162419
3162425
3162427
3162431
3162433
3162446
3162456
3162462
3162473
3162487
3162488
3162490
3162532
3162563
3162564
3162591
3162598
3162603
3162640
3162643
3162652
3162671
3162680
3162683
3162748
3162756
3162770
3162778
3162784
3162796
3162800
3162802
3162810
3162814
3162826
3162829
3162873
3162902
3163017
3163026
3163046
3163054
3163057
3163084
3163111
3163151
3163153
3163187
3163188
3163199
3163221
3163235
3163243
3163246
3163255
3163258
3163276
3163300
3163311
3163316
3163338
3163344
3163351
3163355
3163356
3163385
3163398
3163446
3163480
3164589
3164624
3164631
3164632
3164659
3164668
3164670
3164679
3164742
3164744
3164766
3164784
3164806
3164807
3164809
3164820
3164833
3164861
3164877
3164893
3164904
3164913
3164925
3164930
3164938
3164940
3164942
3164971
3164980
3164986
3164987
3164989
3165012
3165032
3165041
3165046
3165138
3165147
3165156
3165167
3165174
3165186
3165188
3165213
3165216
3165271
3165293
3165312
3165313
3165317
3165418
3165419
3165431
3165442
3165469
3165478
3165481
3165493
3165510
3165520
3165532
3165547
3165553
3165564
3165565
3165575
3165576
3165578
3165585
3165611
3165639
3165680
3165690
3165707
3165711
3165730
3165772
3165779
3165801
3165808
3165812
3165817
3165820
3165858
3165861
3165865
3165877
3165879
3165885
3165892
3165901
3165902
3165905
3165931
3165943
3165951
3166006
3166012
3166016
3166017
3166047
3166048
3166056
3166082
3166087
3166097
3166111
3166118
3166142
3166152
3166154
3166158
3167352
3167356
3167361
3167368
3167370
3167373
3167385
3167392
3167422
3167426
3167437
3167438
3167449
3167471
3167476
3167482
3167503
3167507
3167548
3167582
3167599
3167612
3167631
3167633
3167681
3167683
3167695
3167730
3167735
3167740
3167746
3167751
3167778
3167792
3167793
3167796
3167797
3167804
3167825
3167828
3167840
3167905
3167944
3167967
3167971
3167974
3167984
3167988
3168006
3168020
3168023
3168024
3168034
3168056
3168066
3168070
3168118
3168129
3168132
3168135
3168138
3168179
3168227
3168247
3168249
3168259
3168260
3168288
3168298
3168303
3168315
3168320
3168324
3168331
3168360
3168361
3168383
3168396
3168406
3168421
3168429
3168431
3168433
3168440
3168447
3168454
3168460
3168464
3168482
3168486
3168494
3168502
3168537
3168555
3168566
3168581
3168593
3168631
3168632
3168647
3168655
3168656
3168659
3168664
3168670
3168682
3168688
3168724
3168747
3168771
3168780
3168791
3168824
3168829
3168839
3168865
3168896
3168905
3168913
3168924
3168928
3168932
3168940
3168964
3168965
3168971
3168976
3168984
3168997
3169006
3169646
3170085
3170131
3170147
3170154
3170185
3170186
3170196
3170197
3170215
3170242
3170252
3170266
3170283
3170293
3170344
3170354
3170368
3170369
3170372
3170375
3170381
3170403
3170408
3170421
3170427
3170459
3170503
3170504
3170531
3170551
3170576
3170581
3170586
3170596
3170605
3170638
3170645
3170673
3170702
3170708
3170712
3170729
3170750
3170751
3170769
3170777
3170781
3170798
3170815
3170856
3170857
3170858
3170879
3170919
3170960
3170971
3170983
3170998
3171006
3171020
3171026
3171039
3171111
3171117
3171138
3171171
3171180
3171184
3171185
3171193
3171210
3171217
3171235
3171243
3171266
3171290
3171307
3171317
3171359
3171360
3171390
3171409
3171417
3171438
3171451
3171452
3171457
3171471
3171476
3171486
3171521
3171531
3171542
3171550
3171565
3171607
3171626
3171647
3171758
3172874
3172890
3172891
3172896
3172899
3172916
3172924
3172937
3172942
3172946
3172961
3172965
3172979
3172991
3172995
3173014
3173023
3173046
3173077
3173083
3173097
3173115
3173129
3173164
3173179
3173201
3173209
3173221
3173252
3173296
3173297
3173313
3173317
3173332
3173336
3173343
3173346
3173351
3173357
3173361
3173367
3173392
3173406
3173413
3173448
3173450
3173452
3173488
3173503
3173512
3173513
3173530
3173550
3173551
3173571
3173579
3173587
3173601
3173625
3173640
3173643
3173648
3173664
3173671
3173676
3173678
3173689
3173701
3173708
3173743
3173746
3173749
3173760
3173761
3173766
3173773
3173790
3173813
3173856
3173859
3173862
3173863
3173873
3173876
3173889
3173903
3173910
3173942
3173944
3173955
3173968
3173977
3174003
3174021
3174030
3174089
3174097
3174143
3174210
3174217
3174234
3174241
3174252
3174253
3174258
3174260
3174261
3174267
3174271
3174334
3174339
3174345
3174346
3174355
3174366
3174367
3174437
3174465
3174471
3174473
3174508
3175578
3175595
3175601
3175625
3175628
3175686
3175696
3175716
3175732
3175741
3175768
3175822
3175829
3175831
3175847
3175854
3175869
3175877
3175881
3175907
3175920
3175925
3175936
3175940
3175946
3175949
3175963
3175973
3175995
3176013
3176025
3176028
3176030
3176046
3176082
3176087
3176097
3176109
3176112
3176114
3176148
3176170
3176182
3176183
3176195
3176206
3176215
3176220
3176243
3176244
3176261
3176269
3176271
3176283
3176285
3176308
3176316
3176317
3176330
3176346
3176351
3176374
3176379
3176387
3176396
3176452
3176456
3176504
3176534
3176549
3176551
3176565
3176568
3176614
3176623
3176633
3176654
3176669
3176672
3176674
3176679
3176692
3176695
3176697
3176703
3176708
3176716
3176741
3176754
3176758
3176760
3176767
3176773
3176777
3176783
3176790
3176801
3176810
3176812
3176827
3176830
3176832
3176836
3176856
3176871
3176880
3176883
3176904
3176915
3176922
3176935
3176987
3177003
3177022
3177026
3177046
3177049
3177071
3177091
3177099
3177110
3177153
3177161
3178323
3178339
3178346
3178347
3178421
3178433
3178478
3178502
3178505
3178510
3178521
3178530
3178550
3178589
3178602
3178651
3178658
3178693
3178714
3178716
3178729
3178735
3178744
3178762
3178765
3178775
3178776
3178793
3178808
3178811
3178846
3178877
3178889
3178902
3178923
3178927
3178948
3178950
3178969
3179001
3179007
3179014
3179028
3179032
3179057
3179065
3179070
3179071
3179072
3179073
3179079
3179089
3179112
3179114
3179122
3179132
3179140
3179152
3179164
3179165
3179169
3179183
3179186
3179196
3179216
3179225
3179236
3179252
3179261
3179270
3179309
3179334
3179339
3179350
3179396
3179409
3179414
3179421
3179434
3179446
3179451
3179453
3179486
3179494
3179592
3179608
3179618
3179624
3179639
3179644
3179676
3179713
3179747
3179764
3179809
3179830
3179832
3179840
3179858
3179920
3179936
3181113
3181181
3181245
3181264
3181274
3181282
3181288
3181333
3181374
3181376
3181380
3181384
3181386
3181408
3181417
3181418
3181427
3181434
3181438
3181453
3181480
3181492
3181519
3181520
3181548
3181563
3181574
3181587
3181591
3181604
3181607
3181611
3181644
3181659
3181666
3181695
3181704
3181728
3181731
3181735
3181756
3181762
3181773
3181787
3181789
3181815
3181822
3181830
3181837
3181866
3181886
3181890
3181891
3181894
3181896
3181942
3181969
3181984
3182010
3182054
3182059
3182064
3182106
3182107
3182110
3182123
3182125
3182130
3182133
3182155
3182166
3182177
3182180
3182183
3182189
3182214
3182218
3182234
3182237
3182250
3182297
3182299
3182307
3182313
3182317
3182353
3182363
3182385
3182402
3182405
3182417
3182435
3182449
3182454
3182470
3182479
3182480
3182483
3182539
3182541
3182545
3182558
3182559
3182561
3182568
3182569
3182587
3182611
3182615
3182616
3182624
3182663
3182670
3182675
3182681
3182684
3183825
3183846
3183856
3183865
3183870
3183919
3183923
3183935
3183936
3183943
3183944
3183982
3183988
3183996
3184004
3184020
3184021
3184027
3184030
3184033
3184049
3184095
3184096
3184100
3184105
3184113
3184116
3184118
3184127
3184128
3184137
3184146
3184155
3184172
3184183
3184186
3184197
3184236
3184256
3184276
3184281
3184289
3184298
3184306
3184319
3184339
3184340
3184349
3184350
3184369
3184370
3184420
3184444
3184448
3184450
3184467
3184469
3184500
3184518
3184553
3184560
3184572
3184577
3184581
3184624
3184639
3184644
3184648
3184656
3184669
3184670
3184708
3184718
3184761
3184771
3184805
3184828
3184833
3184842
3184845
3184851
3184871
3184876
3184877
3184879
3184881
3184886
3184890
3184904
3184909
3184919
3184922
3184938
3184940
3184960
3184963
3184973
3185015
3185032
3185087
3185089
3185091
3185096
3185123
3185136
3185166
3185170
3185183
3185185
3185203
3185207
3185217
3185234
3185262
3185274
3185287
3185316
3185317
3185320
3185323
3185333
3185424
3185427
3186523
3186524
3186563
3186581
3186607
3186624
3186651
3186663
3186670
3186676
3186701
3186735
3186747
3186868
3186873
3186889
3186953
3187034
3187039
3187053
3187068
3187095
3187099
3187173
3187182
3187188
3187204
3187212
3187256
3187259
3187266
3187281
3187314
3187339
3187345
3187346
3187351
3187365
3187387
3187410
3187422
3187446
3187456
3187474
3187480
3187502
3187517
3187534
3187536
3187547
3187548
3187561
3187564
3187583
3187601
3187602
3187605
3187624
3187629
3187637
3187644
3187647
3187648
3187657
3187667
3187684
3187716
3187722
3187725
3187747
3187778
3187781
3187801
3187807
3187845
3187852
3187862
3187866
3187868
3187878
3187881
3187916
3187922
3187931
3187937
3187944
3187992
3187996
3188003
3188005
3188013
3188024
3188033
3188041
3188079
3188085
3189255
3190247
3190257
3190274
3190275
3190293
3190401
3190436
3190441
3190470
3190503
3190512
3190674
3190676
3190680
3190695
3190709
3190750
3190751
3190757
3190758
3190761
3190788
3190794
3190830
3190847
3190856
3191965
3192018
3192022
3192051
3192082
3192131
3192140
3192279
3192371
3192447
3192498
3192567
3192573
3192574
3192740
3192785
3192815
3192822
3192835
3192846
3192874
3192887
3192908
3192923
3192950
3192957
3192958
3192967
3193060
3193070
3193080
3193082
3193086
3193103
3193109
3193134
3193142
3193153
3193190
3193193
3193214
3193363
3193378
3193380
3193381
3193394
3193418
3193428
3193503
3193544
3193625
3193637
3194709
3194712
3194735
3194749
3194750
3194840
3194853
3194876
3194880
3194906
3194910
3194919
3194934
3195057
3195077
3195084
3195124
3195125
3195170
3195178
3195199
3195219
3195226
3195284
3195301
3195304
3195321
3195322
3195366
3195379
3195431
3195456
3195458
3195476
3195481
3195485
3195503
3195506
3195531
3195559
3195571
3195600
3195620
3195636
3195637
3195643
3195669
3195688
3195732
3195740
3195751
3195760
3195765
3195773
3195784
3195792
3195833
3195839
3195853
3195857
3195863
3195898
3195908
3195912
3195913
3195956
3195965
3195971
3195973
3195991
3196025
3196028
3196043
3196048
3196050
3196085
3196089
3196092
3196100
3196114
3196128
3196188
3196199
3196200
3196203
3196211
3196212
3196232
3196258
3196267
3196283
3196301
3196310
3196401
3197653
3197661
3197705
3197709
3197742
3197792
3197838
3197909
3197924
3197949
3198032
3198092
3198098
3198125
3198243
3198264
3198291
3198293
3198312
3198330
3198339
3198365
3198372
3198394
3198428
3198453
3198540
3198561
3198570
3198594
3198682
3198708
3198738
3198868
3198872
3198881
3198908
3198946
3198968
3198993
3199008
3199027
3199033
3199035
3199043
3199056
3199098
3199228
3199280
3199286
3199309
3199324
3199330
3199335
3199345
3199354
3199627
3199711
3199795
3199868
3199906
3199910
3199975
3199983
3199994
3200021
3200037
3200056
3200094
3200420
3200423
3200425
3200451
3200462
3200490
3200498
3200508
3200538
3200577
3200579
3200597
3200662
3200670
3200807
3200836
3200928
3202963
3203051
3203081
3203107
3203135
3203173
3203273
3203279
3203285
3203292
3203364
3203426
3203427
3203442
3203862
3203887
3203897
3203918
3203924
3203947
3203953
3203960
3203976
3203986
3203996
3204039
3204128
3204135
3204137
3204155
3204175
3204193
3204198
3204269
3204292
3204344
3204355
3204357
3204418
3204423
3208189
3208305
3208318
3208355
3208362
3208372
3208386
3208393
3208426
3208474
3208476
3208629
3208742
3208772
3208785
3208925
3209123
3209147
3209151
3209153
3209187
3209228
3209343
3209368
3209777
3209787
3209789
3209808
3210491
3210783
3210789
3213307
3213318
3213344
3213671
3213679
3213725
3213756
3213766
3213803
3213854
3213935
3213945
3213982
3213994
3213998
3214042
3214077
3214106
3214114
3214126
3214143
3214171
3214192
3214235
3214243
3214252
3214258
3214324
3214332
3214349
3214367
3214377
3214417
3214427
3214530
3214552
3214559
3214597
3214608
3214651
3214681
3214741
3214768
3214815
3214862
3214910
3214947
3214949
3214954
3214986
3214988
3214998
3215021
3215037
3215039
3215056
3215074
3215097
3215105
3215113
3215180
3215195
3215197
3215263
3215294
3215298
3215371
3215387
3215455
3215478
3215513
3215548
3215588
3215633
3215658
3215706
3215722
3215756
3215775
3215822
3215832
3215837
3215849
3215925
3215935
3215967
3216014
3216041
3216043
3216045
3216160
3216166
3216169
3216177
3216200
3216216
3216227
3216242
3216268
3216281
3216285
3216296
3216304
3216344
3216362
3216368
3216378
3216391
3216401
3216410
3216455
3216459
3216472
3216542
3216567
3216577
3216596
3216603
3218729
3218914
3218941
3218945
3218962
3219050
3219059
3219099
3219122
3219132
3219134
3219182
3219199
3219216
3219237
3219241
3219301
3219320
3219326
3219339
3219427
3219450
3219454
3219485
3219498
3219506
3219510
3219527
3219565
3219596
3219642
3219650
3219656
3219675
3219753
3219769
3219784
3219870
3219938
3219963
3219977
3219980
3220048
3220066
3220091
3220171
3220189
3220198
3220227
3220243
3220248
3220264
3220308
3220314
3220320
3220337
3220408
3220416
3220503
3220505
3220513
3220549
3220572
3220582
3220601
3220617
3220670
3220718
3220720
3220810
3220852
3220860
3220879
3220908
3220965
3220992
3221009
3221044
3221063
3221082
3221090
3221113
3221117
3221151
3221157
3221163
3221174
3221203
3221244
3221252
3221255
3221257
3221259
3221279
3221298
3221330
3221337
3221384
3221413
3221430
3221452
3221465
3221487
3221524
3221529
3221574
3221582
3221663
3221797
3221873
3223819
3223994
3224010
3224021
3224062
3224125
3224165
3224167
3224182
3224359
3224397
3224499
3224539
3224670
3224684
3224740
3224753
3224755
3224763
3224781
3224792
3224798
3224835
3224856
3224872
3224895
3224908
3224929
3225042
3225054
3225175
3225182
3225192
3225202
3225211
3225223
3225225
3225249
3225272
3225293
3225313
3225321
3225328
3225340
3225379
3225482
3225488
3225500
3225535
3225564
3225576
3225584
3225601
3225660
3225667
3225685
3225720
3225740
3225767
3225812
3225825
3225832
3225860
3225877
3225922
3226009
3226013
3226017
3226036
3226050
3226071
3226073
3226116
3226175
3226187
3226192
3226215
3226245
3226266
3226281
3226293
3226327
3226335
3226337
3226356
3226387
3226428
3226445
3226537
3226603
3226605
3226674
3226714
3226744
3226756
3226760
3226764
3226774
3226776
3226780
3226820
3226828
3226834
3226888
3226980
3226984
3227007
3227021
3227076
3227083
3227170
3228951
3228979
3229134
3229274
3229392
3229399
3229414
3229417
3229446
3229459
3229463
3229480
3229518
3229542
3229550
3229556
3229560
3229628
3229648
3229650
3229654
3229674
3229682
3229731
3229775
3229801
3229832
3229852
3229858
3229870
3229881
3229901
3230068
3230109
3230123
3230159
3230207
3230223
3230312
3230395
3230438
3230468
3230507
3230517
3230562
3230566
3230568
3230584
3230596
3230640
3230656
3230670
3230674
3230676
3230740
3230761
3230799
3230806
3230830
3230839
3230863
3230884
3231039
3231041
3231047
3231095
3231224
3231261
3231313
3231325
3231333
3231338
3231423
3231437
3231442
3231450
3231452
3231483
3231508
3231522
3231604
3231639
3231649
3231663
3231694
3231775
3231847
3231850
3231865
3231890
3231907
3231914
3231983
3232022
3232089
3232106
3232144
3232169
3234299
3234334
3234367
3234369
3234371
3234414
3234445
3234463
3234464
3234468
3234470
3234502
3234517
3234573
3234577
3234642
3234675
3234695
3234713
3234723
3234732
3234783
3234789
3234801
3234853
3234855
3234928
3234969
3234977
3235015
3235023
3235049
3235076
3235110
3235118
3235235
3235256
3235271
3235277
3235360
3235439
3235468
3235475
3235489
3235504
3235510
3235512
3235539
3235575
3235583
3235595
3235660
3235674
3235678
3235680
3235692
3235728
3235729
3235734
3235746
3235787
3235809
3235826
3235865
3235899
3235901
3235976
3235986
3236040
3236083
3236091
3236101
3236124
3236146
3236149
3236158
3236173
3236190
3236215
3236288
3236299
3236326
3236361
3236393
3236455
3236459
3236466
3236472
3236485
3236510
3236528
3236553
3236574
3236611
3236617
3236642
3236667
3236711
3236765
3236769
3236773
3236803
3236826
3236882
3236936
3236938
3236939
3236972
3237025
3237060
3237071
3237093
3237094
3237148
3237170
3237201
3237338
3239395
3239400
3239426
3239447
3239451
3239463
3239494
3239587
3239595
3239616
3239634
3239640
3239666
3239756
3239810
3239902
3239927
3239957
3239986
3240001
3240012
3240022
3240059
3240061
3240083
3240087
3240101
3240133
3240158
3240179
3240185
3240234
3240236
3240249
3240290
3240334
3240344
3240362
3240430
3240446
3240457
3240482
3240608
3240610
3240713
3240725
3240766
3240801
3240805
3240809
3240815
3240826
3240883
3240914
3240918
3240990
3241082
3241112
3241129
3241133
3241159
3241174
3241180
3241244
3241281
3241289
3241302
3241308
3241325
3241387
3241389
3241401
3241418
3241424
3241509
3241538
3241540
3241548
3241565
3241615
3241693
3241695
3241726
3241733
3241760
3241807
3241819
3241825
3241832
3241847
3241860
3241874
3241886
3241894
3241936
3241950
3241988
3242005
3242013
3242043
3242060
3242078
3242096
3242129
3242131
3242202
3242220
3242223
3242414
3244451
3244468
3244471
3244558
3244567
3244605
3244635
3244667
3244669
3244670
3244693
3244710
3244713
3244718
3244745
3244751
3244761
3244764
3244776
3244787
3244794
3244813
3244817
3244823
3244836
3244857
3244879
3244884
3244887
3244911
3244917
3244918
3244949
3244958
3244959
3244987
3245019
3245047
3245049
3245052
3245053
3245060
3245068
3245073
3245087
3245098
3245117
3245175
3245194
3245208
3245221
3245337
3245341
3245354
3245356
3245360
3245363
3245377
3245379
3245428
3245443
3245471
3245478
3245479
3245492
3245509
3245518
3245528
3245532
3245562
3245565
3245597
3245615
3245628
3245666
3245672
3245701
3245705
3245717
3245729
3245768
3245791
3245794
3245813
3245823
3245825
3245833
3245849
3245860
3245881
3245893
3245895
3245900
3245903
3245916
3245931
3245939
3245941
3245958
3245961
3245986
3246034
3246062
3246077
3246082
3247204
3247229
3247236
3247298
3247308
3247320
3247338
3247344
3247349
3247354
3247390
3247410
3247466
3247467
3247470
3247479
3247494
3247548
3247574
3247584
3247606
3247622
3247630
3247633
3247643
3247650
3247668
3247676
3247731
3247740
3247761
3247766
3247785
3247803
3247849
3247870
3247875
3247881
3247913
3247914
3247917
3247949
3247977
3247984
3247997
3247998
3248020
3248028
3248048
3248050
3248056
3248065
3248066
3248086
3248093
3248125
3248142
3248143
3248150
3248162
3248166
3248190
3248191
3248201
3248205
3248211
3248234
3248236
3248239
3248272
3248279
3248317
3248364
3248365
3248372
3248373
3248405
3248411
3248423
3248438
3248451
3248455
3248474
3248481
3248483
3248488
3248489
3248496
3248505
3248512
3248513
3248521
3248523
3248533
3248542
3248544
3248595
3248640
3248651
3248669
3248682
3248693
3248729
3248827
3249027
3249909
3249932
3249971
3249977
3250015
3250043
3250072
3250081
3250087
3250088
3250096
3250101
3250126
3250145
3250160
3250172
3250183
3250240
3250250
3250258
3250265
3250268
3250277
3250299
3250315
3250332
3250352
3250355
3250376
3250392
3250398
3250406
3250453
3250459
3250466
3250501
3250515
3250516
3250525
3250567
3250569
3250574
3250580
3250582
3250583
3250588
3250599
3250640
3250664
3250695
3250699
3250708
3250767
3250815
3250818
3250824
3250829
3250853
3250859
3250860
3250870
3250876
3250878
3250886
3250892
3250902
3250926
3250971
3250975
3251018
3251039
3251055
3251064
3251067
3251083
3251123
3251134
3251137
3251166
3251200
3251204
3251205
3251212
3251220
3251225
3251226
3251227
3251228
3251233
3251235
3251239
3251249
3251253
3251271
3251337
3251345
3251369
3251410
3251426
3251468
3251472
3251483
3251487
3251497
3251509
3251518
3251521
3251528
3251538
3251539
3252676
3252704
3252835
3252861
3252862
3252883
3252909
3253120
3253153
3253222
3253223
3253228
3253318
3253319
3253386
3253387
3253395
3253398
3253426
3253428
3253436
3253445
3253514
3253521
3253532
3253547
3253548
3253588
3253668
3253675
3253676
3253685
3253686
3253691
3253705
3253741
3253743
3253782
3253784
3253789
3253791
3253806
3253813
3253819
3253883
3253887
3253904
3253907
3253926
3253930
3253987
3253990
3254002
3254013
3254018
3254022
3254054
3254064
3254076
3254087
3254097
3254102
3254107
3254120
3254126
3254152
3254153
3254162
3254184
3254186
3254202
3254258
3254264
3254265
3254269
3255375
3255381
3255400
3255417
3255435
3255447
3255450
3255480
3255522
3255542
3255559
3255563
3255568
3255569
3255575
3255586
3255587
3255592
3255608
3255612
3255632
3255633
3255635
3255694
3255710
3255741
3255760
3255762
3255836
3255858
3255867
3255876
3255877
3255880
3255888
3255892
3255919
3255920
3255929
3255937
3255950
3255975
3255986
3256006
3256028
3256036
3256043
3256054
3256071
3256074
3256083
3256111
3256127
3256154
3256172
3256195
3256205
3256236
3256274
3256306
3256327
3256328
3256357
3256358
3256359
3256374
3256394
3256411
3256447
3256460
3256462
3256478
3256482
3256504
3256509
3256522
3256547
3256584
3256590
3256594
3256595
3256597
3256629
3256631
3256638
3256643
3256666
3256670
3256672
3256673
3256678
3256679
3256697
3256709
3256711
3256718
3256757
3256760
3256773
3256780
3256793
3256824
3256825
3256826
3256827
3256830
3256832
3256853
3256855
3256867
3256876
3256887
3256912
3256948
3258067
3258068
3258094
3258098
3258108
3258109
3258118
3258119
3258185
3258186
3258193
3258234
3258241
3258253
3258262
3258269
3258271
3258279
3258311
3258331
3258343
3258346
3258347
3258360
3258364
3258370
3258371
3258389
3258393
3258400
3258406
3258413
3258414
3258418
3258419
3258438
3258486
3258498
3258509
3258548
3258555
3258561
3258564
3258599
3258611
3258616
3258618
3258630
3258632
3258687
3258763
3258765
3258826
3258830
3259092
3259094
3259112
3259113
3259138
3259152
3259160
3259204
3259207
3259218
3259237
3259284
3259321
3259325
3259337
3259341
3259342
3259347
3259353
3259365
3259377
3259403
3259407
3259434
3259441
3259489
3259539
3259568
3259585
3259595
3259608
3259632
3259637
3259639
3259644
3259678
3259792
3260886
3260896
3260999
3261000
3261003
3261004
3261013
3261049
3261062
3261067
3261068
3261073
3261099
3261522
3261529
3261541
3261564
3261579
3261606
3261611
3261649
3261656
3261658
3261676
3261692
3261697
3261709
3261716
3261721
3261724
3261781
3261784
3261794
3261813
3261819
3261833
3261857
3261864
3261874
3261880
3261882
3261891
3261897
3261900
3261901
3261940
3261946
3261978
3261979
3261998
3262034
3262066
3262085
3262091
3262097
3262129
3262131
3262134
3262218
3262225
3262239
3262253
3262264
3262302
3262309
3262315
3262320
3262334
3262360
3262378
3262389
3262391
3262398
3262403
3262480
3262496
3263712
3263713
3263718
3263729
3263770
3263777
3263789
3263790
3263793
3263799
3263818
3263827
3263849
3263855
3263875
3263888
3263889
3263895
3263934
3263991
3263998
3264046
3264047
3264053
3264062
3264096
3264116
3264150
3264222
3264253
3264260
3264264
3264302
3264327
3264349
3264356
3264371
3264372
3264382
3264386
3264388
3264389
3264392
3264396
3264416
3264420
3264423
3264429
3264431
3264443
3264444
3264452
3264478
3264489
3264517
3264605
3264609
3264621
3264658
3264664
3264677
3264707
3264718
3264754
3264812
3264824
3264855
3264863
3264879
3264886
3264934
3264937
3264962
3264984
3264995
3264997
3265005
3265013
3265030
3265046
3265071
3265126
3265149
3265225
3265252
3265264
3265285
3265402
3265426
3265435
3265447
3265455
3265475
3265501
3265536
3265553
3265556
3265567
3265585
3265605
3265629
3265649
3265651
3265710
3265722
3265765
3265791
3265797
3265802
3265914
3265924
3265928
3265934
3265938
3265944
3268046
3268063
3268074
3268082
3268105
3268115
3268119
3268132
3268180
3268207
3268209
3268211
3268254
3268258
3268263
3268271
3268298
3268358
3268367
3268369
3268398
3268454
3268487
3268568
3268612
3268679
3268797
3268807
3268812
3268816
3268857
3268904
3269013
3269088
3269155
3269159
3269219
3269245
3269297
3269462
3269491
3269507
3269520
3269524
3269532
3269540
3269547
3269552
3269563
3269617
3269630
3269640
3269663
3269683
3269712
3269750
3269915
3269934
3269936
3269941
3269997
3270059
3270063
3270071
3270102
3270195
3270208
3270216
3270242
3270351
3270411
3270422
3270458
3270481
3270544
3270554
3270560
3270571
3270679
3270710
3270774
3270805
3271000
3271002
3271023
3271191
3271212
3273308
3273484
3273517
3273546
3273554
3273606
3273612
3273627
3273631
3273647
3273693
3273818
3273843
3273857
3273872
3273907
3274015
3274058
3274083
3274093
3274118
3274186
3274192
3274207
3274229
3274248
3274275
3274289
3274354
3274356
3274420
3274443
3274447
3274517
3274523
3274558
3274568
3274574
3274590
3274600
3274608
3274616
3274633
3274679
3274686
3274700
3274708
3274739
3274772
3274800
3274823
3274866
3274893
3274927
3274938
3274948
3274997
3275050
3275101
3275108
3275134
3275136
3275186
3275188
3275196
3275219
3275264
3275283
3275285
3275291
3275301
3275373
3275391
3275402
3275410
3275442
3275451
3275519
3275579
3275583
3275669
3275697
3275702
3275734
3275744
3275791
3275795
3275852
3275861
3275865
3275917
3275935
3275947
3275952
3276019
3276058
3276072
3276103
3276113
3276134
3276199
3276513
3276528
3278712
3278714
3278741
3278743
3322626
3322658
3323361
3323521
3323800
3323878
3323882
3323975
3323988
3324010
3324157
3324167
3330445
3330504
3330519
3330589
3330654
3331481
3331568
3331724
3331749
3332443
3334601
3334635
3334655
3334659
3334695
3334730
3334850
3335444
3335647
3335687
3335918
3336054
3336314
3336326
3336386
3341590
3341640
3341646
3341659
3341682
3341687
3341708
3341728
3341795
3341939
3341940
3341967
3341968
3342126
3342163
3342182
3342183
3342199
3342207
3342245
3342265
3342289
3342300
3342334
3342335
3342433
3342458
3342521
3342528
3342536
3342548
3342552
3342554
3342574
3342582
3342605
3342665
3342675
3342686
3342688
3342694
3342727
3342728
3342745
3342771
3342773
3342781
3342784
3342790
3342793
3342805
3342839
3342847
3342851
3342852
3342863
3342916
3342922
3342930
3342969
3343002
3343048
3343057
3343058
3343081
3343084
3343112
3343119
3343134
3343143
3343157
3343193
3343206
3343214
3343234
3343237
3343241
3343269
3343271
3343273
3343276
3343293
3343299
3343301
3343330
3343341
3343369
3343378
3343429
3343444
3343457
3343528
3343554
3343598
3343623
3343628
3343679
3343688
3343740
3343743
3343763
3343773
3343781
3343782
3343804
3343818
3343837
3343838
3343846
3343854
3343860
3343882
3343912
3343930
3343932
3343933
3343937
3343954
3343970
3344026
3344028
3344038
3344051
3344054
3344058
3344061
3344064
3344076
3344108
3344118
3344119
3344129
3344134
3344139
3344155
3344163
3344165
3344166
3344169
3344233
3344235
3344245
3344275
3344304
3344325
3344338
3344371
3344380
3344418
3344435
3344437
3344468
3344474
3344487
3344490
3344507
3344515
3344559
3344591
3344593
3344604
3344605
3344630
3344631
3344640
3344641
3344662
3344663
3344670
3344685
3344690
3344713
3344718
3344754
3344758
3344762
3344786
3344792
3344812
3344826
3344828
3344834
3344837
3344862
3344876
3344891
3344913
3344915
3344928
3344945
3344946
3344951
3344966
3345087
3345097
3345115
3345128
3345141
3345205
3345218
3345240
3345247
3345254
3345259
3345267
3345268
3345286
3345309
3345315
3345339
3345341
3345377
3345401
3345417
3345419
3345424
3345431
3345467
3345470
3345549
3345574
3345583
3345595
3345596
3345628
3345644
3345655
3345665
3345666
3345670
3345671
3345677
3345689
3345751
3345758
3345777
3345793
3345798
3345818
3345826
3345836
3345844
3345859
3345879
3345897
3345899
3345934
3345953
3345965
3345967
3345983
3345988
3345997
3346000
3346022
3346037
3346060
3346079
3346174
3346175
3346179
3346182
3346200
3346207
3346292
3346311
3346318
3346347
3346354
3346372
3346402
3346416
3346428
3346464
3346480
3346494
3346504
3346523
3346533
3346556
3346566
3346573
3346614
3346620
3346642
3346651
3346662
3346675
3346691
3346695
3346701
3346705
3346707
3346725
3346768
3346773
3346785
3346818
3346830
3346831
3346846
3346867
3346881
3346908
3346944
3346950
3346970
3346988
3346992
3346995
3347049
3347054
3347100
3347129
3347161
3347198
3347207
3347217
3347220
3347228
3347261
3347299
3347306
3347308
3347315
3347320
3347346
3347356
3347388
3347420
3347436
3347441
3347462
3347463
3347488
3347495
3347522
3347556
3347561
3347562
3347585
3347591
3347601
3347611
3347627
3347643
3347650
3347654
3347676
3347686
3347699
3347705
3347726
3347733
3347764
3347767
3347772
3347789
3347830
3347857
3347869
3347890
3347891
3347906
3347942
3347944
3347955
3347975
3347999
3348039
3348043
3348116
3348170
3348172
3348193
3348198
3348224
3348229
3348235
3348247
3348259
3348316
3348598
3348624
3348651
3348703
3348926
3350858
3351779
3351795
3351845
3351901
3351911
3351924
3351960
3351986
3351992
3352000
3352003
3352031
3352043
3352062
3352063
3352071
3352077
3352096
3352111
3352119
3352153
3352219
3352222
3352248
3352269
3352290
3352315
3352317
3352333
3352338
3352371
3352416
3352427
3352451
3352454
3352505
3352516
3352541
3352542
3352543
3352545
3352580
3352597
3352606
3352608
3352612
3352630
3352638
3352647
3352665
3352681
3352705
3352730
3352752
3352753
3352794
3352798
3352805
3352816
3352818
3352833
3352845
3352887
3352891
3352894
3352898
3352899
3352944
3352960
3352966
3353015
3353021
3353028
3353033
3353051
3353077
3353092
3353093
3353095
3353096
3353107
3353122
3353134
3353136
3353150
3353159
3353198
3353247
3353255
3353264
3353299
3353318
3353323
3353326
3353330
3353345
3353350
3353380
3353392
3353408
3353425
3353430
3353440
3353443
3353457
3353464
3353466
3353495
3353528
3353537
3353546
3353551
3353556
3353604
3353618
3353647
3353650
3353655
3353658
3353702
3353712
3353731
3353737
3353740
3353747
3353754
3353804
3353805
3353811
3353822
3353832
3353845
3353856
3353873
3353909
3353914
3353934
3353948
3353955
3353979
3353985
3353987
3353988
3353991
3354000
3354025
3354026
3354028
3354034
3354036
3354049
3354051
3354054
3354058
3354070
3354078
3354085
3354106
3354153
3354162
3354186
3354188
3354193
3354195
3354216
3354243
3354245
3354262
3354267
3354269
3354283
3354293
3354312
3354343
3354363
3354367
3354376
3354380
3354394
3354427
3354433
3354443
3354455
3354456
3354478
3354480
3354482
3354484
3354490
3354506
3354507
3354515
3354517
3354521
3354552
3354584
3354586
3354590
3354631
3354641
3354656
3354659
3354724
3354725
3354739
3354749
3354755
3354775
3354777
3354816
3354818
3354824
3354852
3354859
3354860
3354864
3354869
3354877
3354890
3354892
3354932
3354939
3354973
3355034
3355040
3355110
3355181
3355295
3355376
3356484
3356547
3356579
3356584
3356608
3356714
3356802
3356978
3357046
3357215
3357258
3357405
3357599
3357615
3357705
3357799
3357995
3358040
3358060
3358072
3358124
3358176
3358194
3358222
3358409
3358497
3358505
3358517
3358523
3358533
3358599
3358615
3358651
3358676
3358682
3358688
3358707
3358714
3358733
3358772
3358788
3358800
3358841
3358843
3358848
3358871
3358906
3358913
3358940
3358944
3358952
3358956
3358960
3359045
3359052
3359056
3359076
3359087
3359102
3359108
3359144
3359147
3359157
3359161
3359166
3359174
3359176
3359192
3359201
3359221
3359226
3359241
3359281
3359282
3359300
3359303
3359316
3359327
3359330
3359338
3359379
3359391
3359406
3359422
3359445
3359456
3359475
3359476
3359521
3359574
3359575
3359581
3359585
3359587
3359601
3359645
3359660
3359691
3359706
3359709
3359710
3359713
3359734
3359740
3359751
3359775
3359799
3359808
3359814
3359817
3359866
3359890
3359923
3359925
3359934
3359935
3359956
3359985
3360021
3360038
3360051
3360062
3360078
3360114
3360123
3360126
3360143
3360148
3360172
3360175
3360209
3360214
3360220
3360232
3360256
3360266
3360301
3360323
3360352
3360358
3360388
3360404
3360425
3360451
3360473
3360485
3360496
3360526
3360576
3360588
3360612
3360635
3360638
3360669
3360679
3360703
3360709
3360727
3360748
3360772
3360787
3360793
3360797
3360822
3360825
3360858
3360870
3360893
3360903
3360909
3360923
3360928
3360937
3360941
3360958
3360961
3360964
3361006
3361026
3361038
3361045
3361089
3361113
3361117
3361128
3361160
3361193
3361199
3361200
3361218
3361241
3361278
3361291
3361317
3361331
3361343
3361365
3361403
3361404
3361420
3361439
3361489
3361502
3361527
3361545
3361570
3361590
3361594
3361602
3361638
3361700
3361795
3361807
3361874
3361898
3361936
3361939
3361942
3361998
3362038
3362077
3362083
3362093
3362136
3362160
3362178
3362192
3362196
3362238
3362295
3362301
3362312
3362350
3362392
3362446
3362482
3362554
3362628
3362720
3362723
3362750
3362784
3362809
3362821
3362870
3362929
3362977
3362982
3362985
3363001
3363018
3363101
3363115
3363120
3363124
3363128
3363155
3363159
3363176
3363187
3363196
3363212
3363222
3363237
3363242
3363246
3363260
3363272
3363284
3363287
3363293
3363314
3363325
3363335
3363393
3363408
3363412
3363435
3363441
3363454
3363455
3363463
3363496
3363514
3363517
3363523
3363534
3363559
3363586
3363604
3363631
3363685
3363691
3363743
3363749
3363803
3363819
3363842
3363897
3363958
3364003
3364010
3364051
3364063
3364067
3364116
3364118
3364136
3364142
3364160
3364185
3364193
3364196
3364211
3364225
3364291
3364294
3364337
3364387
3364401
3364447
3364450
3364453
3364478
3364485
3364490
3364502
3364514
3364520
3364528
3364598
3364617
3364659
3364676
3364695
3364701
3364703
3364712
3364720
3364726
3364731
3364732
3364763
3364795
3364803
3364835
3364850
3364854
3364858
3364879
3364895
3364925
3364936
3364943
3364963
3365009
3365024
3365026
3365093
3365094
3365096
3365120
3365168
3365194
3365215
3365234
3365240
3365244
3365269
3365323
3365367
3365370
3365387
3365417
3365434
3365449
3365475
3365495
3365500
3365526
3365541
3365572
3365594
3365597
3365628
3365633
3365661
3365663
3365718
3365724
3365755
3365775
3365806
3365865
3365895
3365897
3365900
3365911
3365931
3365973
3365999
3366026
3366051
3366055
3366059
3366065
3366074
3366076
3366080
3366088
3366166
3366187
3366366
3366414
3366415
3366454
3366497
3366514
3366549
3366555
3366574
3366581
3366587
3366601
3366642
3366651
3366654
3366676
3366686
3366691
3366709
3366711
3366726
3366727
3366741
3366773
3366781
3366823
3366839
3366843
3366860
3366881
3366906
3366941
3366944
3366946
3366947
3366964
3367005
3367019
3367033
3367049
3367076
3367084
3367122
3367138
3367140
3367145
3367160
3367176
3367190
3367205
3367220
3367224
3367235
3367254
3367278
3367299
3367319
3367383
3367386
3367414
3367431
3367433
3367456
3367461
3367466
3367475
3367487
3367507
3367517
3367554
3367622
3367651
3367662
3367670
3367682
3367705
3367730
3367802
3367842
3367861
3367877
3367880
3367884
3367908
3367943
3367948
3368043
3368086
3368115
3368126
3368129
3368165
3368184
3368193
3368245
3368266
3368271
3368279
3368298
3368323
3368342
3368365
3368409
3368460
3368461
3368508
3368533
3368541
3368561
3368572
3368597
3368610
3368626
3368688
3368726
3368728
3368743
3368786
3368816
3373608
3373621
3373644
3373690
3373714
3373743
3373820
3373825
3373898
3373922
3373938
3373942
3373959
3373992
3373995
3374017
3374019
3374068
3374086
3374114
3374118
3374123
3374139
3374143
3374150
3374157
3374194
3374199
3374314
3374327
3374329
3374330
3374343
3374381
3374390
3374437
3374446
3374449
3374482
3374498
3374501
3374505
3374516
3374521
3374526
3374579
3374614
3374629
3374634
3374642
3374647
3374649
3374669
3374683
3374685
3374690
3374698
3374726
3374727
3374754
3374755
3374757
3374767
3374774
3374777
3374789
3374813
3374826
3374872
3374897
3374928
3374932
3374933
3374944
3374975
3374981
3375022
3375039
3375075
3375083
3375106
3375107
3375165
3375174
3375180
3375198
3375199
3375211
3375242
3375262
3375269
3375273
3375301
3375308
3375330
3375378
3375380
3375385
3375386
3375437
3375450
3375462
3375466
3375488
3375498
3375500
3375510
3375558
3375562
3375585
3375588
3375605
3375628
3375646
3375694
3375734
3375767
3375884
3375890
3375908
3375926
3375943
3375951
3375953
3375958
3375967
3375968
3376014
3376023
3376043
3376110
3376125
3376178
3376204
3376267
3376321
3376329
3376330
3376354
3376364
3376372
3376400
3376410
3376423
3376440
3376455
3376476
3376479
3376488
3376496
3376501
3376509
3376517
3376541
3376634
3376706
3376731
3376738
3376741
3376767
3376773
3376788
3376824
3376825
3376826
3376886
3376895
3376896
3376941
3376960
3376961
3376973
3377070
3377088
3377090
3377097
3377110
3377124
3377150
3377162
3377185
3377209
3377225
3377238
3377268
3377290
3377306
3377318
3377326
3377357
3377376
3377380
3377402
3377429
3377441
3377505
3377524
3377550
3377598
3377610
3377664
3377676
3377687
3377726
3377750
3377754
3377791
3377809
3377851
3377862
3377869
3377880
3377896
3377906
3377937
3377945
3377946
3377953
3377962
3377966
3378010
3378014
3378036
3378100
3378104
3378112
3378115
3378124
3378156
3378175
3378194
3378208
3378240
3378249
3378264
3378299
3378313
3378337
3378352
3378400
3378415
3378419
3378430
3378463
3378504
3378588
3378598
3378616
3378618
3378642
3378681
3378712
3378717
3378726
3378742
3378762
3378766
3378778
3378782
3378797
3378848
3378851
3378865
3378871
3378880
3378888
3378954
3378963
3378987
3378991
3379066
3379083
3379099
3379102
3379103
3379122
3379154
3379155
3379171
3379196
3379205
3379244
3379248
3379284
3379330
3379369
3379373
3379414
3379454
3379459
3379461
3379495
3379528
3379536
3379635
3379711
3379773
3379818
3379825
3379856
3379874
3379893
3379905
3379919
3379928
3379967
3379979
3379983
3379996
3380103
3380612
3380659
3380699
3380754
3380766
3380807
3381107
3381115
3381182
3381272
3381307
3381336
3381375
3381379
3381419
3381474
3381498
3381546
3381658
3381713
3381922
3381930
3381968
3381988
3382021
3382293
3382432
3382490
3382558
3382570
3382594
3382620
3382652
3382713
3382741
3382765
3382769
3382841
3382868
3382964
3383036
3383052
3383096
3383181
3383208
3383276
3383280
3383308
3383367
3383523
3383558
3383566
3383615
3383627
3383721
3383772
3383805
3383816
3383820
3383824
3383842
3383863
3383869
3383881
3383897
3383906
3383929
3383930
3383942
3383953
3383972
3384020
3384026
3384038
3384042
3384068
3384371
3384389
3384408
3384456
3384502
3384567
3384571
3384580
3384614
3384618
3384647
3384696
3384724
3384797
3384829
3384831
3384859
3384886
3384895
3384907
3384931
3384946
3384957
3384963
3384978
3385010
3385057
3385067
3385091
3385106
3385113
3385118
3385171
3385195
3385199
3385212
3385218
3385232
3385243
3385262
3385291
3385303
3385313
3385319
3385351
3385391
3385403
3385429
3385447
3385494
3385509
3385526
3385584
3385607
3385626
3385634
3385639
3385647
3385654
3385656
3385664
3385692
3385756
3385764
3385770
3385804
3385836
3385874
3385907
3385943
3385950
3386017
3386064
3386112
3386115
3386119
3386127
3386160
3386215
3386229
3386231
3386233
3386248
3386269
3386296
3386300
3386343
3386366
3386390
3386420
3386428
3386442
3386481
3386499
3386513
3386529
3386547
3386549
3386553
3386565
3386591
3386608
3386618
3386656
3386659
3386674
3386678
3386694
3386711
3386738
3386752
3386754
3386771
3386775
3386778
3386787
3386789
3386857
3386877
3386888
3386900
3386925
3386929
3386975
3386987
3387018
3387026
3387045
3387048
3387054
3387076
3387105
3387141
3387147
3387202
3387210
3387237
3387241
3387250
3387254
3387257
3387261
3387269
3387279
3387291
3387312
3387317
3387327
3387328
3387396
3387438
3387454
3387461
3387497
3387515
3387554
3387598
3387657
3387697
3387705
3387710
3387750
3387759
3387808
3387847
3387861
3387881
3387883
3387885
3387893
3387907
3387931
3387934
3387938
3387999
3388012
3388047
3388058
3388094
3388124
3388137
3388146
3388150
3388157
3388174
3388198
3388253
3388259
3388267
3388311
3388355
3388375
3388381
3388408
3388428
3388441
3388458
3388483
3388522
3388533
3388541
3388558
3388565
3388569
3388573
3388580
3388588
3388633
3388654
3388665
3388687
3388699
3388754
3388794
3388804
3388817
3388828
3388832
3388834
3388860
3388878
3388963
3388989
3388990
3389045
3389074
3389092
3389100
3389123
3389136
3389148
3389158
3389173
3389177
3389180
3389213
3389216
3389231
3389250
3389266
3389281
3389298
3389307
3389319
3389326
3389345
3389369
3389387
3389406
3389407
3389428
3389442
3389493
3389535
3389539
3389595
3389605
3389648
3389651
3389658
3389676
3389682
3389688
3389693
3389713
3389717
3389740
3389748
3389749
3389797
3389822
3389849
3389864
3389871
3389882
3389917
3389940
3389956
3389999
3390011
3390045
3390078
3390081
3390089
3390102
3390143
3390148
3390156
3390168
3390176
3390196
3390223
3390237
3390261
3390264
3390285
3390307
3390352
3390388
3390400
3390457
3390550
3390574
3390595
3390649
3390693
3390791
3390795
3390807
3390849
3390861
3390873
3390877
3390924
3390954
3390957
3390958
3390970
3390974
3390994
3390998
3391002
3391069
3391077
3391120
3391261
3391284
3391312
3391316
3391347
3391409
3391441
3395165
3395170
3395220
3395277
3395300
3395308
3395332
3395335
3395345
3395372
3395379
3395382
3395423
3395458
3395474
3395478
3395517
3395537
3395605
3395607
3395611
3395622
3395635
3395710
3395741
3395752
3395805
3395838
3395890
3395920
3395944
3395956
3395960
3396040
3396050
3396066
3396070
3396097
3396104
3396114
3396116
3396139
3396143
3396279
3396302
3396332
3396340
3396346
3396384
3396416
3396419
3396437
3396443
3396455
3396471
3396493
3396503
3396510
3396514
3396539
3396545
3396549
3396568
3396574
3396597
3396602
3396604
3396605
3396606
3396611
3396648
3396675
3396689
3396714
3396717
3396723
3396730
3396750
3396755
3396760
3396795
3396847
3396876
3396883
3396905
3396910
3396924
3396931
3396979
3396996
3397019
3397029
3397034
3397046
3397053
3397066
3397079
3397108
3397128
3397145
3397178
3397202
3397231
3397256
3397267
3397311
3397314
3397334
3397344
3397353
3397362
3397367
3397412
3397461
3397475
3397485
3397553
3397589
3397594
3397600
3397641
3397644
3397651
3397680
3397690
3397698
3397731
3397733
3397756
3397784
3397785
3397823
3397825
3397872
3397882
3397887
3397940
3397965
3397967
3397970
3398064
3398088
3398093
3398117
3398133
3398148
3398251
3398257
3398274
3398287
3398342
3398354
3398436
3398471
3398472
3398491
3398495
3398510
3398524
3398542
3398600
3398611
3398626
3398631
3398637
3398652
3398722
3398759
3398761
3398986
3399051
3399076
3399092
3399139
3399175
3399192
3399230
3399245
3399306
3399329
3399347
3399405
3399442
3399462
3399481
3399501
3399517
3399552
3399611
3399651
3399697
3399727
3399769
3399799
3399829
3399849
3399854
3399908
3399953
3399981
3400006
3400011
3400053
3400090
3400129
3400189
3400298
3400338
3400356
3400378
3400386
3400388
3400413
3400432
3400466
3400467
3400497
3400500
3400509
3400517
3400586
3400598
3400622
3400664
3400684
3400693
3400743
3400777
3400815
3400825
3400848
3400901
3400945
3400955
3400970
3400979
3400989
3400994
3401019
3401066
3401095
3401103
3401120
3401141
3401154
3401161
3401179
3401187
3401206
3401208
3401232
3401240
3401277
3401310
3401318
3401340
3401345
3401350
3401422
3401448
3401493
3401544
3401593
3401607
3401709
3401929
3401981
3402011
3402037
3402074
3402109
