0.000000 0.666667 0.702222 0.702222
0.025000 0.648649 0.702222 0.702222
0.050000 0.628478 0.685466 0.685466
0.075000 0.582996 0.662247 0.662247
0.100000 0.548571 0.631553 0.631553
0.125000 0.520607 0.595032 0.595032
0.150000 0.491468 0.573285 0.573285
0.175000 0.465052 0.545746 0.545746
0.200000 0.434512 0.512878 0.512878
0.225000 0.408801 0.485334 0.485334
0.250000 0.385387 0.444288 0.444288
0.275000 0.345833 0.403902 0.403902
0.300000 0.309511 0.358195 0.358195
0.325000 0.274075 0.304715 0.304715
0.350000 0.229783 0.239918 0.239918
0.375000 0.179719 0.156380 0.156380
0.400000 0.122278 0.067666 0.067666
0.425000 0.055832 0.032305 0.032305
0.450000 0.021349 0.000000 0.000000
0.475000 0.000000 0.000000 0.000000
0.500000 0.000000 0.000000 0.000000
0.525000 0.000000 0.000000 0.000000
0.550000 0.000000 0.000000 0.000000
0.575000 0.000000 0.000000 0.000000
0.600000 0.000000 0.000000 0.000000
0.625000 0.000000 0.000000 0.000000
0.650000 0.000000 0.000000 0.000000
0.675000 0.000000 0.000000 0.000000
0.700000 0.000000 0.000000 0.000000
0.725000 0.000000 0.000000 0.000000
0.750000 0.000000 0.000000 0.000000
0.775000 0.000000 0.000000 0.000000
0.800000 0.000000 0.000000 0.000000
0.825000 0.000000 0.000000 0.000000
0.850000 0.000000 0.000000 0.000000
0.875000 0.000000 0.000000 0.000000
0.900000 0.000000 0.000000 0.000000
0.925000 0.000000 0.000000 0.000000
0.950000 0.000000 0.000000 0.000000
0.975000 0.000000 0.000000 0.000000
1.000000 0.000000 0.000000 0.000000
