2979149
2979160
2979163
2979188
2979204
2979247
2979248
2979274
2979279
2979292
2979298
2979306
2979310
2979676
2979724
2979740
2979751
2979806
2979868
3034968
3034978
3035015
3035018
3035111
3035113
3035150
3035153
3035164
3035197
3035350
3035688
3035703
3035716
3035734
3035817
3035869
3035894
3035903
3035909
3035910
3035928
3035960
3035994
3036095
3036121
3036122
3036188
3036261
3036270
3036272
3036289
3036310
3036351
3036452
3036463
3036486
3037868
3037927
3037939
3038122
3038129
3038139
3038154
3038248
3038269
3038281
3038299
3038339
3038354
3038380
3038419
3038439
3038560
3038564
3038568
3038570
3038613
3038615
3038696
3038759
3038763
3038844
3038910
3038960
3039049
3039068
3039092
3039093
3039105
3039205
3039245
3039255
3040382
3040458
3040469
3040486
3040543
3040545
3040583
3040607
3040621
3040712
3040734
3040769
3040818
3040880
3040919
3040947
3040966
3040971
3040991
3041013
3041022
3041049
3041058
3041083
3041094
3041095
3041186
3041247
3041248
3041288
3041358
3041438
3041484
3041513
3041558
3041574
3041663
3041665
3041670
3041691
3041726
3041763
3041788
3041795
3041814
3041982
3041993
3043085
3043106
3043180
3043191
3043276
3043300
3043302
3043342
3043343
3043353
3043355
3043424
3043440
3043472
3043473
3043509
3043522
3043523
3043554
3043567
3043619
3043625
3043709
3043724
3043726
3043736
3043745
3043753
3043759
3043781
3043811
3043907
3043920
3044000
3044054
3044058
3044096
3044128
3044133
3044168
3044181
3044637
3045707
3045709
3045764
3045816
3045822
3045835
3045880
3045909
3045943
3046001
3046020
3046072
3046082
3046085
3046143
3046181
3046281
3046326
3046337
3046358
3046365
3046383
3046403
3046433
3046435
3046445
3046456
3046473
3046519
3046586
3046611
3046613
3046658
3046665
3046685
3046700
3046702
3046713
3046760
3046802
3046824
3046826
3046838
3046845
3046888
3046917
3046925
3046943
3046956
3046966
3046977
3046995
3046999
3047027
3047033
3047037
3047103
3047153
3047173
3047199
3047201
3047202
3047216
3047238
3047252
3047259
3047286
3047305
3047338
3047429
3048445
3048455
3048456
3048481
3048498
3048500
3048563
3048609
3048665
3048718
3048774
3048820
3048837
3048843
3048907
3048916
3049071
3049076
3049113
3049115
3049121
3049135
3049136
3049187
3049196
3049238
3049257
3049267
3049287
3049289
3049301
3049302
3049354
3049385
3049421
3049511
3049543
3049571
3049593
3049621
3049746
3049748
3049771
3049776
3049836
3049845
3049896
3049957
3049973
3050004
3051149
3051278
3051299
3051321
3051406
3051451
3051473
3051478
3051484
3051504
3051541
3051569
3051573
3051590
3051633
3051649
3051661
3051665
3051713
3051727
3051732
3051747
3051765
3051773
3051797
3051821
3051827
3051828
3051868
3051885
3052026
3052058
3052067
3052125
3052168
3052181
3052185
3052221
3052226
3052259
3052326
3052329
3052349
3052360
3052376
3052479
3052515
3052540
3052557
3052565
3052632
3052687
3052717
3052719
3052724
3052773
3052818
3052839
3052849
3052860
3052908
3052974
3053023
3053098
3053143
3053258
3053293
3054453
3054485
3054521
3054602
3054610
3054628
3054669
3054671
3054684
3054687
3054697
3054707
3054710
3054722
3054730
3054745
3054749
3054755
3054777
3054794
3054812
3054845
3054850
3054912
3054914
3054936
3054951
3054960
3055025
3055034
3055100
3055109
3055123
3055124
3055349
3055413
3055748
3055796
3055822
3055920
3055929
3055943
3055960
3055963
3055994
3056007
3056041
3056611
3056638
3056653
3056699
3056717
3056728
3056764
3056864
3056870
3056885
3056887
3056907
3056935
3056960
3056965
3056980
3056984
3057013
3057031
3057064
3057065
3057088
3057115
3057123
3057142
3057150
3057165
3057176
3057179
3057281
3057291
3057334
3057394
3057436
3057439
3057459
3057482
3057503
3057510
3057517
3057518
3057526
3057527
3057588
3057596
3057654
3057668
3057670
3058753
3058853
3058977
3059064
3059066
3059079
3059191
3059214
3059445
3059502
3059538
3059549
3059557
3059596
3059597
3059629
3059638
3059695
3059730
3059779
3059786
3059789
3059832
3059852
3059955
3059979
3060008
3060020
3060044
3060088
3060171
3060207
3060213
3060253
3060295
3060352
3060359
3060382
3060408
3061465
3061468
3061469
3061478
3061554
3061665
3061668
3061684
3061696
3061769
3061783
3061799
3061802
3061830
3061863
3061865
3061873
3061895
3061914
3061915
3061917
3061956
3061962
3061965
3061975
3061983
3062060
3062064
3062068
3062092
3062108
3062123
3062133
3062167
3062187
3062193
3062204
3062210
3062223
3062264
3062274
3062276
3062368
3062378
3062406
3062409
3062415
3062442
3062461
3062477
3062491
3062515
3062533
3062559
3062577
3062589
3062593
3062597
3062632
3062722
3062883
3062909
3062954
3062986
3062998
3063120
3063124
3063126
3064177
3064229
3064261
3064323
3064351
3064383
3064387
3064453
3064458
3064471
3064480
3064494
3064496
3064574
3064619
3064623
3064624
3064650
3064652
3064692
3064693
3064783
3064824
3064846
3064856
3064880
3064886
3064895
3064902
3064943
3064963
3064968
3064991
3064999
3065008
3065009
3065073
3065082
3065304
3065322
3065358
3065363
3065419
3065432
3065465
3065476
3065516
3065543
3065589
3065599
3065604
3065619
3065714
3066805
3066869
3066901
3066937
3066993
3067066
3067069
3067091
3067096
3067106
3067126
3067165
3067192
3067200
3067204
3067314
3067339
3067360
3067387
3067408
3067418
3067438
3067439
3067448
3067464
3067488
3067490
3067495
3067496
3067575
3067646
3067694
3067805
3067809
3067836
3067861
3067952
3067958
3067978
3067999
3068018
3068022
3068043
3068115
3068173
3068178
3068223
3068236
3068326
3068377
3068412
3068456
3068461
3068490
3068499
3069518
3069541
3069551
3069583
3069657
3069663
3069694
3069697
3069766
3069834
3069889
3069902
3069913
3069934
3069938
3069966
3070218
3070334
3070480
3070515
3070567
3070568
3070582
3070623
3070625
3070632
3070775
3070849
3070922
3070968
3071154
3071214
3071262
3072235
3072482
3072660
3072677
3072723
3072739
3072771
3072786
3072792
3072794
3072812
3072841
3072849
3072884
3072901
3072927
3072932
3072967
3073025
3073032
3073042
3073062
3073122
3073126
3073137
3073139
3073180
3073183
3073326
3073374
3073379
3073437
3073445
3073464
3073482
3073503
3073547
3073653
3073654
3073667
3073771
3073790
3073863
3073878
3073900
3073910
3073911
3073918
3073935
3073939
3075001
3075029
3075039
3075043
3075097
3075130
3075137
3075140
3075145
3075165
3075177
3075227
3075424
3075454
3075465
3075498
3075503
3075698
3075767
3075804
3075820
3075907
3075911
3075913
3075914
3075915
3076019
3076062
3076067
3076069
3076071
3076108
3076138
3076162
3076166
3076167
3076178
3076192
3076336
3076346
3076365
3076377
3076384
3076399
3076407
3076496
3076700
3077700
3077799
3077815
3077840
3077881
3077890
3077909
3077915
3077951
3077974
3077981
3078002
3078027
3078123
3078151
3078158
3078195
3078233
3078248
3078263
3078278
3078297
3078308
3078458
3078470
3078507
3078530
3078569
3078678
3078685
3078690
3078701
3078731
3078740
3078796
3078833
3078849
3078877
3079024
3079041
3079047
3079069
3079096
3079108
3079128
3079132
3079143
3079149
3079203
3079215
3079231
3079286
3079287
3079336
3079357
3080384
3080404
3080415
3080433
3080553
3080561
3080588
3080629
3080634
3080637
3080641
3080653
3080742
3080748
3080799
3080836
3080919
3080931
3080950
3081061
3081062
3081085
3081087
3081171
3081275
3081276
3081336
3081388
3081496
3081532
3081555
3081576
3081611
3081626
3081642
3081683
3081705
3081707
3081709
3081725
3081742
3081778
3081784
3081823
3081884
3081888
3081999
3082015
3082025
3082090
3082265
3083120
3083187
3083227
3083238
3083249
3083252
3083259
3083324
3083336
3083341
3083369
3083401
3083418
3083462
3083510
3083512
3083529
3083536
3083570
3083673
3083729
3083738
3083757
3083759
3083760
3083831
3083834
3083864
3083903
3083904
3084025
3084027
3084054
3084126
3084132
3084151
3084172
3084207
3084220
3084225
3084282
3084349
3084412
3084480
3084483
3084506
3084526
3084546
3084563
3084607
3084666
3084674
3084676
3084698
3085852
3085899
3085900
3085988
3086012
3086072
3086098
3086103
3086104
3086155
3086163
3086181
3086198
3086220
3086263
3086276
3086296
3086333
3086368
3086398
3086415
3086469
3086492
3086592
3086595
3086700
3086719
3086792
3086848
3086863
3086868
3086892
3086897
3086911
3086927
3086974
3087000
3087041
3087049
3087112
3087167
3087168
3087433
3088494
3088509
3088530
3088567
3088575
3088582
3088584
3088603
3088624
3088625
3088643
3088654
3088656
3088658
3088661
3088666
3088698
3088706
3088756
3088845
3088904
3088918
3088920
3088923
3088949
3088954
3088999
3089061
3089085
3089098
3089112
3089121
3089123
3089137
3089153
3089300
3089321
3089327
3089564
3089570
3089626
3089635
3089690
3089697
3089704
3089705
3089740
3089749
3089758
3089769
3089932
3089977
3090056
3090086
3090117
3090172
3091235
3091396
3091441
3091446
3091482
3091543
3091558
3091640
3091660
3091695
3091714
3091739
3091780
3091796
3091813
3091828
3091839
3091901
3091955
3092031
3092032
3092040
3092159
3092197
3092252
3092288
3092291
3092326
3092328
3092339
3092343
3092360
3092389
3092398
3092401
3092433
3092445
3092460
3092463
3092468
3092470
3092518
3092529
3092540
3092600
3092641
3092645
3092672
3092683
3092709
3092720
3092721
3092750
3092753
3092782
3092821
3092857
3092866
3092885
3092932
3093091
3093902
3093942
3094111
3094167
3094213
3094215
3094306
3094374
3094460
3094500
3094512
3094541
3094581
3094680
3094696
3094714
3094719
3094774
3094776
3094822
3094867
3094884
3094900
3094909
3094954
3094957
3095034
3095063
3095089
3095098
3095100
3095115
3095118
3095125
3095168
3095180
3095221
3095241
3095333
3095336
3095348
3095353
3095365
3095367
3095376
3095384
3095444
3095445
3095472
3095510
3095533
3096672
3096681
3096709
3096748
3096766
3096787
3096832
3096842
3096844
3096880
3096895
3096924
3096936
3096942
3096967
3096976
3096993
3097020
3097068
3097116
3097128
3097169
3097194
3097261
3097266
3097268
3097277
3097291
3097297
3097299
3097321
3097369
3097409
3097440
3097443
3097450
3097587
3097632
3097633
3097634
3097827
3097833
3097857
3097862
3097916
3097964
3097981
3097999
3098060
3098136
3098168
3098200
3098227
3098237
3098251
3098257
3098261
3098272
3098295
3098299
3098918
3099384
3099390
3099503
3099560
3099570
3099597
3099609
3099618
3099626
3099644
3099647
3099668
3099692
3099698
3099700
3099714
3099726
3099815
3099854
3099900
3099920
3099933
3099944
3099953
3099958
3099970
3100002
3100015
3100078
3100212
3100213
3100261
3100298
3100387
3100429
3100459
3100474
3100540
3100562
3100571
3100573
3100613
3100641
3100652
3100753
3100763
3100802
3100850
3100860
3100892
3101039
3102075
3102097
3102102
3102125
3102130
3102153
3102173
3102199
3102226
3102312
3102326
3102348
3102362
3102375
3102482
3102516
3102543
3102561
3102576
3102593
3102634
3102802
3102840
3102864
3102867
3102886
3102959
3102987
3103016
3103154
3103191
3103240
3103273
3103311
3103326
3103328
3103344
3103355
3103370
3103409
3103464
3103549
3103554
3103555
3103606
3103619
3103677
3104747
3104863
3104898
3104906
3104909
3104921
3104923
3104998
3105003
3105055
3105145
3105160
3105173
3105176
3105228
3105257
3105283
3105289
3105305
3105319
3105345
3105360
3105371
3105377
3105473
3105506
3105531
3105534
3105550
3105553
3105556
3105574
3105575
3105590
3105636
3105715
3105722
3105768
3105771
3105853
3105867
3105868
3105894
3105903
3105907
3105914
3105961
3106004
3106038
3106089
3106137
3106207
3106208
3106221
3106259
3106295
3106297
3106306
3106307
3106308
3106316
3107209
3107238
3107252
3107367
3107380
3107438
3107441
3107452
3107455
3107468
3107583
3107633
3107707
3107712
3107746
3107752
3107753
3107789
3107827
3107844
3107847
3107868
3107871
3107892
3107987
3107988
3108001
3108003
3108024
3108503
3108524
3108538
3108575
3108583
3108616
3108658
3108743
3108946
3108963
3108973
3109018
3109034
3109050
3109067
3109081
3109096
3109120
3109461
3109469
3110215
3110790
3110863
3110907
3110937
3110967
3110982
3111008
3111020
3111040
3111069
3111121
3111179
3111231
3111270
3111322
3111357
3111448
3111497
3111500
3111567
3111576
3111583
3111592
3111593
3111648
3111682
3111688
3111769
3111844
3111997
3112085
3113325
3113337
3113364
3113382
3113433
3113450
3113464
3113466
3113496
3113540
3113587
3113686
3113688
3113736
3113777
3113884
3113959
3113972
3113975
3113989
3114005
3114058
3114119
3114159
3114239
3114274
3114326
3114334
3114388
3114408
3114451
3114452
3114493
3114546
3115809
3115893
3117011
3117021
3117043
3117069
3117087
3117102
3117257
3117259
3117265
3117272
3117295
3117296
3117303
3117319
3117329
3117421
3117546
3117564
3117636
3117637
3117641
3117644
3117676
3117720
3117765
3117832
3117834
3117859
3117885
3117932
3117974
3118017
3118049
3118097
3118101
3118120
3118135
3118138
3118163
3118182
3118278
3118293
3118300
3118312
3118345
3118407
3118408
3118465
3118568
3118607
3118673
3119703
3119719
3119758
3119770
3119826
3119830
3119839
3119919
3119965
3119969
3120021
3120031
3120040
3120059
3120123
3120184
3120226
3120265
3120328
3120364
3120380
3120384
3120394
3120405
3120435
3120453
3120485
3120488
3120498
3120507
3120519
3120531
3120844
3120847
3120857
3120881
3120889
3120928
3120974
3120998
3121000
3121012
3121044
3121112
3121138
3121156
3121184
3121193
3121218
3121226
3121315
3121343
3121811
3122371
3122376
3122379
3122396
3122445
3122501
3122544
3122609
3122640
3122656
3122668
3122685
3122700
3122800
3122844
3122858
3122916
3122935
3122945
3123009
3123037
3123092
3123098
3123099
3123125
3123228
3123234
3123266
3123277
3123330
3123368
3123389
3123412
3123462
3123559
3123563
3123581
3123632
3123637
3123667
3123700
3123724
3123727
3123830
3123860
3123864
3123888
3123889
3123904
3123942
3123951
3124003
3124028
3124054
3124072
3124082
3124086
3125069
3125131
3125141
3125212
3125265
3125305
3125338
3125367
3125420
3125452
3125470
3125480
3125510
3125531
3125552
3125585
3125592
3125594
3125604
3125642
3125683
3125692
3125709
3125733
3125769
3125772
3125811
3125812
3125813
3125824
3125828
3125832
3125842
3125917
3125924
3125974
3125977
3126090
3126095
3126112
3126216
3126220
3126365
3126403
3126425
3126450
3126559
3126603
3126638
3126642
3126653
3126713
3126788
3127813
3127824
3127892
3127916
3127966
3128059
3128092
3128157
3128180
3128211
3128251
3128310
3128347
3128351
3128352
3128372
3128419
3128473
3128521
3128543
3128570
3128586
3128606
3128607
3128611
3128642
3128723
3128724
3128732
3128741
3128767
3128775
3128777
3128797
3128867
3128873
3128923
3128939
3128969
3128974
3129014
3129073
3129087
3129121
3129164
3129190
3129200
3129206
3129215
3129231
3129256
3129293
3129298
3129408
3130609
3130610
3130611
3130670
3130672
3130673
3130680
3130698
3130707
3130714
3130732
3130745
3130759
3130766
3130792
3130793
3130808
3130809
3130835
3130858
3130864
3130874
3130882
3130892
3130906
3130909
3130917
3130952
3131134
3131182
3131188
3131195
3131304
3131315
3131316
3131327
3131354
3131404
3131429
3131435
3131439
3131489
3131551
3131552
3131622
3131657
3131723
3131739
3131756
3131817
3131818
3131975
3132019
3132025
3132030
3132050
3132076
3132097
3132115
3132130
3132173
3132211
3132237
3133222
3133280
3133399
3133401
3133424
3133496
3133525
3133529
3133542
3133578
3133594
3133619
3133708
3133763
3133796
3133810
3133815
3133823
3133829
3133843
3133856
3133863
3133890
3133941
3134042
3134055
3134075
3134089
3134094
3134101
3134105
3134155
3134162
3134188
3134189
3134216
3134249
3134284
3134310
3134326
3134388
3134395
3134456
3134486
3134493
3134559
3134574
3134596
3134653
3134658
3134666
3134675
3134680
3134688
3134721
3134743
3134752
3134771
3134783
3134806
3134819
3134826
3134830
3134870
3134884
3134926
3136011
3136031
3136033
3136045
3136047
3136102
3136112
3136123
3136135
3136176
3136190
3136198
3136220
3136256
3136258
3136274
3136284
3136285
3136310
3136318
3136361
3136389
3136399
3136401
3136407
3136409
3136439
3136440
3136476
3136500
3136547
3136594
3136602
3136837
3136881
3136882
3136941
3136944
3136951
3136955
3136970
3136983
3136995
3137044
3137057
3137140
3137147
3137173
3137237
3137238
3137257
3137267
3137272
3137295
3137321
3137349
3137403
3137421
3137460
3137474
3137484
3137512
3137523
3137550
3137576
3137584
3138840
3138841
3138893
3138925
3138963
3139010
3139122
3139254
3139404
3139502
3139519
3139541
3139552
3139553
3139566
3139588
3139625
3139911
3139914
3139951
3140001
3140062
3140079
3140105
3140234
3140268
3140276
3140289
3140315
3140355
3140356
3140375
3142132
3142173
3142221
3142227
3142229
3142233
3142260
3142441
3142490
3142730
3142799
3142904
3142977
3143011
3143023
3143233
3143284
3143288
3143340
3143416
3143464
3143595
3143612
3143745
3143885
3143934
3143960
3144158
3144227
3144233
3144258
3144304
3144321
3144323
3144387
3144462
3144544
3144596
3144683
3144708
3144716
3144724
3144726
3144809
3144828
3144863
3144909
3145048
3145056
3145110
3145134
3145214
3145216
3147146
3147280
3147326
3147330
3147336
3147365
3147413
3147509
3147546
3147694
3147800
3147817
3147832
3147942
3148001
3148112
3148156
3148164
3148192
3148255
3148263
3148324
3148353
3148378
3148430
3148555
3148565
3148567
3148617
3148706
3148756
3148768
3148809
3148852
3148858
3148899
3148964
3148984
3149015
3149053
3149151
3149160
3149187
3149250
3149333
3149343
3149371
3149385
3149404
3149444
3149494
3149510
3149601
3149614
3149650
3149844
3150396
3152398
3152463
3152490
3152588
3152590
3152592
3152613
3152624
3152748
3152749
3152765
3152908
3152970
3153042
3153160
3153309
3153332
3153344
3153365
3153372
3153410
3153592
3153792
3153824
3153855
3153974
3153976
3154043
3154053
3154058
3154062
3154204
3154210
3154356
3154437
3154533
3154554
3154563
3154597
3154627
3154724
3154779
3154810
3154890
3154943
3154957
3155003
3155017
3155098
3155135
3155188
3156353
3156453
3156500
3156531
3156536
3156575
3156594
3156596
3156608
3156613
3156629
3156650
3156688
3156694
3156731
3156744
3156758
3156768
3156833
3156933
3156993
3157018
3157090
3157106
3157115
3157139
3157164
3157198
3157201
3157222
3157228
3157321
3157341
3157350
3157352
3157357
3157364
3157376
3157387
3157415
3157441
3157461
3157480
3157505
3157534
3157553
3157571
3157587
3157589
3157590
3157612
3157642
3157670
3157680
3157694
3157770
3157874
3157913
3157916
3157922
3157946
3157956
3159285
3159351
3159360
3159461
3159465
3159480
3159495
3159513
3159523
3159553
3159590
3159631
3159670
3159671
3159707
3159713
3159722
3159753
3159808
3159813
3159833
3159866
3159874
3159885
3159934
3159942
3159990
3160020
3160106
3160134
3160159
3160193
3160208
3160216
3160277
3160313
3160336
3160349
3160408
3160441
3160450
3160459
3160494
3160505
3160513
3160569
3160618
3160695
3160696
3160771
3161861
3161872
3161897
3161980
3162017
3162037
3162052
3162091
3162117
3162189
3162235
3162251
3162305
3162325
3162326
3162334
3162335
3162342
3162389
3162409
3162431
3162470
3162498
3162569
3162612
3162625
3162710
3162768
3162803
3162820
3162836
3162839
3162840
3162863
3162927
3162937
3162981
3163019
3163090
3163132
3163222
3163273
3163300
3163309
3163349
3163351
3163353
3163356
3163389
3163398
3163425
3163458
3163468
3163473
3164659
3164745
3164801
3164842
3164844
3164886
3164894
3164917
3164925
3164929
3164934
3164974
3165061
3165089
3165095
3165104
3165112
3165115
3165125
3165166
3165183
3165190
3165193
3165212
3165245
3165264
3165313
3165362
3165363
3165364
3165367
3165394
3165434
3165454
3165513
3165515
3165525
3165589
3165625
3165660
3165672
3165674
3165749
3165763
3165772
3165827
3165862
3165866
3165908
3165962
3166009
3166102
3166118
3166119
3166120
3166139
3166152
3166163
3166253
3166260
3167349
3167374
3167389
3167416
3167443
3167478
3167507
3167519
3167525
3167533
3167564
3167599
3167603
3167644
3167690
3167757
3167812
3167827
3167830
3167870
3167888
3167916
3167918
3167923
3167929
3167952
3167988
3167992
3168006
3168015
3168046
3168055
3168073
3168125
3168134
3168196
3168267
3168270
3168289
3168308
3168332
3168351
3168428
3168437
3168465
3168482
3168498
3168540
3168607
3168624
3168642
3168662
3168665
3168683
3168689
3168694
3168720
3168744
3168760
3168772
3168780
3168783
3168789
3168826
3168834
3168840
3168861
3168967
3168976
3170145
3170214
3170231
3170245
3170269
3170301
3170306
3170307
3170318
3170343
3170346
3170374
3170430
3170456
3170533
3170537
3170633
3170686
3170737
3170742
3170796
3170802
3170807
3170831
3170853
3170894
3170981
3170993
3171094
3171109
3171115
3171159
3171161
3171249
3171297
3171435
3171449
3171459
3171472
3171558
3171560
3171561
3171613
3171623
3171626
3171648
3171656
3171657
3172956
3172966
3172999
3173044
3173048
3173055
3173057
3173089
3173099
3173111
3173112
3173113
3173129
3173239
3173262
3173275
3173287
3173313
3173316
3173320
3173345
3173423
3173424
3173489
3173512
3173519
3173528
3173532
3173549
3173598
3173621
3173641
3173657
3173662
3173683
3173700
3173723
3173738
3173746
3173754
3173780
3173819
3173895
3173896
3173906
3173927
3173938
3173939
3173993
3174053
3174064
3174086
3174094
3174098
3174191
3174375
3175600
3175637
3175640
3175648
3175687
3175718
3175723
3175742
3175789
3175850
3175865
3175869
3175878
3175984
3176001
3176013
3176019
3176046
3176050
3176063
3176066
3176086
3176090
3176105
3176122
3176164
3176171
3176172
3176237
3176245
3176315
3176334
3176336
3176374
3176417
3176418
3176517
3176518
3176564
3176596
3176625
3176635
3176663
3176696
3176705
3176707
3176723
3176735
3176746
3176749
3176763
3176769
3176779
3176811
3176831
3176849
3176864
3176895
3176948
3176992
3177001
3177012
3177017
3177022
3177046
3177050
3177087
3177105
3177137
3178289
3178299
3178305
3178342
3178438
3178448
3178453
3178514
3178540
3178542
3178567
3178569
3178588
3178681
3178741
3178778
3178785
3178814
3178816
3178837
3178936
3178954
3178968
3179020
3179064
3179149
3179171
3179177
3179190
3179240
3179309
3179343
3179449
3179473
3179478
3179480
3179486
3179487
3179557
3179571
3179589
3179604
3179686
3179733
3179741
3179775
3179842
3179935
3179948
3181196
3181234
3181251
3181286
3181287
3181312
3181328
3181341
3181343
3181349
3181359
3181419
3181429
3181449
3181465
3181492
3181500
3181509
3181543
3181550
3181562
3181564
3181604
3181609
3181634
3181679
3181738
3181760
3181777
3181791
3181816
3181823
3181911
3181965
3181984
3182003
3182052
3182057
3182073
3182131
3182155
3182169
3182234
3182259
3182303
3182316
3182353
3182362
3182367
3182386
3182408
3182425
3182429
3182442
3182473
3182479
3182494
3182497
3182499
3182592
3182648
3182667
3183843
3183872
3183886
3183891
3183901
3183904
3183921
3183929
3183941
3183944
3183990
3184014
3184046
3184093
3184157
3184196
3184243
3184286
3184301
3184317
3184345
3184395
3184419
3184422
3184453
3184499
3184551
3184560
3184688
3184697
3184718
3184728
3184739
3184790
3184833
3184857
3184899
3184954
3184971
3185008
3185026
3185035
3185048
3185088
3185136
3185150
3185191
3185222
3185247
3185428
3186521
3186673
3186679
3186737
3186808
3186950
3186951
3187013
3187033
3187086
3187192
3187208
3187242
3187268
3187299
3187313
3187348
3187355
3187356
3187370
3187450
3187452
3187478
3187493
3187507
3187575
3187599
3187618
3187648
3187700
3187701
3187709
3187720
3187731
3187738
3187765
3187770
3187783
3187810
3187839
3187840
3187856
3187915
3187921
3187924
3187990
3188030
3188031
3189248
3190263
3190274
3190295
3190429
3190433
3190471
3190793
3190830
3190845
3190848
3191965
3192023
3192077
3192171
3192190
3192402
3192515
3192560
3192567
3192579
3192761
3192771
3192787
3192799
3192818
3192825
3192843
3192845
3192882
3192887
3192896
3192918
3193061
3193063
3193075
3193092
3193106
3193111
3193126
3193172
3193200
3193225
3193226
3193231
3193244
3193319
3193340
3193344
3193634
3193671
3193678
3194752
3194844
3194860
3194868
3194911
3194918
3194919
3194937
3194999
3195115
3195158
3195161
3195231
3195313
3195339
3195400
3195402
3195439
3195530
3195557
3195562
3195603
3195632
3195651
3195659
3195660
3195684
3195691
3195874
3195928
3195953
3195954
3195976
3196048
3196072
3196082
3196087
3196094
3196100
3196119
3196144
3196157
3196205
3196231
3196262
3196274
3196309
3197734
3197745
3197799
3197811
3197878
3197957
3198030
3198034
3198123
3198411
3198482
3198492
3198931
3198964
3198995
3199149
3199286
3199290
3199319
3199335
3199366
3199759
3199854
3199876
3200032
3200181
3200326
3200384
3200431
3200456
3200469
3200476
3200591
3200597
3200621
3200668
3200717
3200731
3200777
3200800
3200802
3200832
3203059
3203084
3203250
3203265
3203364
3203399
3203988
3204009
3204036
3204090
3204127
3204155
3204205
3204250
3204330
3204368
3204377
3204380
3208059
3208345
3208351
3208374
3208378
3208397
3208652
3208730
3208742
3208787
3209122
3209222
3209228
3209235
3209345
3209503
3209785
3210776
3213305
3213307
3213313
3213625
3213715
3213752
3213832
3213955
3213976
3214006
3214075
3214091
3214227
3214233
3214258
3214301
3214332
3214386
3214443
3214459
3214496
3214503
3214573
3214655
3214811
3214833
3214873
3214922
3214931
3214974
3215015
3215033
3215048
3215058
3215060
3215103
3215121
3215174
3215183
3215311
3215335
3215459
3215467
3215484
3215613
3215619
3215621
3215627
3215685
3215704
3215722
3215775
3215799
3215836
3215855
3215880
3215888
3215992
3216162
3216270
3216298
3216470
3216474
3216529
3218838
3218842
3218861
3218874
3218882
3218970
3219065
3219105
3219237
3219258
3219270
3219410
3219540
3219587
3219613
3219623
3219665
3219721
3219786
3219830
3219888
3219934
3219948
3220044
3220093
3220129
3220154
3220168
3220193
3220212
3220219
3220264
3220320
3220360
3220500
3220525
3220624
3220628
3220703
3220709
3220770
3220806
3221061
3221157
3221192
3221361
3221364
3221487
3221514
3221572
3221651
3221677
3221720
3223792
3223795
3223897
3223901
3224090
3224148
3224321
3224338
3224674
3224730
3224749
3224798
3224895
3224941
3224954
3225159
3225274
3225371
3225429
3225466
3225494
3225510
3225512
3225545
3225572
3225576
3225597
3225621
3225663
3225767
3225773
3225780
3225821
3226017
3226038
3226046
3226062
3226152
3226164
3226287
3226320
3226333
3226422
3226453
3226455
3226458
3226509
3226609
3226686
3226749
3226828
3226970
3226992
3227032
3227165
3229117
3229140
3229184
3229188
3229234
3229246
3229288
3229415
3229457
3229539
3229589
3229593
3229609
3229697
3229721
3229834
3229957
3230123
3230131
3230243
3230411
3230450
3230494
3230580
3230613
3230672
3230713
3230719
3230781
3230834
3230915
3231049
3231140
3231142
3231282
3231355
3231421
3231522
3231543
3231568
3231616
3231649
3231678
3231734
3231808
3231810
3231861
3231871
3231882
3234175
3234285
3234307
3234324
3234330
3234338
3234361
3234386
3234461
3234474
3234502
3234562
3234606
3234621
3234623
3234670
3234675
3234683
3234685
3234713
3234721
3234791
3234942
3234992
3235045
3235058
3235200
3235248
3235305
3235393
3235448
3235600
3235676
3235727
3235731
3235732
3235740
3235752
3235845
3235910
3236017
3236077
3236152
3236192
3236244
3236315
3236378
3236459
3236549
3236625
3236678
3236717
3236784
3236809
3236836
3236972
3237020
3237031
3237064
3237071
3237077
3237087
3237309
3237324
3239400
3239453
3239486
3239490
3239527
3239573
3239638
3239646
3239713
3239744
3239775
3239785
3239876
3239904
3239914
3239921
3240035
3240051
3240139
3240151
3240171
3240207
3240265
3240292
3240311
3240313
3240348
3240369
3240399
3240405
3240440
3240496
3240569
3240572
3240727
3240904
3240910
3240964
3240968
3241043
3241088
3241215
3241281
3241503
3241594
3241653
3241762
3241770
3241817
3241874
3241917
3242049
3242394
3242400
3244531
3244591
3244597
3244648
3244653
3244661
3244679
3244687
3244724
3244779
3244787
3244791
3244799
3244827
3244836
3244841
3244908
3244969
3244978
3245008
3245012
3245039
3245044
3245060
3245095
3245210
3245217
3245229
3245232
3245336
3245343
3245346
3245359
3245480
3245490
3245492
3245524
3245566
3245612
3245633
3245715
3245723
3245752
3245814
3245825
3245835
3245853
3245861
3245884
3245898
3245900
3245938
3245971
3245995
3246006
3246058
3246061
3247243
3247316
3247323
3247324
3247341
3247457
3247458
3247462
3247526
3247527
3247557
3247572
3247618
3247632
3247700
3247703
3247709
3247727
3247741
3247751
3247765
3247789
3247806
3247822
3247838
3247891
3247918
3247949
3247983
3248043
3248052
3248093
3248164
3248174
3248175
3248180
3248223
3248266
3248300
3248333
3248352
3248429
3248435
3248545
3248576
3248721
3248746
3248759
3248763
3248772
3249920
3249932
3249970
3249988
3250004
3250029
3250043
3250050
3250090
3250145
3250150
3250170
3250182
3250245
3250371
3250384
3250387
3250396
3250421
3250505
3250530
3250591
3250613
3250617
3250618
3250626
3250673
3250677
3250685
3250699
3250776
3250844
3250890
3250891
3250902
3250922
3250943
3250978
3250993
3251028
3251095
3251134
3251179
3251188
3251229
3251236
3251241
3251256
3251289
3251327
3251339
3251369
3251393
3251426
3251428
3251482
3251497
3252654
3252669
3252841
3252858
3252863
3252978
3252988
3253051
3253067
3253071
3253391
3253404
3253463
3253604
3253610
3253736
3253750
3253753
3253766
3253793
3253804
3253810
3253876
3253906
3253946
3253959
3254008
3254085
3254086
3254150
3254151
3254216
3254243
3254244
3255403
3255455
3255456
3255465
3255499
3255551
3255585
3255586
3255609
3255620
3255665
3255675
3255718
3255719
3255742
3255771
3255816
3255826
3255836
3255838
3255839
3255865
3255916
3255925
3255951
3255965
3256007
3256107
3256135
3256155
3256214
3256215
3256226
3256270
3256299
3256323
3256330
3256340
3256358
3256378
3256411
3256428
3256461
3256464
3256486
3256493
3256541
3256570
3256604
3256627
3256673
3256702
3256708
3256723
3256807
3256832
3256852
3256865
3256911
3258059
3258071
3258106
3258118
3258240
3258262
3258271
3258275
3258277
3258285
3258286
3258344
3258359
3258366
3258383
3258435
3258445
3258447
3258505
3258516
3258567
3258568
3258603
3258605
3258647
3258694
3258709
3258787
3259107
3259152
3259163
3259178
3259181
3259232
3259309
3259310
3259338
3259388
3259405
3259427
3259446
3259465
3259481
3259485
3259492
3259501
3259576
3259585
3259596
3259599
3259670
3259683
3259761
3259795
3259805
3260897
3261063
3261101
3261103
3261105
3261531
3261578
3261580
3261592
3261597
3261669
3261698
3261737
3261750
3261813
3261814
3261844
3261846
3261858
3261936
3261940
3261953
3261981
3261983
3262012
3262042
3262060
3262064
3262100
3262145
3262156
3262164
3262165
3262174
3262178
3262180
3262201
3262222
3262234
3262235
3262262
3262267
3262339
3262380
3262403
3262749
3263691
3263718
3263770
3263820
3263832
3263843
3263861
3263883
3264021
3264054
3264055
3264105
3264162
3264163
3264251
3264294
3264330
3264356
3264367
3264425
3264456
3264458
3264537
3264554
3264556
3264754
3264756
3264791
3264810
3264820
3264906
3264920
3264993
3265032
3265091
3265095
3265100
3265118
3265149
3265221
3265262
3265283
3265363
3265365
3265479
3265482
3265497
3265518
3265547
3265601
3265934
3268061
3268148
3268171
3268205
3268387
3268389
3268395
3268400
3268410
3268422
3268435
3268447
3268468
3268470
3268568
3268985
3269119
3269334
3269473
3269520
3269532
3269714
3269784
3269786
3269796
3269835
3269845
3269941
3270055
3270076
3270123
3270218
3270510
3270672
3270748
3270759
3271243
3273484
3273488
3273513
3273529
3273583
3273616
3273740
3273756
3273822
3273895
3273909
3273940
3274054
3274056
3274083
3274091
3274267
3274311
3274367
3274449
3274451
3274462
3274474
3274482
3274523
3274535
3274716
3274720
3274750
3274768
3274883
3275057
3275120
3275241
3275309
3275319
3275326
3275406
3275455
3275483
3275542
3275645
3275675
3275746
3275913
3275956
3276021
3276039
3276043
3276524
3276526
3278751
3322243
3322377
3323008
3323032
3323051
3323372
3323386
3323569
3323878
3323995
3330460
3330489
3330716
3331623
3331734
3332373
3332454
3334563
3334635
3334651
3334721
3334838
3334898
3334906
3335478
3335679
3336128
3336132
3336136
3340346
3340370
3341642
3341893
3341935
3342043
3342074
3342078
3342104
3342149
3342154
3342171
3342175
3342245
3342276
3342305
3342312
3342394
3342413
3342440
3342451
3342486
3342532
3342534
3342564
3342588
3342724
3342739
3342740
3342894
3342907
3342910
3343029
3343039
3343051
3343090
3343148
3343166
3343175
3343210
3343229
3343243
3343291
3343332
3343394
3343444
3343454
3343493
3343495
3343531
3343690
3343705
3343708
3343775
3343831
3343849
3343891
3343892
3343900
3343917
3343931
3343957
3344015
3344053
3344058
3344064
3344082
3344102
3344109
3344115
3344182
3344193
3344233
3344234
3344239
3344266
3344300
3344361
3344372
3344413
3344439
3344486
3344521
3344544
3344581
3344612
3344620
3344651
3344655
3344662
3344702
3344735
3344751
3344754
3344781
3344786
3344840
3344848
3344854
3344859
3344869
3344886
3344890
3344918
3344977
3345005
3345050
3345111
3345214
3345215
3345243
3345349
3345369
3345375
3345403
3345458
3345483
3345522
3345528
3345576
3345581
3345660
3345753
3345769
3345807
3345808
3345826
3345910
3345946
3345957
3345981
3345989
3346002
3346031
3346036
3346051
3346052
3346114
3346133
3346158
3346168
3346189
3346191
3346205
3346251
3346257
3346267
3346274
3346277
3346335
3346356
3346375
3346409
3346412
3346437
3346440
3346477
3346484
3346487
3346500
3346541
3346549
3346568
3346615
3346691
3346697
3346717
3346724
3346829
3346853
3346861
3346871
3346904
3346916
3346982
3347044
3347083
3347096
3347097
3347122
3347124
3347182
3347207
3347208
3347216
3347227
3347245
3347293
3347302
3347310
3347333
3347336
3347372
3347470
3347497
3347511
3347518
3347564
3347585
3347604
3347640
3347653
3347676
3347725
3347758
3347771
3347780
3347822
3347828
3347834
3347906
3347913
3347914
3347924
3347944
3347963
3348181
3348200
3348268
3348316
3348651
3348971
3348992
3351761
3351860
3351887
3351936
3351945
3351954
3352001
3352039
3352079
3352091
3352118
3352120
3352142
3352268
3352379
3352464
3352490
3352508
3352579
3352655
3352666
3352693
3352706
3352730
3352759
3352769
3352826
3352845
3352850
3352883
3352945
3353015
3353044
3353059
3353079
3353129
3353137
3353151
3353176
3353180
3353188
3353191
3353221
3353233
3353234
3353266
3353277
3353367
3353501
3353578
3353583
3353592
3353643
3353699
3353743
3353744
3353791
3353794
3353804
3353820
3353822
3353832
3353893
3353896
3353940
3353965
3353973
3353989
3354041
3354052
3354143
3354217
3354255
3354274
3354321
3354377
3354380
3354402
3354404
3354413
3354424
3354431
3354450
3354502
3354503
3354510
3354550
3354632
3354649
3354664
3354676
3354692
3354712
3354751
3354773
3354794
3354804
3354814
3354839
3354842
3354862
3354914
3354944
3354952
3354975
3354979
3355019
3355026
3355036
3355062
3355102
3355173
3355322
3356418
3356456
3356698
3356833
3356934
3357230
3357258
3357512
3357532
3357568
3357662
3357717
3357975
3357999
3358023
3358413
3358457
3358545
3358668
3358672
3358776
3358777
3358848
3358871
3358885
3358961
3359000
3359076
3359078
3359119
3359137
3359155
3359270
3359290
3359302
3359321
3359338
3359389
3359433
3359493
3359517
3359523
3359530
3359655
3359656
3359661
3359671
3359713
3359739
3359746
3359790
3359813
3359841
3359849
3359857
3359863
3359912
3359972
3359987
3360032
3360039
3360062
3360077
3360108
3360137
3360167
3360175
3360202
3360221
3360251
3360286
3360352
3360459
3360473
3360488
3360514
3360523
3360575
3360658
3360743
3360821
3360828
3360956
3360980
3361042
3361060
3361110
3361123
3361222
3361302
3361326
3361334
3361391
3361475
3361582
3361636
3361638
3361665
3361840
3361977
3361986
3362010
3362087
3362142
3362148
3362190
3362232
3362344
3362628
3362732
3362787
3362818
3362836
3363022
3363098
3363122
3363130
3363132
3363137
3363158
3363182
3363214
3363227
3363278
3363322
3363371
3363395
3363454
3363472
3363541
3363585
3363600
3363610
3363688
3363738
3363827
3363891
3363929
3363965
3364019
3364097
3364145
3364180
3364220
3364231
3364234
3364261
3364274
3364364
3364438
3364472
3364482
3364512
3364522
3364527
3364618
3364619
3364623
3364631
3364706
3364710
3364765
3364861
3364906
3364918
3365026
3365030
3365050
3365056
3365065
3365076
3365138
3365153
3365158
3365170
3365176
3365183
3365220
3365259
3365359
3365392
3365395
3365442
3365464
3365485
3365552
3365563
3365573
3365619
3365639
3365662
3365696
3365707
3365726
3365732
3365800
3365865
3365870
3365898
3366015
3366065
3366066
3366096
3366163
3366187
3366225
3366276
3366302
3366304
3366311
3366325
3366417
3366544
3366559
3366561
3366562
3366574
3366614
3366617
3366624
3366630
3366661
3366680
3366775
3366786
3366790
3366828
3366906
3366913
3366939
3367001
3367008
3367097
3367113
3367130
3367142
3367176
3367207
3367212
3367216
3367232
3367263
3367266
3367279
3367298
3367456
3367527
3367530
3367637
3367638
3367686
3367753
3367758
3367782
3367788
3367821
3367823
3367893
3367933
3368039
3368043
3368108
3368198
3368301
3368318
3368464
3368474
3368508
3368619
3368673
3368718
3368805
3368836
3373622
3373671
3373681
3373683
3373742
3373763
3373778
3373808
3373889
3373930
3373938
3373942
3373947
3373952
3373996
3374017
3374087
3374103
3374154
3374171
3374183
3374201
3374313
3374350
3374363
3374489
3374535
3374543
3374558
3374569
3374582
3374641
3374650
3374721
3374743
3374797
3374831
3374838
3374868
3374872
3374887
3374916
3374978
3374988
3375059
3375213
3375235
3375290
3375409
3375479
3375515
3375523
3375562
3375687
3375689
3375761
3375789
3375817
3375870
3375935
3375968
3375991
3376026
3376031
3376113
3376228
3376302
3376398
3376410
3376502
3376531
3376539
3376654
3376667
3376698
3376719
3376741
3376751
3376774
3376777
3376782
3376824
3376825
3376922
3376940
3376977
3377020
3377024
3377027
3377155
3377159
3377283
3377321
3377362
3377371
3377481
3377507
3377538
3377614
3377618
3377634
3377637
3377686
3377705
3377795
3377803
3377812
3377839
3377846
3378041
3378111
3378140
3378143
3378173
3378176
3378194
3378313
3378321
3378337
3378431
3378490
3378624
3378642
3378651
3378653
3378699
3378708
3378717
3378729
3378835
3378857
3378863
3378898
3378942
3378947
3378987
3379007
3379014
3379031
3379070
3379151
3379155
3379181
3379260
3379310
3379312
3379324
3379389
3379390
3379405
3379476
3379485
3379503
3379528
3379567
3379598
3379643
3379669
3379670
3379679
3379731
3379822
3379825
3379833
3379913
3380038
3380070
3380197
3380321
3380470
3380616
3380758
3381010
3381066
3381115
3381137
3381171
3381179
3381300
3381303
3381462
3381486
3381522
3381609
3381821
3381825
3381841
3381900
3381950
3381952
3381978
3382063
3382165
3382506
3382636
3382917
3383028
3383320
3383403
3383415
3383428
3383431
3383434
3383583
3383599
3383623
3383685
3383905
3384048
3384079
3384114
3384115
3384174
3384268
3384313
3384397
3384407
3384440
3384479
3384559
3384566
3384582
3384598
3384653
3384818
3384831
3384898
3384934
3385034
3385130
3385154
3385158
3385182
3385232
3385293
3385297
3385486
3385537
3385546
3385562
3385615
3385659
3385683
3385746
3385748
3385832
3385840
3385905
3385916
3385919
3386080
3386163
3386196
3386240
3386285
3386290
3386297
3386300
3386319
3386324
3386383
3386428
3386442
3386462
3386466
3386485
3386530
3386559
3386604
3386714
3386799
3386806
3386900
3386921
3387048
3387098
3387137
3387169
3387183
3387248
3387257
3387279
3387356
3387382
3387403
3387414
3387422
3387467
3387511
3387541
3387598
3387630
3387801
3387871
3387875
3387879
3387896
3387944
3387955
3387978
3388012
3388016
3388034
3388043
3388110
3388134
3388154
3388165
3388206
3388212
3388241
3388249
3388281
3388284
3388317
3388462
3388484
3388525
3388533
3388559
3388596
3388654
3388699
3388840
3388850
3388902
3388944
3389039
3389051
3389060
3389111
3389119
3389144
3389166
3389177
3389183
3389279
3389287
3389334
3389358
3389364
3389376
3389379
3389385
3389390
3389391
3389438
3389448
3389489
3389526
3389563
3389642
3389681
3389696
3389709
3389778
3389868
3389998
3390022
3390066
3390127
3390131
3390330
3390384
3390394
3390398
3390400
3390574
3390625
3390649
3390841
3390900
3390990
3395339
3395489
3395525
3395646
3395710
3395754
3395772
3395786
3395805
3395808
3395820
3395838
3395840
3395850
3395890
3395934
3395980
3395992
3396006
3396093
3396114
3396178
3396194
3396269
3396279
3396282
3396303
3396319
3396325
3396342
3396429
3396443
3396468
3396510
3396523
3396593
3396620
3396675
3396681
3396684
3396729
3396751
3396753
3396773
3396815
3396825
3396828
3396833
3396936
3396966
3396972
3397013
3397025
3397073
3397112
3397207
3397267
3397288
3397364
3397395
3397474
3397519
3397571
3397625
3397652
3397657
3397662
3397695
3397719
3397728
3397822
3398076
3398236
3398251
3398292
3398297
3398305
3398435
3398436
3398446
3398465
3398482
3398493
3398505
3398509
3398524
3398569
3398585
3398589
3398623
3398657
3398697
3399064
3399074
3399160
3399217
3399311
3399397
3399457
3399715
3399908
3400054
3400323
3400358
3400382
3400401
3400445
3400581
3400773
3400932
3401002
3401062
3401106
3401124
3401164
3401250
3401328
3401363
3401498
3401525
3401569
3401649
3401934
3401955
3401976
3402006
