2979312
3035225
3035712
3035879
3036193
3036233
3036443
3038303
3038414
3038496
3038519
3038624
3038660
3038669
3039006
3040477
3041232
3041244
3041270
3041382
3041688
3041799
3041817
3043273
3043288
3043291
3043332
3043663
3043779
3043850
3045885
3046068
3046132
3046141
3046304
3046591
3046717
3046794
3046864
3046938
3046947
3046966
3047056
3047202
3047203
3048509
3048538
3048912
3049097
3049115
3049340
3049347
3049592
3049688
3051490
3051550
3051704
3051914
3052014
3052364
3052503
3052666
3052701
3052745
3052910
3052943
3053242
3054579
3054760
3056004
3056817
3056866
3057152
3057200
3057221
3057471
3057822
3058715
3058891
3059483
3059502
3059543
3059569
3059642
3059676
3059749
3059775
3059816
3059865
3060034
3060165
3061732
3062007
3062065
3062107
3062169
3062212
3062702
3062827
3062989
3064579
3064694
3064781
3064874
3064946
3064951
3065326
3065524
3065628
3066964
3066966
3066974
3067051
3067154
3067352
3067426
3067682
3067829
3068297
3069630
3069642
3069767
3069833
3069889
3070623
3070662
3070725
3071195
3072452
3072603
3072610
3073014
3073048
3073147
3073186
3073281
3073510
3075067
3075404
3075416
3075825
3076109
3076381
3076503
3077651
3077845
3077988
3078278
3078298
3078335
3078386
3078387
3078396
3078911
3079235
3079287
3079385
3080792
3081382
3081500
3081843
3081858
3082007
3083193
3083338
3083362
3083697
3083726
3083881
3084055
3084115
3084191
3084222
3084378
3084422
3084448
3085829
3086145
3086175
3086490
3086620
3086823
3086875
3086982
3087105
3087309
3088842
3088963
3088998
3089061
3089070
3089085
3089335
3089422
3089895
3089924
3089950
3089988
3090137
3091741
3091754
3092012
3092085
3092181
3092250
3092261
3092290
3092353
3092391
3092587
3093946
3094003
3094201
3094284
3094357
3094365
3094386
3094392
3094437
3094449
3094459
3094469
3094644
3094726
3095157
3095388
3095467
3096690
3096806
3097152
3097167
3097302
3097446
3097476
3097606
3097609
3097929
3097994
3098018
3098070
3098071
3099629
3099696
3099717
3100010
3100120
3100323
3100537
3100547
3100567
3100656
3100738
3100770
3100862
3100892
3101051
3102084
3102147
3102167
3102281
3102329
3102388
3102393
3102508
3103407
3103461
3103629
3104899
3105053
3105054
3105292
3105372
3105422
3105621
3105686
3105754
3105786
3105862
3105952
3106235
3107247
3107437
3107440
3107470
3107500
3107592
3107691
3108006
3108484
3108606
3108646
3109003
3109070
3109078
3109109
3109279
3110508
3110552
3110719
3111175
3111224
3111278
3111363
3111657
3111679
3111728
3111922
3111976
3111990
3113633
3113752
3114007
3114015
3114244
3114279
3114325
3114354
3114399
3114474
3115882
3115902
3117229
3117447
3117642
3117777
3117964
3118621
3118656
3119786
3119925
3120058
3120173
3120202
3120290
3120407
3120858
3120920
3121039
3121091
3121125
3121224
3121261
3121788
3121790
3121832
3122443
3122825
3122831
3123196
3123202
3123330
3123444
3123445
3123450
3123513
3123702
3124048
3125265
3125275
3125315
3125540
3125548
3125962
3126146
3126227
3126653
3126659
3126803
3127889
3128018
3128162
3128256
3128336
3128617
3128637
3128744
3129212
3129252
3129365
3129416
3130611
3130687
3130722
3130791
3130890
3130908
3131000
3131186
3131293
3131424
3131508
3131605
3131715
3131779
3131798
3131878
3131893
3131987
3132069
3132134
3132145
3133230
3133376
3133565
3133581
3133760
3133845
3134033
3134437
3134458
3134573
3134632
3134852
3136011
3136033
3136139
3136198
3136204
3136243
3136325
3136439
3137021
3137028
3139144
3139500
3139502
3139535
3139719
3139989
3140261
3142707
3142796
3142965
3142975
3143802
3144391
3144563
3147148
3147585
3147821
3147978
3148082
3148236
3148324
3148469
3148490
3149196
3149954
3150344
3152479
3152853
3153621
3153953
3154254
3154381
3154431
3154921
3155180
3155209
3156516
3156680
3156990
3157054
3157134
3157696
3157713
3157748
3159346
3159631
3159988
3160132
3160236
3160509
3161929
3161968
3162033
3162103
3162223
3162271
3162350
3162592
3162854
3163203
3163285
3164628
3164874
3165000
3165020
3165156
3165311
3165498
3166010
3166060
3167613
3167657
3167678
3167944
3168181
3168406
3168595
3168654
3168711
3168826
3168847
3168854
3169009
3170123
3170314
3170490
3170521
3170706
3170863
3170992
3171021
3171185
3171327
3171392
3172891
3172973
3172994
3173350
3173515
3173614
3173666
3173743
3173765
3173790
3173830
3173872
3174248
3174300
3175733
3175753
3175781
3175848
3175855
3176316
3176548
3176656
3176722
3176729
3176767
3176775
3176817
3176879
3176898
3178673
3178857
3178972
3179018
3179108
3179172
3179478
3179488
3179587
3179739
3181155
3181191
3181319
3181450
3181500
3181566
3181616
3181668
3182127
3182180
3183859
3183970
3184062
3184144
3184475
3184498
3184588
3184648
3184756
3184866
3185249
3185258
3186520
3186764
3187079
3187176
3187338
3187515
3187684
3187762
3187812
3187838
3188457
3189248
3190227
3190236
3190746
3190858
3192451
3192822
3192886
3193381
3194909
3195068
3195182
3195346
3195358
3195403
3195564
3195607
3195608
3195669
3195755
3195777
3195933
3195978
3196116
3197668
3197834
3198276
3199268
3199322
3199617
3203164
3203970
3204073
3204214
3208168
3208177
3209362
3213783
3214322
3214361
3214532
3214766
3214959
3215048
3215189
3215399
3215550
3215720
3215878
3215929
3216137
3216268
3216366
3216455
3216531
3219420
3219490
3219915
3220050
3221011
3221263
3221502
3221518
3221529
3221704
3223994
3224098
3224102
3224397
3225472
3225685
3225823
3226093
3226152
3226972
3229630
3230203
3230801
3230866
3230996
3231035
3231130
3231630
3231637
3232106
3234350
3234744
3234787
3234823
3235372
3235374
3235514
3235833
3236102
3236543
3239690
3239966
3240455
3240703
3241014
3241884
3244471
3244546
3244734
3244906
3244930
3245335
3245440
3245783
3245850
3245869
3247298
3247333
3247703
3247855
3248222
3248330
3248360
3248536
3248653
3248664
3248747
3249027
3249947
3249952
3250063
3250207
3250227
3250409
3250482
3250483
3250688
3250705
3250774
3250843
3251293
3253034
3253564
3253672
3254043
3254195
3254270
3255804
3255978
3256010
3256021
3256055
3256291
3256629
3256742
3256764
3258417
3258429
3258518
3258831
3259427
3259491
3259767
3260877
3261009
3261053
3261072
3261628
3261784
3261808
3262073
3262202
3262249
3262488
3263731
3263863
3264046
3264070
3264196
3264431
3265174
3265910
3268236
3268267
3270154
3271058
3273537
3273591
3274087
3274639
3274843
3275180
3275242
3275675
3276004
3331254
3334667
3334749
3336220
3341939
3342175
3342219
3342229
3342402
3342851
3343478
3343496
3343522
3343941
3344035
3344536
3344554
3345250
3345352
3345421
3345505
3345667
3346023
3346058
3346699
3346779
3346907
3347217
3347338
3347364
3347508
3347599
3347779
3347862
3347944
3347983
3348246
3350861
3351767
3352596
3352617
3353017
3353208
3353330
3353442
3353682
3353696
3354296
3354627
3354644
3355328
3356794
3356914
3356994
3357713
3358003
3358242
3358333
3358885
3359118
3359800
3359835
3360839
3360986
3361370
3361850
3362087
3362292
3362476
3363750
3363819
3363860
3364352
3364384
3364410
3364478
3364641
3364669
3364869
3365018
3365240
3365424
3365490
3365562
3365637
3365817
3366185
3366321
3366647
3366761
3366987
3367081
3367115
3367128
3367177
3367239
3367340
3367500
3367563
3367821
3368087
3368175
3368250
3368466
3374060
3374755
3374885
3375017
3375047
3375142
3375255
3375410
3375740
3375994
3376195
3376282
3376324
3376330
3376822
3376890
3376920
3376922
3376969
3377276
3377396
3377554
3377590
3377599
3377648
3377706
3378044
3378082
3378109
3378200
3378630
3378823
3378861
3379046
3379059
3379082
3379226
3379229
3379237
3379349
3379430
3379971
3381070
3381252
3382562
3382945
3383348
3383885
3383917
3384234
3384834
3384906
3385091
3385101
3385362
3385400
3385804
3385916
3385933
3386120
3386149
3386164
3386457
3386529
3386696
3387311
3387366
3387561
3387800
3387806
3387852
3387879
3387884
3387901
3387947
3388079
3388133
3388169
3388236
3388304
3388682
3388790
3388818
3388873
3388910
3389299
3389348
3389444
3389605
3389651
3390007
3390057
3390364
3390468
3390744
3390783
3395718
3395882
3395924
3396531
3396673
3396734
3396963
3397636
3397688
3397739
3397779
3397950
3398372
3398647
3399365
3400323
3400698
3401010
3401260
3401270
3401560
