0.000000 0.666667 0.702882 0.702882
0.025000 0.648649 0.702882 0.702882
0.050000 0.628059 0.685807 0.685807
0.075000 0.582828 0.662021 0.662021
0.100000 0.547331 0.628472 0.628472
0.125000 0.519158 0.593703 0.593703
0.150000 0.489398 0.572289 0.572289
0.175000 0.463658 0.544717 0.544717
0.200000 0.432303 0.511609 0.511609
0.225000 0.407774 0.484534 0.484534
0.250000 0.384600 0.443495 0.443495
0.275000 0.345131 0.403241 0.403241
0.300000 0.308928 0.357708 0.357708
0.325000 0.273613 0.303927 0.303927
0.350000 0.229289 0.239520 0.239520
0.375000 0.179415 0.155236 0.155236
0.400000 0.122132 0.067037 0.067037
0.425000 0.055645 0.032289 0.032289
0.450000 0.021340 0.000000 0.000000
0.475000 0.000000 0.000000 0.000000
0.500000 0.000000 0.000000 0.000000
0.525000 0.000000 0.000000 0.000000
0.550000 0.000000 0.000000 0.000000
0.575000 0.000000 0.000000 0.000000
0.600000 0.000000 0.000000 0.000000
0.625000 0.000000 0.000000 0.000000
0.650000 0.000000 0.000000 0.000000
0.675000 0.000000 0.000000 0.000000
0.700000 0.000000 0.000000 0.000000
0.725000 0.000000 0.000000 0.000000
0.750000 0.000000 0.000000 0.000000
0.775000 0.000000 0.000000 0.000000
0.800000 0.000000 0.000000 0.000000
0.825000 0.000000 0.000000 0.000000
0.850000 0.000000 0.000000 0.000000
0.875000 0.000000 0.000000 0.000000
0.900000 0.000000 0.000000 0.000000
0.925000 0.000000 0.000000 0.000000
0.950000 0.000000 0.000000 0.000000
0.975000 0.000000 0.000000 0.000000
1.000000 0.000000 0.000000 0.000000
