0.000000 1.000000 1.000000 1.000000
0.025000 0.716418 0.745843 0.745843
0.050000 0.650847 0.696231 0.696231
0.075000 0.603141 0.661279 0.661279
0.100000 0.565857 0.628257 0.628257
0.125000 0.533333 0.598017 0.598017
0.150000 0.496552 0.560990 0.560990
0.175000 0.465237 0.529554 0.529554
0.200000 0.429290 0.493895 0.493895
0.225000 0.392995 0.461488 0.461488
0.250000 0.360782 0.424854 0.424854
0.275000 0.334920 0.385837 0.385837
0.300000 0.304227 0.347112 0.347112
0.325000 0.272202 0.290894 0.290894
0.350000 0.227558 0.233968 0.233968
0.375000 0.186295 0.150781 0.150781
0.400000 0.125036 0.062644 0.062644
0.425000 0.056619 0.032367 0.032367
0.450000 0.021671 0.000000 0.000000
0.475000 0.000000 0.000000 0.000000
0.500000 0.000000 0.000000 0.000000
0.525000 0.000000 0.000000 0.000000
0.550000 0.000000 0.000000 0.000000
0.575000 0.000000 0.000000 0.000000
0.600000 0.000000 0.000000 0.000000
0.625000 0.000000 0.000000 0.000000
0.650000 0.000000 0.000000 0.000000
0.675000 0.000000 0.000000 0.000000
0.700000 0.000000 0.000000 0.000000
0.725000 0.000000 0.000000 0.000000
0.750000 0.000000 0.000000 0.000000
0.775000 0.000000 0.000000 0.000000
0.800000 0.000000 0.000000 0.000000
0.825000 0.000000 0.000000 0.000000
0.850000 0.000000 0.000000 0.000000
0.875000 0.000000 0.000000 0.000000
0.900000 0.000000 0.000000 0.000000
0.925000 0.000000 0.000000 0.000000
0.950000 0.000000 0.000000 0.000000
0.975000 0.000000 0.000000 0.000000
1.000000 0.000000 0.000000 0.000000
