0.000000 1.000000 1.000000 1.000000
0.025000 0.702602 0.741784 0.741784
0.050000 0.652324 0.726122 0.726122
0.075000 0.605544 0.682277 0.682277
0.100000 0.550145 0.636409 0.636409
0.125000 0.519189 0.601831 0.601831
0.150000 0.480948 0.573289 0.573289
0.175000 0.453146 0.544223 0.544223
0.200000 0.424846 0.512274 0.512274
0.225000 0.399250 0.489740 0.489740
0.250000 0.369654 0.453318 0.453318
0.275000 0.348678 0.417338 0.417338
0.300000 0.315118 0.372700 0.372700
0.325000 0.276052 0.330167 0.330167
0.350000 0.242543 0.269193 0.269193
0.375000 0.193066 0.185895 0.185895
0.400000 0.133436 0.083593 0.083593
0.425000 0.055168 0.033189 0.033189
0.450000 0.021443 0.000000 0.000000
0.475000 0.000000 0.000000 0.000000
0.500000 0.000000 0.000000 0.000000
0.525000 0.000000 0.000000 0.000000
0.550000 0.000000 0.000000 0.000000
0.575000 0.000000 0.000000 0.000000
0.600000 0.000000 0.000000 0.000000
0.625000 0.000000 0.000000 0.000000
0.650000 0.000000 0.000000 0.000000
0.675000 0.000000 0.000000 0.000000
0.700000 0.000000 0.000000 0.000000
0.725000 0.000000 0.000000 0.000000
0.750000 0.000000 0.000000 0.000000
0.775000 0.000000 0.000000 0.000000
0.800000 0.000000 0.000000 0.000000
0.825000 0.000000 0.000000 0.000000
0.850000 0.000000 0.000000 0.000000
0.875000 0.000000 0.000000 0.000000
0.900000 0.000000 0.000000 0.000000
0.925000 0.000000 0.000000 0.000000
0.950000 0.000000 0.000000 0.000000
0.975000 0.000000 0.000000 0.000000
1.000000 0.000000 0.000000 0.000000
