2979169
2979260
2979261
2979262
2979287
2979719
2979761
2979776
2979787
2979866
3034938
3034958
3034988
3035009
3035010
3035048
3035050
3035173
3035178
3035201
3035221
3035253
3035257
3035283
3035286
3035704
3035754
3035764
3035800
3035857
3035861
3035863
3035888
3035904
3035934
3035939
3035963
3035999
3036000
3036005
3036079
3036080
3036096
3036125
3036131
3036196
3036208
3036350
3036354
3036380
3036416
3036464
3037767
3037768
3037869
3037881
3038129
3038164
3038189
3038235
3038236
3038249
3038339
3038374
3038393
3038400
3038407
3038435
3038453
3038483
3038508
3038543
3038555
3038572
3038600
3038617
3038645
3038654
3038657
3038660
3038686
3038720
3038733
3038746
3038755
3038779
3038818
3038820
3038845
3038940
3038970
3038973
3038977
3039046
3039055
3039066
3039077
3039120
3039143
3039181
3039191
3039244
3040394
3040475
3040509
3040514
3040525
3040580
3040590
3040646
3040647
3040690
3040755
3040774
3040787
3040823
3040903
3040915
3040921
3040925
3040933
3040958
3040971
3041036
3041060
3041078
3041127
3041149
3041150
3041161
3041163
3041168
3041191
3041202
3041204
3041214
3041293
3041295
3041348
3041360
3041385
3041401
3041432
3041436
3041439
3041458
3041472
3041485
3041508
3041519
3041522
3041552
3041555
3041558
3041599
3041604
3041606
3041631
3041690
3041737
3041765
3041783
3041785
3041934
3041947
3041985
3043148
3043174
3043180
3043206
3043236
3043243
3043292
3043316
3043317
3043377
3043414
3043424
3043488
3043508
3043523
3043550
3043576
3043613
3043646
3043658
3043669
3043725
3043731
3043767
3043771
3043813
3043835
3043935
3043950
3043951
3043974
3043981
3044070
3044088
3044204
3044386
3044428
3044444
3044448
3044461
3044601
3045739
3045763
3045809
3045844
3045868
3045909
3045913
3045935
3045939
3045943
3046029
3046040
3046044
3046048
3046056
3046247
3046265
3046355
3046374
3046382
3046396
3046435
3046488
3046490
3046587
3046659
3046746
3046787
3046825
3046852
3046873
3046879
3046915
3046933
3046972
3046986
3046988
3047044
3047090
3047127
3047144
3047150
3047162
3047166
3047259
3047337
3048419
3048435
3048455
3048469
3048471
3048490
3048518
3048532
3048534
3048541
3048543
3048545
3048558
3048584
3048604
3048608
3048617
3048676
3048721
3048821
3048832
3048852
3048870
3048878
3048923
3048929
3048933
3048992
3048994
3049018
3049068
3049075
3049093
3049141
3049148
3049165
3049172
3049196
3049341
3049386
3049419
3049430
3049441
3049481
3049498
3049547
3049568
3049573
3049654
3049751
3049837
3049844
3049845
3049954
3049978
3049982
3051121
3051152
3051169
3051171
3051257
3051314
3051338
3051341
3051455
3051508
3051554
3051568
3051569
3051590
3051615
3051637
3051640
3051659
3051665
3051700
3051701
3051732
3051759
3051775
3051843
3051982
3051993
3051996
3052105
3052172
3052205
3052207
3052216
3052217
3052222
3052288
3052316
3052383
3052392
3052397
3052404
3052421
3052422
3052430
3052434
3052444
3052526
3052673
3052684
3052690
3052725
3052763
3052801
3052820
3052823
3052826
3052830
3052834
3052847
3052878
3052888
3052899
3052902
3052912
3052925
3052956
3052957
3052973
3052975
3052976
3053003
3053029
3053048
3053100
3053111
3053112
3053155
3053160
3053169
3053187
3053189
3053214
3053237
3053247
3053259
3053288
3053327
3053355
3054390
3054433
3054474
3054475
3054499
3054533
3054596
3054616
3054635
3054638
3054683
3054687
3054697
3054726
3054850
3054875
3054897
3054914
3055037
3055056
3055123
3055283
3055289
3055329
3055417
3055863
3055943
3055989
3056093
3056591
3056594
3056609
3056615
3056617
3056637
3056647
3056677
3056722
3056735
3056758
3056762
3056818
3056832
3056879
3056914
3056965
3056994
3057001
3057004
3057013
3057026
3057058
3057067
3057090
3057092
3057112
3057114
3057129
3057158
3057298
3057299
3057334
3057349
3057352
3057398
3057402
3057406
3057412
3057417
3057437
3057440
3057444
3057448
3057455
3057605
3057622
3057632
3057678
3057810
3058729
3058759
3058771
3058783
3058784
3058799
3058850
3058861
3058869
3059310
3059321
3059322
3059341
3059539
3059661
3059662
3059668
3059719
3059767
3059802
3059838
3059840
3059847
3059857
3059872
3059960
3059968
3059969
3060019
3060037
3060091
3060124
3060188
3060225
3060238
3060268
3060275
3060307
3060372
3060399
3061404
3061412
3061420
3061482
3061492
3061546
3061559
3061560
3061617
3061656
3061693
3061725
3061732
3061734
3061764
3061839
3061871
3061884
3061939
3061969
3061981
3061999
3062065
3062154
3062204
3062206
3062221
3062232
3062246
3062279
3062284
3062308
3062354
3062359
3062373
3062374
3062397
3062405
3062415
3062436
3062441
3062448
3062463
3062515
3062517
3062521
3062561
3062563
3062592
3062625
3062630
3062643
3062649
3062661
3062713
3062736
3062738
3062765
3062775
3062781
3062852
3062893
3062970
3063038
3063069
3064282
3064296
3064354
3064401
3064481
3064519
3064544
3064556
3064593
3064638
3064677
3064712
3064788
3064799
3064839
3064866
3064886
3064921
3064953
3064998
3065007
3065031
3065065
3065518
3065559
3065583
3065609
3065620
3065669
3066802
3066817
3066867
3066921
3067009
3067120
3067148
3067225
3067238
3067241
3067250
3067304
3067320
3067392
3067402
3067429
3067485
3067533
3067569
3067701
3067762
3067815
3067837
3067869
3067875
3067945
3067955
3068055
3068152
3068160
3068245
3068287
3068316
3068318
3068394
3068424
3069513
3069522
3069584
3069593
3069649
3069664
3069690
3069713
3069849
3069861
3069886
3069899
3069933
3069941
3069975
3070052
3070156
3070167
3070221
3070236
3070331
3070347
3070378
3070391
3070452
3070537
3070581
3070594
3070635
3070872
3070924
3070938
3071116
3071204
3071274
3072291
3072321
3072334
3072527
3072592
3072659
3072689
3072733
3072767
3072771
3072775
3072822
3072868
3072879
3072911
3072983
3073044
3073048
3073070
3073105
3073152
3073158
3073160
3073164
3073168
3073247
3073278
3073284
3073289
3073301
3073326
3073344
3073370
3073418
3073425
3073440
3073454
3073506
3073533
3073563
3073577
3073594
3073595
3073601
3073617
3073629
3073634
3073826
3073856
3074998
3075001
3075060
3075064
3075066
3075075
3075089
3075122
3075187
3075223
3075258
3075279
3075291
3075366
3075368
3075384
3075388
3075411
3075455
3075456
3075489
3075550
3075614
3075688
3075724
3075769
3075798
3075867
3075898
3075902
3075960
3075964
3075979
3075989
3075992
3075997
3076020
3076063
3076110
3076115
3076127
3076130
3076170
3076191
3076194
3076264
3076370
3076381
3076400
3076478
3076521
3077705
3077759
3077765
3077825
3077826
3077835
3077905
3077922
3077930
3078027
3078115
3078123
3078126
3078131
3078181
3078205
3078284
3078286
3078311
3078326
3078360
3078388
3078429
3078439
3078446
3078471
3078491
3078498
3078507
3078511
3078652
3078696
3078710
3078757
3078760
3078776
3078869
3078927
3078957
3079050
3079061
3079097
3079119
3079123
3079146
3079170
3079232
3079242
3079247
3079254
3079290
3079350
3079366
3080393
3080414
3080423
3080485
3080492
3080700
3080701
3080776
3080781
3080820
3080825
3080855
3080905
3080913
3080918
3080929
3080958
3081013
3081018
3081025
3081031
3081083
3081118
3081136
3081183
3081293
3081434
3081545
3081583
3081642
3081645
3081649
3081690
3081725
3081734
3081804
3081812
3081824
3081834
3081850
3081904
3081927
3081936
3081945
3081958
3082021
3082023
3082032
3082033
3082035
3082078
3082083
3083133
3083185
3083243
3083273
3083277
3083394
3083413
3083513
3083547
3083552
3083626
3083653
3083666
3083685
3083693
3083705
3083720
3083724
3083760
3083770
3083887
3083896
3083903
3083909
3083920
3083923
3083940
3083992
3084024
3084058
3084059
3084087
3084104
3084119
3084153
3084171
3084178
3084209
3084216
3084263
3084277
3084316
3084371
3084476
3084486
3084539
3084572
3084576
3084588
3084592
3084642
3084689
3084700
3084738
3085840
3085907
3085910
3085953
3085970
3085981
3086033
3086067
3086152
3086160
3086296
3086352
3086356
3086364
3086399
3086418
3086512
3086534
3086571
3086587
3086603
3086623
3086642
3086670
3086698
3086710
3086720
3086721
3086742
3086886
3086893
3086907
3086949
3086976
3086991
3087041
3087042
3087072
3087106
3087162
3087177
3087259
3087341
3087397
3087425
3088485
3088538
3088586
3088602
3088629
3088651
3088656
3088662
3088709
3088726
3088794
3088798
3088800
3088847
3088858
3088899
3088902
3088935
3089033
3089036
3089077
3089079
3089100
3089161
3089192
3089242
3089254
3089268
3089281
3089312
3089330
3089339
3089348
3089406
3089453
3089516
3089542
3089616
3089643
3089661
3089686
3089737
3089739
3089758
3089780
3089791
3089838
3089866
3089878
3089892
3089949
3090019
3090068
3090152
3090200
3091287
3091293
3091346
3091349
3091362
3091423
3091478
3091501
3091515
3091563
3091629
3091633
3091642
3091645
3091646
3091656
3091681
3091685
3091713
3091730
3091734
3091820
3091826
3091868
3091900
3091910
3091929
3091938
3091946
3091948
3091964
3091966
3091969
3092003
3092005
3092039
3092052
3092062
3092069
3092104
3092136
3092140
3092169
3092225
3092252
3092275
3092311
3092356
3092415
3092425
3092429
3092430
3092541
3092563
3092619
3092641
3092665
3092675
3092752
3092783
3092799
3092817
3092818
3092823
3092852
3092867
3092929
3092932
3092953
3093118
3093901
3093943
3093956
3094093
3094168
3094247
3094254
3094317
3094350
3094375
3094385
3094390
3094400
3094434
3094448
3094475
3094484
3094521
3094593
3094630
3094631
3094654
3094692
3094735
3094741
3094753
3094779
3094828
3094872
3094908
3094916
3094926
3094942
3095055
3095062
3095095
3095212
3095220
3095251
3095280
3095301
3095303
3095337
3095361
3095387
3095495
3096657
3096683
3096750
3096776
3096802
3096831
3096842
3096847
3096862
3096884
3096892
3096922
3096934
3096982
3097023
3097044
3097061
3097068
3097081
3097107
3097223
3097274
3097354
3097363
3097395
3097403
3097407
3097420
3097421
3097450
3097470
3097498
3097514
3097548
3097558
3097562
3097563
3097568
3097572
3097576
3097592
3097614
3097624
3097638
3097658
3097694
3097818
3097849
3097887
3097919
3097943
3097989
3098086
3098104
3098188
3098189
3098232
3098242
3098282
3098292
3099333
3099334
3099341
3099346
3099378
3099421
3099462
3099472
3099513
3099517
3099524
3099552
3099557
3099595
3099615
3099635
3099673
3099707
3099717
3099734
3099751
3099791
3099803
3099823
3099848
3099870
3099928
3099931
3099932
3099971
3100002
3100009
3100078
3100169
3100224
3100245
3100247
3100255
3100294
3100321
3100359
3100371
3100395
3100434
3100448
3100461
3100472
3100502
3100527
3100547
3100551
3100588
3100598
3100615
3100628
3100673
3100697
3100717
3100742
3100746
3100760
3100767
3100781
3100792
3100814
3100854
3100864
3100867
3100869
3100938
3101060
3102087
3102112
3102125
3102159
3102177
3102199
3102212
3102230
3102235
3102275
3102283
3102312
3102313
3102352
3102375
3102379
3102399
3102412
3102441
3102483
3102485
3102571
3102574
3102613
3102632
3102681
3102723
3102807
3102819
3102853
3102873
3102879
3102890
3102915
3102943
3102956
3103000
3103035
3103043
3103159
3103162
3103178
3103221
3103233
3103242
3103253
3103266
3103290
3103344
3103358
3103413
3103438
3103489
3103496
3103508
3103509
3103510
3103524
3103555
3103606
3103615
3103621
3103644
3103669
3103737
3104778
3104858
3104904
3104944
3104966
3104998
3105009
3105026
3105032
3105240
3105246
3105261
3105279
3105349
3105380
3105443
3105444
3105498
3105504
3105516
3105585
3105595
3105644
3105662
3105698
3105705
3105712
3105716
3105720
3105754
3105856
3105861
3105868
3105873
3105884
3105949
3105963
3105973
3106009
3106041
3106131
3106142
3106202
3106207
3106241
3106285
3106313
3106370
3106392
3107176
3107194
3107202
3107209
3107281
3107303
3107334
3107369
3107375
3107382
3107398
3107408
3107414
3107427
3107445
3107516
3107541
3107548
3107621
3107650
3107692
3107712
3107799
3107803
3107817
3107867
3108026
3108073
3108506
3108516
3108532
3108613
3108629
3108634
3108644
3108663
3108710
3108952
3108998
3109010
3109069
3109098
3109115
3109116
3109130
3110521
3110523
3110524
3110556
3110568
3110651
3110659
3110822
3110832
3110835
3110919
3110930
3110996
3111014
3111030
3111045
3111111
3111117
3111134
3111177
3111197
3111224
3111230
3111247
3111252
3111276
3111303
3111376
3111393
3111447
3111458
3111519
3111563
3111576
3111582
3111658
3111699
3111701
3111728
3111738
3111739
3111753
3111755
3111756
3111777
3111798
3111807
3111860
3111942
3111952
3111974
3113287
3113308
3113316
3113330
3113342
3113343
3113354
3113380
3113385
3113577
3113715
3113742
3113788
3113799
3113871
3113879
3113922
3113947
3113964
3114123
3114214
3114270
3114271
3114337
3114409
3114436
3114440
3114445
3114488
3114666
3115839
3115843
3115850
3115889
3115896
3115932
3117019
3117036
3117083
3117093
3117107
3117233
3117278
3117290
3117295
3117332
3117347
3117348
3117420
3117422
3117436
3117456
3117476
3117508
3117558
3117560
3117637
3117679
3117682
3117713
3117715
3117721
3117780
3117838
3117854
3117895
3117947
3117979
3117989
3117994
3118011
3118026
3118051
3118067
3118120
3118122
3118197
3118201
3118241
3118276
3118317
3118319
3118323
3118340
3118351
3118422
3118431
3118447
3118535
3118545
3118570
3118622
3119709
3119726
3119811
3119818
3119820
3119932
3119948
3119953
3119965
3120003
3120015
3120040
3120051
3120053
3120075
3120084
3120088
3120094
3120102
3120230
3120264
3120267
3120268
3120275
3120289
3120331
3120362
3120369
3120382
3120387
3120390
3120399
3120419
3120458
3120494
3120523
3120527
3120559
3120695
3120847
3120881
3120901
3121143
3121181
3121205
3121206
3121218
3121224
3121232
3121248
3121254
3121260
3121279
3121810
3122379
3122436
3122450
3122529
3122542
3122551
3122572
3122605
3122626
3122665
3122717
3122726
3122776
3122795
3122806
3122878
3122898
3122919
3122941
3122945
3122964
3122967
3123013
3123053
3123058
3123062
3123078
3123110
3123114
3123175
3123181
3123197
3123238
3123304
3123349
3123359
3123370
3123379
3123418
3123468
3123470
3123475
3123535
3123568
3123602
3123630
3123660
3123694
3123802
3123826
3123890
3123895
3123922
3123940
3123962
3124075
3124096
3125090
3125138
3125141
3125153
3125159
3125196
3125242
3125252
3125273
3125295
3125305
3125312
3125313
3125380
3125382
3125507
3125532
3125537
3125558
3125607
3125660
3125698
3125724
3125736
3125759
3125778
3125802
3125809
3125810
3125812
3125897
3125957
3125995
3126018
3126022
3126027
3126029
3126075
3126112
3126123
3126149
3126212
3126234
3126254
3126261
3126269
3126279
3126284
3126315
3126317
3126329
3126332
3126338
3126375
3126376
3126382
3126438
3126479
3126538
3126540
3126585
3126586
3126590
3126614
3126615
3126617
3126646
3126690
3126700
3126701
3126709
3126714
3126766
3126800
3127867
3127876
3127883
3127916
3127980
3128036
3128052
3128099
3128154
3128168
3128211
3128248
3128264
3128277
3128284
3128285
3128315
3128327
3128368
3128373
3128376
3128444
3128462
3128595
3128601
3128621
3128634
3128653
3128655
3128705
3128717
3128723
3128727
3128734
3128761
3128763
3128766
3128801
3128811
3128953
3128977
3128978
3128995
3129045
3129104
3129121
3129125
3129179
3129195
3129248
3129354
3129409
3129416
3130649
3130672
3130683
3130699
3130708
3130718
3130727
3130749
3130758
3130859
3130873
3130907
3130932
3130934
3131026
3131078
3131127
3131131
3131137
3131266
3131320
3131327
3131355
3131371
3131409
3131483
3131502
3131562
3131591
3131611
3131613
3131620
3131631
3131676
3131707
3131765
3131784
3131807
3131818
3131838
3131863
3131865
3131979
3131988
3132020
3132024
3132047
3132053
3132057
3132070
3132096
3132098
3132110
3132145
3132146
3132164
3132167
3132171
3132194
3132230
3133212
3133215
3133286
3133293
3133322
3133324
3133371
3133402
3133425
3133470
3133471
3133479
3133503
3133513
3133545
3133548
3133553
3133559
3133569
3133616
3133696
3133713
3133783
3133815
3133861
3133888
3133936
3133941
3133982
3134024
3134084
3134129
3134136
3134154
3134163
3134167
3134172
3134193
3134211
3134224
3134225
3134229
3134264
3134288
3134373
3134380
3134382
3134395
3134411
3134472
3134515
3134520
3134580
3134601
3134623
3134680
3134707
3134708
3134758
3134769
3134783
3134799
3134873
3134920
3134927
3134930
3135945
3136015
3136028
3136043
3136048
3136110
3136136
3136152
3136177
3136255
3136269
3136282
3136335
3136350
3136395
3136405
3136438
3136446
3136463
3136468
3136472
3136486
3136509
3136521
3136529
3136578
3136589
3136602
3136832
3136844
3136867
3136891
3136935
3136961
3136986
3136993
3137077
3137157
3137174
3137193
3137196
3137199
3137350
3137458
3137459
3137560
3138780
3138833
3138916
3138968
3138999
3139010
3139046
3139057
3139063
3139067
3139068
3139237
3139244
3139262
3139291
3139293
3139301
3139335
3139341
3139358
3139374
3139390
3139410
3139439
3139444
3139449
3139451
3139514
3139530
3139557
3139565
3139581
3139583
3139592
3139623
3139661
3139663
3139667
3139774
3139970
3140004
3140010
3140030
3140034
3140095
3140294
3140302
3140365
3140372
3142122
3142177
3142244
3142349
3142361
3142417
3142472
3142477
3142549
3142551
3142559
3142593
3142645
3142776
3142792
3142810
3142904
3142929
3142946
3143017
3143046
3143069
3143193
3143264
3143378
3143437
3143455
3143462
3143552
3143591
3143680
3143747
3143776
3143811
3143956
3144195
3144209
3144300
3144409
3144465
3144477
3144516
3144547
3144563
3144583
3144718
3144822
3144901
3144907
3144913
3145040
3145069
3145149
3145161
3145182
3145198
3147159
3147171
3147175
3147224
3147249
3147604
3147686
3147813
3147955
3148135
3148139
3148146
3148209
3148225
3148360
3148368
3148384
3148463
3148603
3148664
3148706
3148723
3148725
3148739
3148879
3149030
3149059
3149088
3149133
3149151
3149212
3149227
3149231
3149233
3149304
3149373
3149462
3149517
3149525
3149616
3149710
3149723
3149877
3149959
3149986
3149997
3150001
3150041
3150067
3150109
3150111
3150212
3150249
3150344
3152450
3152617
3152680
3152761
3152803
3152839
3152968
3153010
3153042
3153062
3153068
3153131
3153135
3153170
3153174
3153213
3153321
3153355
3153363
3153384
3153466
3153550
3153573
3153596
3153598
3153702
3153730
3153803
3153862
3154041
3154089
3154093
3154162
3154175
3154198
3154206
3154281
3154300
3154318
3154354
3154517
3154548
3154622
3154715
3154898
3154947
3155008
3155013
3155020
3155035
3155043
3155053
3155056
3155068
3155114
3155134
3155165
3155174
3155190
3155222
3156367
3156453
3156473
3156556
3156575
3156627
3156634
3156647
3156667
3156690
3156700
3156730
3156740
3156748
3156753
3156797
3156828
3156869
3156904
3156909
3157003
3157076
3157090
3157107
3157127
3157138
3157139
3157259
3157289
3157300
3157385
3157391
3157465
3157474
3157520
3157547
3157581
3157586
3157620
3157633
3157667
3157756
3157784
3157800
3157801
3157831
3157879
3157897
3157900
3157932
3157939
3157946
3159295
3159314
3159368
3159377
3159418
3159437
3159460
3159477
3159483
3159509
3159530
3159575
3159599
3159620
3159649
3159652
3159667
3159702
3159761
3159821
3159840
3159846
3159852
3159894
3159959
3160070
3160098
3160123
3160188
3160219
3160261
3160274
3160343
3160413
3160419
3160433
3160448
3160494
3160498
3160534
3160539
3160600
3160654
3160664
3160685
3160760
3160801
3160804
3161881
3161886
3161898
3161942
3161965
3161980
3162011
3162116
3162131
3162262
3162276
3162279
3162469
3162502
3162540
3162578
3162591
3162598
3162635
3162657
3162674
3162700
3162712
3162725
3162729
3162748
3162755
3162756
3162764
3162766
3162842
3162853
3162903
3162908
3162962
3162987
3162991
3162993
3162995
3162997
3163039
3163066
3163139
3163144
3163156
3163161
3163162
3163172
3163176
3163212
3163214
3163239
3163248
3163273
3163317
3163324
3163352
3163400
3163417
3163459
3164690
3164778
3164790
3164808
3164833
3164864
3164882
3164884
3164895
3164983
3165005
3165023
3165096
3165156
3165194
3165229
3165293
3165363
3165408
3165428
3165525
3165543
3165545
3165554
3165578
3165625
3165633
3165668
3165735
3165784
3165791
3165816
3165820
3165861
3165871
3165889
3165937
3165943
3165955
3165982
3166024
3166045
3166109
3166137
3166139
3166147
3166179
3166189
3167350
3167360
3167361
3167388
3167515
3167521
3167572
3167610
3167654
3167657
3167660
3167666
3167673
3167701
3167732
3167759
3167760
3167839
3167849
3167852
3167881
3167897
3167931
3167946
3167959
3168033
3168038
3168043
3168060
3168093
3168116
3168117
3168119
3168191
3168199
3168218
3168247
3168256
3168332
3168341
3168380
3168453
3168475
3168491
3168525
3168532
3168568
3168603
3168632
3168638
3168645
3168741
3168775
3168784
3168791
3168832
3168846
3168901
3168946
3168947
3168956
3168993
3169007
3170077
3170079
3170145
3170247
3170269
3170303
3170314
3170321
3170379
3170394
3170449
3170455
3170466
3170533
3170542
3170637
3170683
3170693
3170724
3170733
3170740
3170742
3170755
3170795
3170807
3170855
3170890
3170892
3170951
3170980
3170995
3171014
3171036
3171112
3171125
3171155
3171170
3171202
3171206
3171209
3171213
3171223
3171309
3171319
3171385
3171459
3171462
3171488
3171525
3171663
3172877
3172892
3172919
3172947
3173027
3173044
3173058
3173117
3173135
3173142
3173147
3173198
3173233
3173255
3173268
3173283
3173284
3173328
3173338
3173341
3173364
3173401
3173416
3173463
3173498
3173502
3173536
3173543
3173548
3173569
3173601
3173617
3173668
3173675
3173677
3173707
3173752
3173756
3173765
3173817
3173819
3173829
3173860
3173863
3173867
3173891
3173904
3173909
3173920
3173932
3173943
3173949
3174035
3174052
3174086
3174088
3174116
3174128
3174138
3174253
3174350
3174366
3174467
3174476
3175672
3175757
3175758
3175779
3175787
3175930
3175968
3175998
3176053
3176153
3176175
3176189
3176248
3176261
3176274
3176277
3176325
3176348
3176373
3176428
3176456
3176478
3176486
3176541
3176569
3176615
3176625
3176638
3176654
3176662
3176675
3176695
3176714
3176719
3176745
3176806
3176813
3176817
3176821
3176840
3176860
3176899
3176907
3176940
3176941
3176950
3176978
3176985
3177026
3177044
3177065
3177088
3177090
3177102
3177112
3177156
3178326
3178352
3178432
3178607
3178660
3178662
3178665
3178707
3178738
3178794
3178904
3178946
3178949
3178977
3178983
3179065
3179066
3179081
3179095
3179123
3179172
3179222
3179287
3179306
3179317
3179341
3179373
3179435
3179471
3179522
3179552
3179561
3179631
3179655
3179662
3179670
3179679
3179712
3179742
3179746
3179755
3179800
3179834
3179916
3179932
3179948
3179982
3180986
3180987
3181123
3181170
3181171
3181178
3181213
3181224
3181240
3181322
3181430
3181454
3181472
3181515
3181578
3181590
3181594
3181612
3181614
3181634
3181638
3181646
3181733
3181787
3181830
3181852
3181913
3182052
3182083
3182089
3182096
3182212
3182279
3182289
3182344
3182348
3182355
3182363
3182383
3182387
3182389
3182413
3182426
3182488
3182492
3182499
3182526
3182532
3182537
3182564
3182571
3182582
3182593
3182619
3182677
3183818
3183853
3183876
3183890
3183923
3183924
3183925
3183929
3183932
3183968
3183977
3184010
3184020
3184063
3184064
3184085
3184091
3184100
3184151
3184189
3184203
3184220
3184252
3184258
3184260
3184299
3184498
3184517
3184536
3184548
3184646
3184649
3184681
3184697
3184715
3184716
3184729
3184731
3184772
3184798
3184818
3184838
3184877
3184907
3184930
3184966
3184972
3185005
3185017
3185046
3185097
3185189
3185234
3185242
3185264
3185275
3185316
3185328
3186563
3186582
3186589
3186590
3186607
3186615
3186626
3186673
3186683
3186694
3186730
3186832
3186870
3186953
3187005
3187046
3187084
3187087
3187173
3187220
3187236
3187264
3187282
3187340
3187358
3187381
3187383
3187387
3187388
3187425
3187493
3187525
3187526
3187545
3187564
3187626
3187629
3187630
3187645
3187679
3187715
3187721
3187727
3187826
3187850
3187877
3187925
3187970
3188049
3188056
3188062
3188113
3189231
3190285
3190408
3190418
3190421
3190431
3190493
3190502
3190688
3190740
3190741
3190794
3190799
3190857
3191956
3191964
3191970
3192091
3192124
3192176
3192190
3192363
3192442
3192446
3192497
3192524
3192580
3192671
3192703
3192704
3192727
3192728
3192736
3192855
3192883
3192886
3192914
3192978
3193068
3193116
3193126
3193161
3193227
3193246
3193427
3193671
3194740
3194827
3194931
3194951
3195109
3195116
3195166
3195273
3195275
3195281
3195328
3195334
3195351
3195364
3195423
3195424
3195468
3195502
3195519
3195529
3195556
3195683
3195691
3195694
3195717
3195742
3195744
3195750
3195780
3195782
3195790
3195811
3195813
3195826
3195845
3195859
3195864
3195917
3195957
3195990
3196023
3196041
3196055
3196102
3196221
3196253
3196266
3196285
3196310
3196359
3197640
3197642
3197697
3197836
3197884
3198009
3198044
3198136
3198208
3198287
3198374
3198486
3198580
3198682
3198804
3198944
3199001
3199060
3199218
3199220
3199347
3199784
3199879
3200017
3200019
3200102
3200185
3200378
3200390
3200405
3200420
3200563
3200598
3200615
3200640
3200656
3200677
3200691
3200840
3202923
3203037
3203049
3203141
3203198
3203205
3203214
3203250
3203395
3203841
3203880
3203910
3203956
3204065
3204105
3204141
3204221
3204267
3204325
3204375
3204377
3204452
3208131
3208175
3208362
3208380
3208399
3208409
3208606
3208621
3208640
3208732
3209137
3209214
3209330
3210644
3213301
3213586
3213642
3213677
3213721
3213881
3213896
3213904
3213943
3213961
3214027
3214077
3214106
3214116
3214128
3214209
3214250
3214258
3214282
3214330
3214394
3214415
3214449
3214499
3214548
3214573
3214647
3214737
3214778
3214867
3214883
3214918
3214970
3215029
3215146
3215174
3215178
3215220
3215294
3215360
3215371
3215428
3215571
3215625
3215668
3215777
3215789
3215832
3215861
3215870
3215872
3215880
3216074
3216194
3216265
3216358
3216424
3216428
3216447
3216546
3218699
3218701
3218741
3218861
3218943
3219059
3219061
3219086
3219092
3219111
3219203
3219224
3219234
3219311
3219433
3219448
3219517
3219527
3219556
3219619
3219631
3219646
3219736
3219801
3219849
3219853
3220027
3220073
3220144
3220148
3220171
3220335
3220414
3220546
3220548
3220707
3220734
3220797
3220818
3220829
3220921
3220998
3221011
3221024
3221074
3221098
3221157
3221178
3221209
3221211
3221318
3221417
3221444
3221595
3221706
3221720
3221731
3221749
3224037
3224092
3224171
3224672
3224825
3224843
3224849
3224860
3224877
3224893
3225046
3225159
3225194
3225229
3225250
3225278
3225309
3225344
3225480
3225504
3225556
3225584
3225590
3225607
3225619
3225650
3225673
3225842
3225889
3225911
3225963
3225969
3226033
3226096
3226165
3226243
3226301
3226306
3226327
3226360
3226416
3226431
3226473
3226520
3226682
3226724
3226737
3226750
3226857
3227005
3227089
3228435
3228957
3228970
3228977
3229084
3229092
3229119
3229151
3229153
3229282
3229322
3229421
3229446
3229611
3229630
3229701
3229746
3229825
3229916
3230058
3230074
3230080
3230090
3230111
3230168
3230260
3230262
3230310
3230617
3230988
3231018
3231138
3231197
3231307
3231325
3231365
3231375
3231442
3231475
3231531
3231641
3231647
3231661
3231771
3231858
3231860
3231982
3231983
3231984
3232075
3234226
3234316
3234355
3234459
3234488
3234577
3234599
3234646
3234663
3234696
3234698
3234704
3234849
3234942
3234992
3235013
3235023
3235026
3235114
3235154
3235174
3235233
3235391
3235408
3235514
3235518
3235598
3235608
3235715
3235749
3235773
3235796
3235797
3235833
3235916
3235982
3236062
3236088
3236094
3236181
3236249
3236280
3236309
3236447
3236461
3236509
3236541
3236571
3236621
3236659
3236726
3236824
3236922
3236928
3237048
3237085
3237309
3237332
3239393
3239416
3239644
3239705
3239744
3239766
3239777
3239799
3239868
3239876
3239887
3239935
3239976
3240041
3240085
3240093
3240107
3240135
3240177
3240227
3240313
3240326
3240362
3240408
3240430
3240446
3240466
3240482
3240494
3240498
3240543
3240557
3240578
3240619
3240764
3240809
3240859
3240920
3240922
3240957
3240968
3240972
3240988
3241012
3241018
3241024
3241051
3241117
3241131
3241149
3241151
3241165
3241172
3241196
3241219
3241295
3241312
3241395
3241399
3241408
3241499
3241701
3241722
3241735
3241768
3241807
3241858
3242015
3242090
3242157
3242206
3242216
3242237
3242402
3244483
3244498
3244504
3244513
3244533
3244558
3244560
3244592
3244598
3244607
3244609
3244631
3244644
3244647
3244686
3244687
3244690
3244693
3244701
3244714
3244731
3244774
3244799
3244840
3244846
3244865
3244911
3244931
3244972
3244977
3245008
3245089
3245175
3245226
3245228
3245281
3245329
3245377
3245395
3245442
3245480
3245508
3245513
3245532
3245539
3245599
3245611
3245623
3245667
3245731
3245750
3245775
3245789
3245830
3245846
3245859
3245862
3245908
3245930
3245997
3245999
3246020
3246027
3247299
3247306
3247342
3247466
3247477
3247513
3247519
3247528
3247652
3247679
3247695
3247732
3247735
3247744
3247820
3247904
3247946
3247950
3247986
3248022
3248095
3248104
3248120
3248132
3248160
3248190
3248237
3248256
3248266
3248274
3248284
3248348
3248357
3248372
3248425
3248466
3248472
3248509
3248521
3248537
3248550
3248586
3248603
3248630
3248643
3248665
3248666
3248683
3248712
3248725
3248746
3248751
3248756
3249954
3249972
3249980
3250049
3250102
3250197
3250212
3250250
3250274
3250322
3250356
3250384
3250392
3250403
3250414
3250544
3250546
3250596
3250638
3250681
3250715
3250767
3250785
3250793
3250815
3250856
3250868
3250871
3250872
3250880
3250886
3250918
3250964
3251020
3251060
3251076
3251145
3251164
3251189
3251225
3251241
3251249
3251266
3251286
3251294
3251296
3251325
3251349
3251357
3251366
3251429
3252703
3252810
3252859
3252980
3253071
3253130
3253138
3253160
3253350
3253413
3253415
3253446
3253452
3253460
3253514
3253533
3253554
3253576
3253600
3253610
3253627
3253639
3253663
3253737
3253759
3253813
3253873
3253907
3253970
3253986
3254034
3254051
3254104
3254122
3254137
3254139
3254184
3254220
3255368
3255373
3255376
3255470
3255567
3255597
3255598
3255601
3255618
3255681
3255686
3255720
3255734
3255758
3255766
3255877
3255925
3255942
3255965
3255977
3255980
3256024
3256026
3256051
3256075
3256128
3256130
3256141
3256142
3256172
3256197
3256215
3256217
3256218
3256294
3256354
3256356
3256359
3256417
3256434
3256603
3256620
3256644
3256679
3256699
3256733
3256739
3256743
3256767
3256807
3256838
3256849
3256873
3256929
3256965
3257694
3258030
3258099
3258156
3258178
3258283
3258307
3258343
3258397
3258424
3258442
3258521
3258534
3258562
3258573
3258578
3258601
3258622
3258671
3258766
3258792
3258835
3259086
3259184
3259192
3259210
3259217
3259254
3259301
3259324
3259332
3259351
3259355
3259371
3259389
3259394
3259414
3259429
3259430
3259453
3259472
3259484
3259512
3259546
3259572
3259592
3259608
3259654
3259759
3259786
3259791
3259809
3260890
3260921
3260995
3261025
3261032
3261069
3261072
3261094
3261526
3261587
3261600
3261610
3261631
3261632
3261721
3261725
3261732
3261747
3261790
3261828
3261838
3261846
3261891
3261903
3261975
3262000
3262108
3262126
3262133
3262139
3262183
3262232
3262303
3262307
3262332
3262359
3262361
3262370
3262386
3263723
3263725
3263726
3263868
3263886
3263892
3263900
3263917
3263936
3263952
3263976
3263984
3264000
3264008
3264013
3264042
3264069
3264157
3264185
3264197
3264223
3264233
3264274
3264284
3264289
3264324
3264362
3264368
3264378
3264421
3264425
3264438
3264441
3264456
3264471
3264533
3264644
3264673
3264744
3264757
3264761
3264795
3264802
3264875
3264892
3264988
3265097
3265149
3265279
3265293
3265347
3265463
3265501
3265529
3265581
3265598
3265639
3265712
3265785
3265926
3265930
3267957
3268188
3268190
3268202
3268205
3268227
3268242
3268250
3268300
3268371
3268445
3268505
3268510
3268528
3268772
3268950
3268969
3269155
3269305
3269345
3269390
3269436
3269450
3269475
3269497
3269545
3269619
3269765
3269800
3269810
3269835
3269945
3269953
3270083
3270102
3270242
3270365
3270432
3270449
3270470
3270481
3270483
3270543
3270560
3270573
3270727
3270784
3270847
3270981
3271021
3271054
3271245
3273352
3273484
3273486
3273610
3273614
3273647
3273695
3273699
3273728
3273843
3273998
3274097
3274211
3274294
3274379
3274427
3274495
3274531
3274635
3274692
3274696
3274815
3274845
3274860
3274897
3274976
3275028
3275044
3275165
3275209
3275264
3275282
3275326
3275519
3275624
3275720
3275776
3275780
3275795
3275889
3275909
3275921
3275943
3276006
3276008
3276058
3276085
3276524
3278696
3278717
3278733
3323510
3323534
3323549
3323868
3323955
3323965
3323970
3330450
3330706
3331269
3331628
3332357
3334586
3334651
3334846
3340374
3341659
3341682
3341692
3341829
3341866
3341895
3342081
3342142
3342179
3342295
3342312
3342377
3342379
3342420
3342429
3342484
3342583
3342629
3342671
3342744
3342774
3342863
3342872
3342974
3342997
3343048
3343066
3343073
3343105
3343214
3343298
3343307
3343378
3343398
3343401
3343407
3343470
3343587
3343625
3343637
3343652
3343653
3343718
3343722
3343762
3343818
3343832
3343839
3343895
3343901
3343987
3344002
3344020
3344026
3344054
3344112
3344115
3344149
3344170
3344181
3344228
3344253
3344261
3344355
3344389
3344451
3344480
3344483
3344528
3344555
3344584
3344619
3344627
3344642
3344644
3344668
3344723
3344740
3344751
3344761
3344765
3344771
3344783
3344814
3344910
3344936
3344942
3345048
3345054
3345094
3345105
3345137
3345151
3345202
3345226
3345316
3345370
3345393
3345419
3345510
3345531
3345537
3345581
3345603
3345631
3345650
3345663
3345751
3345775
3345786
3345793
3345820
3345838
3345859
3345884
3345892
3345926
3345944
3345954
3346012
3346021
3346036
3346069
3346081
3346161
3346163
3346180
3346196
3346216
3346243
3346342
3346363
3346445
3346456
3346468
3346549
3346556
3346601
3346617
3346619
3346628
3346647
3346648
3346659
3346705
3346934
3346946
3346956
3347016
3347021
3347033
3347060
3347080
3347115
3347121
3347166
3347178
3347254
3347259
3347344
3347424
3347437
3347445
3347518
3347590
3347593
3347684
3347701
3347706
3347715
3347820
3347891
3347931
3348170
3348186
3348189
3348190
3348236
3348316
3348538
3348914
3351825
3351842
3351860
3351920
3351934
3351956
3351982
3352037
3352071
3352076
3352119
3352225
3352290
3352347
3352395
3352440
3352539
3352563
3352603
3352622
3352649
3352650
3352722
3352738
3352765
3352771
3352894
3352901
3352908
3352933
3352945
3352947
3352984
3352993
3352996
3352999
3353015
3353034
3353052
3353057
3353079
3353150
3353155
3353162
3353182
3353202
3353316
3353317
3353343
3353365
3353367
3353378
3353380
3353427
3353433
3353451
3353485
3353500
3353529
3353536
3353599
3353643
3353647
3353650
3353673
3353683
3353702
3353710
3353755
3353780
3353781
3353794
3353803
3353809
3353850
3353859
3353918
3353921
3353932
3353972
3353985
3354033
3354039
3354048
3354071
3354153
3354165
3354169
3354193
3354196
3354219
3354243
3354410
3354414
3354417
3354425
3354428
3354487
3354488
3354584
3354615
3354618
3354635
3354689
3354697
3354698
3354701
3354708
3354728
3354745
3354810
3354820
3354916
3354973
3355058
3355108
3355171
3355301
3355328
3356568
3356584
3356631
3356787
3356994
3357046
3357497
3357736
3357807
3357819
3357835
3357983
3358124
3358234
3358521
3358538
3358605
3358611
3358640
3358647
3358733
3358746
3358837
3358848
3358980
3359062
3359067
3359090
3359126
3359137
3359162
3359164
3359192
3359194
3359209
3359254
3359270
3359298
3359314
3359322
3359373
3359395
3359408
3359425
3359433
3359474
3359511
3359561
3359594
3359633
3359653
3359677
3359700
3359706
3359707
3359759
3359838
3359863
3359875
3359884
3359915
3359940
3359954
3360011
3360075
3360090
3360093
3360102
3360206
3360227
3360244
3360283
3360290
3360318
3360326
3360451
3360479
3360516
3360517
3360529
3360627
3360629
3360647
3360648
3360685
3360734
3360788
3360812
3360881
3360891
3360953
3361069
3361071
3361080
3361135
3361157
3361324
3361340
3361492
3361546
3361585
3361590
3361654
3361663
3361669
3361727
3361761
3361813
3361816
3361977
3362025
3362112
3362166
3362200
3362205
3362212
3362227
3362260
3362275
3362317
3362401
3362628
3362833
3362842
3362867
3362876
3362944
3363189
3363246
3363268
3363323
3363328
3363455
3363519
3363597
3363750
3363758
3363808
3363817
3363852
3363866
3363872
3363899
3363920
3363970
3364049
3364061
3364100
3364122
3364169
3364180
3364188
3364236
3364291
3364369
3364384
3364460
3364472
3364485
3364500
3364524
3364527
3364563
3364575
3364590
3364609
3364647
3364669
3364713
3364750
3364791
3364792
3364845
3364918
3364954
3365021
3365033
3365084
3365103
3365107
3365110
3365120
3365127
3365139
3365144
3365177
3365202
3365254
3365263
3365268
3365309
3365333
3365358
3365417
3365427
3365454
3365655
3365657
3365679
3365874
3365902
3365963
3366019
3366051
3366062
3366070
3366095
3366116
3366143
3366240
3366326
3366335
3366397
3366461
3366584
3366590
3366597
3366599
3366601
3366639
3366649
3366783
3366813
3366832
3366850
3366870
3366883
3367010
3367032
3367216
3367268
3367348
3367369
3367381
3367488
3367509
3367512
3367539
3367573
3367642
3367682
3367711
3367803
3367851
3367930
3367943
3367960
3367993
3368129
3368274
3368444
3368450
3368474
3368548
3368549
3368570
3368623
3368658
3368841
3373609
3373665
3373721
3373774
3373825
3373838
3373918
3373963
3374025
3374117
3374123
3374135
3374293
3374296
3374410
3374425
3374466
3374472
3374485
3374494
3374566
3374569
3374605
3374693
3374711
3374717
3374730
3374805
3374891
3375031
3375067
3375110
3375155
3375163
3375179
3375251
3375372
3375386
3375396
3375404
3375446
3375510
3375545
3375549
3375552
3375601
3375612
3375650
3375664
3375665
3375666
3375697
3375741
3375765
3375832
3375833
3375836
3375937
3375958
3375964
3375986
3376019
3376026
3376066
3376084
3376117
3376161
3376195
3376211
3376223
3376243
3376293
3376328
3376432
3376545
3376570
3376582
3376592
3376603
3376626
3376678
3376690
3376741
3376762
3376808
3376821
3377015
3377019
3377101
3377176
3377188
3377201
3377293
3377298
3377317
3377372
3377445
3377470
3377508
3377535
3377548
3377554
3377591
3377650
3377660
3377661
3377690
3377695
3377756
3377832
3377858
3377890
3377898
3377929
3377959
3378155
3378168
3378228
3378229
3378249
3378256
3378259
3378261
3378289
3378392
3378455
3378504
3378507
3378537
3378602
3378670
3378729
3378747
3378749
3378755
3378763
3378778
3378806
3378809
3378912
3378943
3378964
3379019
3379022
3379030
3379043
3379051
3379079
3379131
3379179
3379221
3379224
3379285
3379329
3379392
3379495
3379512
3379586
3379666
3379704
3379769
3379781
3379822
3379833
3379910
3379963
3380147
3380201
3380218
3380255
3380636
3380703
3380947
3381050
3381139
3381171
3381244
3381269
3381280
3381379
3381534
3381569
3381609
3381684
3381853
3381922
3381964
3382105
3382121
3382632
3382757
3382837
3382929
3382932
3382948
3382976
3382993
3383005
3383013
3383092
3383096
3383141
3383344
3383419
3383420
3383458
3383462
3383627
3383635
3383867
3383889
3383902
3383909
3383961
3384062
3384114
3384115
3384242
3384277
3384341
3384351
3384365
3384379
3384586
3384895
3384919
3384980
3384984
3384999
3385067
3385077
3385102
3385119
3385131
3385150
3385191
3385198
3385232
3385262
3385412
3385445
3385459
3385463
3385464
3385538
3385596
3385607
3385667
3385675
3385698
3385824
3385943
3385950
3386012
3386064
3386102
3386103
3386108
3386198
3386200
3386266
3386332
3386344
3386354
3386374
3386439
3386450
3386488
3386569
3386579
3386594
3386608
3386610
3386617
3386644
3386668
3386696
3386704
3386733
3386761
3386821
3386891
3386897
3386929
3386942
3386988
3387000
3387082
3387117
3387125
3387145
3387161
3387352
3387356
3387407
3387409
3387443
3387463
3387489
3387497
3387550
3387625
3387679
3387704
3387741
3387750
3387765
3387781
3387782
3387785
3387796
3387900
3387944
3387968
3387974
3388006
3388069
3388149
3388164
3388187
3388196
3388226
3388275
3388309
3388334
3388335
3388402
3388429
3388439
3388498
3388563
3388573
3388584
3388586
3388665
3388674
3388681
3388834
3388841
3388856
3389000
3389002
3389110
3389116
3389126
3389158
3389211
3389215
3389253
3389310
3389398
3389450
3389518
3389521
3389628
3389633
3389651
3389717
3389729
3389740
3389804
3389846
3389857
3389878
3389935
3389955
3390020
3390023
3390131
3390151
3390211
3390215
3390428
3390437
3390527
3390629
3390637
3390775
3391250
3391296
3395176
3395224
3395319
3395321
3395332
3395407
3395438
3395512
3395638
3395644
3395754
3395812
3395824
3395834
3395879
3395891
3395907
3395912
3395926
3395978
3395982
3395984
3395989
3395990
3396052
3396106
3396120
3396322
3396332
3396344
3396419
3396443
3396467
3396508
3396543
3396587
3396634
3396658
3396685
3396700
3396742
3396753
3396754
3396769
3396804
3396896
3396898
3396961
3396964
3396973
3396978
3396986
3397013
3397046
3397059
3397141
3397197
3397207
3397236
3397256
3397290
3397298
3397326
3397339
3397362
3397539
3397581
3397620
3397655
3397705
3397719
3397726
3397756
3397862
3397922
3397952
3397975
3398180
3398297
3398413
3398447
3398485
3398503
3398529
3398532
3398564
3398611
3398702
3398846
3398880
3398930
3399051
3399112
3399150
3399157
3399335
3399357
3399412
3399457
3399462
3399675
3399700
3399903
3399933
3399940
3399953
3399976
3400084
3400173
3400208
3400213
3400241
3400258
3400322
3400377
3400407
3400432
3400533
3400538
3400586
3400622
3400743
3400806
3400810
3400962
3401004
3401125
3401146
3401264
3401287
3401293
3401298
3401319
3401396
3401437
3401858
3402064
