2979123
2979125
2979140
2979167
2979170
2979202
2979285
2979297
2979312
2979317
2979678
2979754
2979770
2979779
2979801
2979824
3034949
3034950
3034993
3034994
3035003
3035008
3035053
3035120
3035131
3035167
3035182
3035196
3035197
3035228
3035262
3035306
3035366
3035691
3035703
3035774
3035796
3035801
3035810
3035816
3035820
3035850
3035857
3035938
3036004
3036062
3036075
3036096
3036178
3036193
3036204
3036211
3036246
3036272
3036326
3036357
3036417
3036433
3036466
3036494
3037685
3037877
3037883
3038047
3038112
3038170
3038225
3038244
3038270
3038285
3038352
3038376
3038453
3038457
3038474
3038499
3038501
3038510
3038511
3038530
3038577
3038582
3038606
3038622
3038644
3038646
3038686
3038696
3038710
3038713
3038724
3038767
3038768
3038771
3038834
3038840
3038885
3038899
3038911
3038955
3038974
3038985
3039075
3039113
3040375
3040399
3040451
3040466
3040488
3040500
3040508
3040512
3040521
3040530
3040533
3040565
3040581
3040583
3040591
3040612
3040633
3040650
3040658
3040662
3040715
3040789
3040846
3040892
3040925
3040930
3040934
3040968
3040977
3040978
3041010
3041019
3041045
3041063
3041078
3041114
3041118
3041142
3041150
3041165
3041214
3041285
3041318
3041361
3041378
3041409
3041427
3041480
3041500
3041604
3041697
3041782
3041829
3041943
3041967
3041972
3041984
3043158
3043181
3043228
3043308
3043334
3043358
3043385
3043386
3043439
3043455
3043466
3043484
3043494
3043507
3043516
3043520
3043610
3043617
3043642
3043645
3043663
3043665
3043675
3043718
3043728
3043756
3043783
3043796
3043801
3043844
3043849
3043867
3043918
3043939
3043940
3043978
3043990
3043992
3044017
3044025
3044045
3044060
3044234
3044237
3044255
3044398
3044400
3044429
3044442
3044466
3044493
3044502
3044507
3044653
3044683
3045239
3045725
3045734
3045768
3045781
3045819
3045851
3045867
3045931
3045937
3045946
3045951
3046060
3046077
3046081
3046091
3046111
3046113
3046135
3046146
3046147
3046167
3046188
3046194
3046195
3046218
3046268
3046313
3046327
3046336
3046346
3046389
3046447
3046450
3046452
3046481
3046599
3046604
3046624
3046649
3046660
3046686
3046704
3046706
3046728
3046772
3046786
3046799
3046842
3046904
3046906
3046909
3046915
3046969
3046983
3047108
3047114
3047125
3047151
3047185
3047197
3047199
3047232
3047263
3047313
3047323
3047331
3047377
3048440
3048490
3048515
3048578
3048680
3048695
3048703
3048771
3048846
3048850
3048869
3048879
3048918
3048945
3048953
3048981
3048997
3049044
3049066
3049081
3049166
3049191
3049218
3049226
3049232
3049237
3049253
3049269
3049308
3049320
3049328
3049407
3049425
3049512
3049533
3049541
3049544
3049591
3049625
3049702
3049732
3049734
3049747
3049863
3049888
3049890
3049896
3049983
3049995
3051121
3051210
3051294
3051317
3051345
3051382
3051399
3051415
3051491
3051580
3051598
3051629
3051638
3051641
3051642
3051660
3051728
3051782
3051787
3051844
3051849
3051872
3051876
3051908
3051909
3051959
3051986
3052019
3052028
3052065
3052093
3052119
3052163
3052164
3052178
3052234
3052251
3052254
3052278
3052279
3052405
3052413
3052434
3052483
3052542
3052561
3052566
3052606
3052615
3052625
3052665
3052672
3052705
3052714
3052746
3052806
3052863
3052878
3052908
3052941
3052959
3052975
3053047
3053085
3053113
3053151
3053169
3053220
3053234
3053257
3053267
3053277
3053288
3053300
3053301
3053324
3053353
3054540
3054542
3054593
3054623
3054688
3054715
3054719
3054742
3054759
3054774
3054790
3054825
3054862
3054871
3054876
3055019
3055047
3055052
3055054
3055114
3055119
3055354
3055752
3055817
3055928
3055944
3055948
3055959
3055968
3055990
3055992
3056006
3056034
3056097
3056103
3056106
3056123
3056623
3056694
3056700
3056701
3056723
3056739
3056807
3056810
3056878
3056968
3056999
3057024
3057042
3057057
3057063
3057095
3057151
3057201
3057210
3057221
3057246
3057279
3057288
3057293
3057331
3057337
3057364
3057378
3057390
3057487
3057579
3057622
3057656
3057659
3057671
3058723
3058826
3058857
3058975
3058986
3059088
3059208
3059265
3059323
3059502
3059507
3059514
3059536
3059546
3059557
3059579
3059608
3059632
3059639
3059679
3059686
3059708
3059749
3059782
3059799
3059850
3060036
3060056
3060077
3060110
3060116
3060143
3060151
3060158
3060199
3060259
3060320
3060351
3060394
3061108
3061418
3061445
3061621
3061652
3061700
3061707
3061730
3061742
3061744
3061746
3061767
3061794
3061797
3061919
3061949
3061963
3061976
3062017
3062051
3062079
3062088
3062094
3062110
3062285
3062299
3062357
3062421
3062429
3062430
3062531
3062539
3062558
3062654
3062696
3062709
3062711
3062844
3062845
3062849
3062874
3062878
3062926
3062934
3062940
3062948
3062956
3062963
3063016
3063023
3063081
3063084
3063088
3063136
3064182
3064219
3064277
3064330
3064367
3064375
3064453
3064457
3064495
3064601
3064648
3064728
3064748
3064749
3064776
3064777
3064797
3064800
3064821
3064822
3064831
3064833
3064841
3064883
3064894
3064903
3064986
3064995
3065078
3065097
3065349
3065353
3065396
3065434
3065496
3065514
3065556
3065558
3065588
3065610
3065686
3065689
3066031
3066802
3066814
3066825
3066868
3066876
3066884
3066919
3066952
3066971
3066979
3066994
3067010
3067016
3067060
3067083
3067084
3067089
3067118
3067199
3067208
3067224
3067242
3067280
3067313
3067317
3067332
3067354
3067361
3067420
3067431
3067453
3067502
3067545
3067585
3067686
3067688
3067689
3067742
3067754
3067757
3067763
3067923
3067979
3067986
3068019
3068027
3068031
3068050
3068105
3068108
3068115
3068127
3068129
3068156
3068186
3068194
3068223
3068236
3068248
3068256
3068259
3068263
3068315
3068318
3068324
3068325
3068356
3068372
3068420
3068448
3068468
3068488
3069584
3069643
3069688
3069695
3069778
3069860
3069863
3069898
3069946
3070060
3070062
3070145
3070159
3070171
3070293
3070402
3070500
3070504
3070520
3070521
3070566
3070579
3070626
3070752
3070804
3070878
3071148
3071154
3071222
3072234
3072321
3072336
3072531
3072536
3072537
3072543
3072590
3072690
3072697
3072704
3072739
3072740
3072802
3072859
3072972
3073028
3073030
3073055
3073057
3073092
3073126
3073177
3073251
3073266
3073274
3073353
3073386
3073419
3073442
3073465
3073514
3073523
3073526
3073535
3073542
3073609
3073641
3073642
3073643
3073654
3073663
3073671
3073788
3073823
3073835
3073878
3073907
3073912
3073955
3074979
3074990
3074992
3075001
3075062
3075064
3075143
3075169
3075189
3075241
3075254
3075267
3075275
3075283
3075417
3075426
3075429
3075497
3075514
3075584
3075634
3075645
3075649
3075691
3075701
3075749
3075789
3075808
3075818
3075861
3075866
3075928
3075934
3075936
3075952
3075960
3075966
3076067
3076078
3076116
3076129
3076192
3076193
3076199
3076206
3076219
3076271
3076290
3076374
3076375
3076394
3076458
3076462
3076479
3076521
3076529
3077662
3077830
3077880
3077910
3077994
3078027
3078203
3078325
3078326
3078409
3078413
3078480
3078486
3078493
3078525
3078550
3078553
3078570
3078618
3078626
3078678
3078704
3078724
3078740
3078742
3078846
3078855
3078872
3078881
3078889
3078901
3078906
3078916
3078921
3078937
3078964
3078976
3078979
3078986
3079018
3079057
3079095
3079135
3079137
3079162
3079183
3079189
3079219
3079266
3079269
3079346
3079350
3080378
3080536
3080613
3080647
3080756
3080758
3080813
3080827
3080835
3080870
3080900
3080915
3080921
3081022
3081052
3081089
3081212
3081250
3081260
3081267
3081286
3081410
3081412
3081419
3081482
3081483
3081530
3081538
3081563
3081566
3081578
3081586
3081613
3081667
3081704
3081736
3081747
3081771
3081803
3081811
3081824
3081846
3081856
3081896
3081923
3081933
3081941
3081947
3081957
3082002
3082029
3082074
3082105
3082446
3083166
3083189
3083208
3083230
3083280
3083296
3083369
3083413
3083430
3083536
3083598
3083614
3083633
3083642
3083696
3083734
3083737
3083742
3083777
3083813
3083817
3083844
3083916
3083932
3083938
3084014
3084015
3084027
3084104
3084107
3084109
3084122
3084123
3084151
3084156
3084175
3084278
3084303
3084314
3084376
3084380
3084403
3084437
3084460
3084527
3084558
3084562
3084628
3084638
3084641
3084643
3084666
3084686
3085750
3085755
3085803
3085827
3085967
3085974
3085980
3086011
3086041
3086058
3086066
3086068
3086071
3086093
3086098
3086156
3086165
3086187
3086206
3086231
3086249
3086250
3086264
3086294
3086362
3086371
3086396
3086417
3086433
3086439
3086447
3086464
3086546
3086579
3086605
3086648
3086657
3086703
3086738
3086834
3086843
3086866
3086882
3086885
3086889
3086902
3086940
3086945
3086954
3086985
3086990
3087058
3087068
3087084
3087099
3087299
3087326
3087340
3087397
3088522
3088553
3088589
3088648
3088668
3088677
3088682
3088692
3088723
3088726
3088739
3088770
3088806
3088830
3088834
3088851
3088880
3088908
3088937
3088956
3088965
3089015
3089039
3089101
3089223
3089235
3089242
3089260
3089304
3089325
3089346
3089423
3089506
3089558
3089566
3089567
3089621
3089651
3089673
3089686
3089698
3089701
3089721
3089758
3089819
3089873
3089880
3089905
3089948
3089959
3089984
3090002
3090066
3090143
3091285
3091297
3091304
3091312
3091414
3091425
3091510
3091590
3091623
3091650
3091651
3091690
3091694
3091709
3091711
3091750
3091760
3091777
3091872
3091891
3091925
3091928
3091931
3091933
3092003
3092028
3092142
3092181
3092249
3092254
3092264
3092302
3092335
3092357
3092394
3092490
3092503
3092505
3092522
3092542
3092595
3092648
3092661
3092685
3092708
3092752
3092828
3092861
3092862
3092863
3092876
3092888
3093299
3093918
3094124
3094231
3094262
3094267
3094273
3094290
3094296
3094325
3094362
3094396
3094410
3094437
3094479
3094490
3094513
3094518
3094531
3094548
3094571
3094591
3094640
3094664
3094672
3094718
3094731
3094759
3094783
3094896
3094900
3094921
3094922
3094929
3095026
3095122
3095171
3095181
3095187
3095195
3095214
3095217
3095224
3095236
3095258
3095262
3095289
3095301
3095302
3095305
3095322
3095329
3095339
3095343
3095389
3095405
3095433
3095500
3095531
3096653
3096674
3096736
3096783
3096805
3096812
3096862
3096895
3096904
3096931
3096940
3096945
3096959
3096974
3097050
3097068
3097105
3097124
3097133
3097188
3097201
3097205
3097240
3097278
3097289
3097305
3097320
3097363
3097413
3097421
3097427
3097442
3097497
3097534
3097566
3097583
3097584
3097590
3097609
3097665
3097691
3097693
3097698
3097715
3097755
3097845
3097861
3097874
3097885
3097906
3097980
3098033
3098035
3098225
3098265
3098304
3098307
3099332
3099396
3099423
3099437
3099488
3099502
3099592
3099606
3099619
3099630
3099673
3099707
3099726
3099751
3099756
3099757
3099760
3099853
3099900
3099909
3099945
3099958
3099975
3099991
3100013
3100014
3100015
3100041
3100046
3100050
3100057
3100098
3100133
3100150
3100219
3100306
3100309
3100311
3100358
3100383
3100412
3100436
3100567
3100593
3100599
3100602
3100603
3100626
3100646
3100743
3100771
3100785
3100799
3100833
3100868
3100922
3101027
3101032
3101034
3101046
3102060
3102081
3102101
3102109
3102127
3102163
3102190
3102244
3102277
3102307
3102340
3102347
3102391
3102394
3102397
3102399
3102405
3102418
3102460
3102467
3102486
3102507
3102555
3102591
3102597
3102646
3102661
3102671
3102683
3102757
3102799
3102853
3102866
3102888
3102890
3102900
3102937
3103010
3103017
3103087
3103158
3103178
3103281
3103308
3103329
3103392
3103418
3103459
3103465
3103487
3103488
3103693
3103736
3104932
3104977
3105060
3105089
3105119
3105131
3105154
3105156
3105201
3105207
3105301
3105320
3105372
3105395
3105397
3105422
3105504
3105535
3105549
3105569
3105716
3105724
3105775
3105891
3105902
3105963
3105980
3106025
3106038
3106039
3106055
3106088
3106108
3106204
3106225
3106238
3106240
3106257
3106278
3106340
3106343
3106349
3106354
3106391
3107176
3107202
3107217
3107220
3107231
3107244
3107265
3107310
3107320
3107374
3107386
3107395
3107462
3107478
3107498
3107506
3107545
3107557
3107569
3107586
3107592
3107598
3107690
3107719
3107775
3107848
3107992
3108568
3108604
3108632
3108660
3108691
3108945
3108960
3108977
3108999
3109017
3109019
3109056
3109072
3109082
3109084
3109095
3109103
3109131
3109462
3110522
3110530
3110541
3110566
3110713
3110797
3110843
3110848
3110867
3110872
3110905
3110918
3111145
3111199
3111208
3111269
3111313
3111385
3111492
3111533
3111536
3111585
3111659
3111700
3111726
3111753
3111769
3111801
3111877
3111878
3111894
3111900
3111914
3111936
3111958
3111994
3112056
3112142
3113195
3113312
3113337
3113341
3113356
3113366
3113375
3113384
3113452
3113479
3113532
3113540
3113553
3113554
3113576
3113614
3113650
3113655
3113715
3113731
3113785
3113800
3113879
3113930
3113935
3113952
3113978
3114125
3114149
3114201
3114264
3114283
3114328
3114335
3114373
3114389
3114400
3114476
3114548
3114549
3114679
3114783
3115816
3115839
3115840
3115855
3115903
3115923
3116655
3116968
3117020
3117055
3117190
3117218
3117236
3117248
3117257
3117319
3117332
3117352
3117358
3117402
3117434
3117436
3117440
3117468
3117542
3117557
3117559
3117570
3117676
3117682
3117741
3117771
3117807
3117929
3117955
3117963
3117975
3118004
3118017
3118039
3118051
3118057
3118067
3118075
3118168
3118177
3118200
3118207
3118208
3118227
3118282
3118314
3118356
3118372
3118433
3118560
3118565
3118581
3118601
3118642
3118653
3119747
3119755
3119758
3119777
3119778
3119806
3119841
3119953
3119966
3120031
3120038
3120126
3120139
3120183
3120199
3120229
3120230
3120240
3120266
3120271
3120336
3120347
3120378
3120409
3120413
3120434
3120494
3120504
3120550
3120561
3120786
3120853
3120892
3120916
3120958
3120962
3120971
3120976
3120983
3121034
3121123
3121155
3121158
3121180
3121237
3121245
3121264
3121338
3121813
3122390
3122539
3122551
3122573
3122595
3122629
3122644
3122686
3122687
3122722
3122728
3122738
3122750
3122794
3122839
3122954
3122966
3123039
3123084
3123104
3123146
3123148
3123238
3123239
3123274
3123341
3123356
3123460
3123466
3123484
3123487
3123492
3123507
3123516
3123592
3123677
3123681
3123726
3123754
3123815
3123838
3123916
3123927
3124012
3124032
3124065
3124077
3124086
3124399
3125089
3125123
3125155
3125174
3125210
3125236
3125264
3125275
3125283
3125320
3125325
3125359
3125455
3125484
3125511
3125519
3125562
3125577
3125584
3125648
3125675
3125724
3125751
3125763
3125791
3125808
3125826
3125829
3125853
3125863
3125878
3125917
3125953
3125961
3125973
3126003
3126016
3126047
3126117
3126159
3126187
3126232
3126234
3126278
3126366
3126385
3126391
3126398
3126399
3126425
3126440
3126487
3126500
3126509
3126522
3126583
3126602
3126612
3126638
3126641
3126642
3126713
3126774
3126809
3126811
3126814
3126817
3127020
3127857
3127882
3127905
3127917
3127930
3127932
3127935
3127949
3127964
3128018
3128021
3128059
3128075
3128080
3128142
3128165
3128172
3128180
3128192
3128202
3128295
3128312
3128353
3128401
3128457
3128543
3128595
3128603
3128619
3128647
3128677
3128686
3128689
3128698
3128703
3128723
3128727
3128753
3128761
3128764
3128783
3128798
3128802
3128837
3128848
3128880
3128882
3128919
3128924
3128945
3128971
3129029
3129034
3129096
3129114
3129137
3129159
3129161
3129169
3129244
3129260
3129348
3129360
3129396
3129402
3130631
3130644
3130651
3130662
3130677
3130682
3130726
3130782
3130826
3130875
3130905
3130915
3130935
3130987
3130988
3131019
3131050
3131102
3131127
3131134
3131208
3131214
3131224
3131261
3131320
3131324
3131338
3131346
3131359
3131370
3131400
3131401
3131440
3131500
3131507
3131520
3131586
3131627
3131635
3131652
3131700
3131714
3131756
3131778
3131855
3131870
3131891
3131933
3131942
3131994
3132002
3132051
3132075
3132095
3132098
3132099
3132115
3132118
3132123
3132148
3132157
3132170
3132194
3133223
3133232
3133292
3133338
3133365
3133422
3133479
3133483
3133496
3133521
3133601
3133775
3133788
3133792
3133896
3133905
3133926
3133960
3133966
3133975
3133978
3133991
3134011
3134034
3134043
3134101
3134112
3134279
3134320
3134411
3134493
3134598
3134600
3134653
3134663
3134673
3134678
3134680
3134707
3134778
3134798
3134807
3134855
3134860
3134913
3135956
3135958
3135972
3136010
3136015
3136031
3136045
3136050
3136056
3136059
3136076
3136130
3136152
3136184
3136197
3136224
3136226
3136259
3136263
3136286
3136289
3136363
3136369
3136439
3136543
3136563
3136879
3136899
3136916
3136920
3136940
3136944
3136969
3136977
3137031
3137044
3137079
3137087
3137090
3137176
3137328
3137340
3137352
3137403
3137455
3137461
3137470
3137490
3137493
3137495
3137526
3137537
3137578
3137592
3137601
3138779
3138798
3138826
3138857
3138905
3138926
3138956
3138971
3139013
3139057
3139090
3139096
3139242
3139277
3139302
3139312
3139354
3139374
3139539
3139542
3139551
3139644
3139715
3139723
3139838
3139884
3139947
3139954
3139986
3139993
3139997
3140012
3140025
3140091
3140095
3140225
3140227
3140264
3140323
3140389
3142126
3142132
3142424
3142445
3142520
3142597
3142601
3142652
3142666
3142724
3142854
3142939
3143002
3143059
3143077
3143172
3143317
3143318
3143350
3143378
3143388
3143399
3143433
3143525
3143556
3143643
3143851
3143889
3143926
3143971
3144053
3144161
3144181
3144285
3144391
3144445
3144460
3144473
3144489
3144596
3144600
3144739
3144757
3144761
3144768
3144789
3144824
3144834
3144838
3144845
3144865
3144915
3145000
3145110
3145142
3145216
3147157
3147246
3147346
3147369
3147688
3147704
3147754
3147848
3147857
3147951
3147984
3148015
3148124
3148154
3148175
3148232
3148246
3148257
3148274
3148337
3148737
3148743
3148756
3148966
3148990
3149034
3149135
3149200
3149223
3149262
3149333
3149408
3149414
3149490
3149523
3149570
3149673
3149685
3149729
3149754
3149884
3149944
3149988
3149999
3150003
3150218
3152379
3152475
3152486
3152521
3152717
3152753
3152769
3152776
3152816
3152820
3152893
3153037
3153052
3153056
3153097
3153131
3153149
3153188
3153336
3153357
3153391
3153583
3153623
3153734
3153824
3154047
3154056
3154149
3154260
3154345
3154400
3154440
3154465
3154529
3154620
3154653
3154746
3154826
3154912
3155004
3155009
3155016
3155032
3155035
3155039
3155043
3155052
3155059
3155089
3155158
3155161
3155163
3155190
3155197
3155225
3155234
3155313
3156355
3156361
3156379
3156405
3156429
3156451
3156461
3156515
3156541
3156582
3156606
3156643
3156653
3156665
3156676
3156699
3156720
3156731
3156747
3156750
3156751
3156752
3156800
3156821
3156894
3156906
3156929
3156934
3156975
3157104
3157107
3157108
3157119
3157133
3157157
3157278
3157284
3157292
3157294
3157329
3157366
3157369
3157407
3157444
3157461
3157462
3157487
3157525
3157528
3157599
3157616
3157621
3157632
3157688
3157737
3157771
3157794
3157821
3157835
3159236
3159272
3159305
3159333
3159335
3159355
3159367
3159379
3159398
3159426
3159430
3159477
3159483
3159507
3159516
3159523
3159534
3159574
3159581
3159585
3159593
3159615
3159649
3159662
3159718
3159760
3159766
3159781
3159804
3159837
3159839
3159847
3159849
3159867
3159879
3159898
3159901
3159905
3159917
3159926
3159943
3159960
3160001
3160006
3160119
3160202
3160232
3160250
3160253
3160264
3160298
3160311
3160327
3160351
3160352
3160359
3160409
3160419
3160501
3160586
3160660
3161915
3161965
3162035
3162074
3162096
3162126
3162150
3162169
3162180
3162219
3162298
3162322
3162351
3162401
3162495
3162506
3162532
3162579
3162585
3162590
3162606
3162616
3162635
3162753
3162848
3162891
3162932
3162986
3162996
3163075
3163202
3163242
3163354
3163363
3164589
3164627
3164669
3164690
3164696
3164746
3164795
3164828
3164831
3164843
3164909
3164925
3164960
3164961
3165009
3165029
3165084
3165136
3165150
3165166
3165189
3165202
3165264
3165292
3165313
3165349
3165385
3165407
3165460
3165488
3165544
3165545
3165667
3165671
3165700
3165784
3165788
3165907
3165964
3166006
3166015
3166024
3166025
3166057
3166081
3166090
3166159
3167356
3167368
3167373
3167461
3167490
3167512
3167513
3167538
3167544
3167579
3167625
3167677
3167690
3167692
3167720
3167779
3167782
3167803
3167851
3167873
3167879
3167881
3167905
3167959
3168030
3168048
3168054
3168097
3168120
3168128
3168130
3168179
3168220
3168271
3168300
3168358
3168368
3168374
3168393
3168400
3168418
3168449
3168458
3168484
3168610
3168666
3168669
3168707
3168713
3168750
3168764
3168771
3168812
3168830
3168831
3168869
3168885
3168906
3168920
3168924
3168938
3168957
3169001
3169011
3169013
3170085
3170126
3170133
3170228
3170248
3170250
3170302
3170328
3170346
3170402
3170492
3170512
3170517
3170526
3170531
3170548
3170596
3170651
3170683
3170689
3170693
3170762
3170785
3170808
3170825
3170847
3170868
3170882
3170903
3170934
3170984
3171031
3171197
3171270
3171361
3171433
3171440
3171445
3171492
3171558
3171592
3171602
3172939
3172942
3172964
3172969
3172974
3172982
3172997
3173050
3173065
3173099
3173119
3173136
3173145
3173147
3173223
3173265
3173331
3173361
3173377
3173456
3173483
3173527
3173544
3173558
3173632
3173659
3173671
3173695
3173710
3173734
3173737
3173745
3173759
3173775
3173804
3173830
3173834
3173841
3173874
3173927
3173973
3173989
3174022
3174028
3174033
3174068
3174069
3174175
3174200
3174226
3174301
3174320
3174323
3174331
3174349
3174364
3174372
3174410
3174462
3175611
3175615
3175706
3175708
3175735
3175768
3175825
3175832
3175847
3175851
3175860
3175862
3175866
3175884
3175892
3175929
3175936
3175959
3175967
3175970
3175976
3175978
3175980
3176001
3176080
3176089
3176155
3176205
3176220
3176341
3176388
3176426
3176427
3176435
3176504
3176522
3176598
3176638
3176639
3176645
3176668
3176719
3176732
3176739
3176778
3176786
3176842
3176855
3176886
3176900
3176947
3177024
3177066
3177069
3177099
3177130
3177159
3178329
3178332
3178334
3178433
3178447
3178463
3178477
3178483
3178488
3178500
3178502
3178618
3178651
3178655
3178666
3178685
3178726
3178734
3178802
3178833
3178836
3178918
3178942
3178956
3178959
3178990
3179022
3179024
3179037
3179044
3179131
3179137
3179141
3179172
3179189
3179193
3179246
3179278
3179280
3179324
3179377
3179396
3179404
3179415
3179427
3179461
3179463
3179467
3179472
3179477
3179493
3179510
3179539
3179562
3179633
3179642
3179681
3179718
3179778
3179792
3179836
3179845
3179928
3179956
3179973
3179975
3181135
3181240
3181283
3181348
3181358
3181401
3181419
3181469
3181507
3181537
3181563
3181570
3181663
3181673
3181702
3181739
3181774
3181815
3181859
3181890
3181941
3181954
3181966
3181976
3182023
3182059
3182105
3182131
3182152
3182160
3182163
3182201
3182202
3182207
3182213
3182249
3182252
3182292
3182300
3182304
3182330
3182397
3182423
3182467
3182475
3182553
3182591
3182607
3182617
3182656
3182666
3183849
3183899
3183902
3184019
3184029
3184065
3184085
3184113
3184165
3184179
3184199
3184209
3184232
3184337
3184343
3184365
3184528
3184539
3184543
3184577
3184665
3184694
3184707
3184741
3184743
3184750
3184753
3184757
3184797
3184813
3184820
3184824
3184861
3184928
3184989
3185016
3185022
3185024
3185026
3185062
3185087
3185120
3185182
3185202
3186514
3186619
3186679
3186683
3186828
3186889
3187000
3187019
3187021
3187025
3187031
3187055
3187063
3187084
3187089
3187124
3187151
3187163
3187182
3187197
3187277
3187303
3187353
3187363
3187392
3187502
3187511
3187586
3187628
3187663
3187673
3187676
3187737
3187744
3187782
3187814
3187891
3187908
3187935
3187974
3188001
3188005
3188030
3188050
3188061
3188063
3188103
3190232
3190235
3190237
3190239
3190249
3190274
3190285
3190436
3190472
3190477
3190496
3190510
3190688
3190745
3190747
3190820
3190859
3192332
3192427
3192475
3192491
3192548
3192610
3192643
3192707
3192734
3192742
3192760
3192844
3192927
3193055
3193089
3193090
3193137
3193152
3193187
3193190
3193227
3193291
3193295
3193378
3194701
3194749
3194784
3194798
3194834
3194835
3194863
3194943
3194944
3194994
3195055
3195084
3195145
3195160
3195185
3195289
3195293
3195297
3195324
3195369
3195488
3195532
3195550
3195565
3195589
3195637
3195689
3195704
3195713
3195729
3195744
3195749
3195774
3195792
3195811
3195826
3195845
3195878
3195924
3195960
3195990
3196015
3196032
3196096
3196097
3196142
3196189
3196222
3196253
3196287
3196304
3196334
3197703
3197832
3197870
3197915
3197999
3198001
3198055
3198065
3198092
3198140
3198266
3198312
3198339
3198355
3198740
3198804
3199132
3199216
3199235
3199237
3199264
3199303
3199366
3199839
3199979
3200069
3200183
3200185
3200325
3200332
3200403
3200417
3200447
3200469
3200508
3200566
3200628
3200636
3200687
3200691
3200716
3200735
3200764
3200779
3200819
3202939
3203040
3203053
3203135
3203254
3203288
3203424
3203966
3203992
3203994
3204101
3204115
3204125
3204133
3204208
3204221
3204355
3204422
3208059
3208480
3208511
3208656
3209330
3209362
3209636
3209779
3210781
3211009
3213299
3213305
3213655
3213661
3213684
3213702
3213721
3213725
3213738
3213760
3213772
3213809
3213879
3213881
3213885
3214056
3214060
3214095
3214100
3214108
3214112
3214184
3214190
3214225
3214239
3214330
3214338
3214384
3214532
3214710
3214714
3214723
3214751
3214813
3214877
3214914
3214933
3214943
3215119
3215399
3215478
3215482
3215494
3215503
3215567
3215584
3215607
3215708
3215726
3215758
3215774
3215795
3215828
3215843
3215901
3215925
3215933
3216037
3216135
3216139
3216149
3216234
3216285
3216391
3216437
3216451
3216548
3216559
3216584
3216586
3218707
3218842
3218913
3218966
3219086
3219097
3219101
3219113
3219169
3219220
3219316
3219318
3219442
3219454
3219465
3219488
3219563
3219565
3219573
3219606
3219682
3219926
3219990
3220048
3220085
3220093
3220099
3220158
3220274
3220362
3220408
3220427
3220486
3220513
3220586
3220686
3220783
3220890
3220952
3221036
3221067
3221165
3221263
3221308
3221423
3221512
3221605
3221646
3221651
3221760
3221787
3221818
3223901
3223916
3224044
3224071
3224085
3224115
3224476
3224761
3224814
3224833
3224881
3224895
3224945
3225025
3225036
3225213
3225223
3225285
3225293
3225297
3225303
3225340
3225459
3225525
3225533
3225537
3225576
3225710
3225765
3225815
3225875
3225879
3225952
3225996
3226029
3226116
3226156
3226208
3226231
3226387
3226493
3226549
3226714
3226786
3226792
3226794
3226816
3227172
3229134
3229159
3229182
3229186
3229213
3229271
3229278
3229351
3229374
3229438
3229467
3229575
3229648
3229826
3229840
3229868
3229932
3230225
3230247
3230310
3230554
3230619
3230650
3230685
3230746
3230926
3230969
3230975
3230977
3231012
3231047
3231060
3231111
3231117
3231146
3231199
3231282
3231313
3231317
3231441
3231500
3231568
3231577
3231649
3231655
3231659
3231666
3231734
3231777
3231894
3231910
3231916
3231953
3232088
3232148
3234175
3234212
3234334
3234398
3234547
3234595
3234605
3234627
3234645
3234646
3234723
3234738
3234744
3234830
3234834
3234863
3234969
3235017
3235021
3235116
3235145
3235246
3235297
3235324
3235374
3235398
3235498
3235547
3235558
3235589
3235638
3235644
3235653
3235742
3235769
3235802
3235816
3235857
3235874
3235933
3235971
3235973
3236003
3236005
3236057
3236114
3236124
3236196
3236209
3236223
3236357
3236436
3236443
3236561
3236763
3236828
3236984
3237091
3237123
3237156
3237164
3237309
3239233
3239408
3239418
3239422
3239443
3239445
3239549
3239572
3239773
3239793
3239845
3239881
3239906
3239910
3239978
3239986
3240074
3240095
3240143
3240282
3240322
3240328
3240332
3240340
3240381
3240387
3240500
3240569
3240686
3240701
3240770
3240785
3240893
3241022
3241033
3241047
3241096
3241098
3241104
3241266
3241277
3241314
3241520
3241691
3241749
3241835
3241868
3241896
3241915
3241964
3241968
3241990
3242019
3242106
3242231
3242261
3242275
3242414
3242533
3244469
3244489
3244519
3244536
3244581
3244584
3244588
3244596
3244605
3244612
3244664
3244732
3244746
3244774
3244793
3244850
3244851
3244876
3244896
3244927
3244931
3244937
3244962
3244974
3245013
3245042
3245083
3245170
3245328
3245340
3245365
3245403
3245466
3245526
3245529
3245555
3245673
3245771
3245791
3245803
3245805
3245845
3245868
3245932
3245935
3246020
3247216
3247235
3247239
3247249
3247331
3247468
3247472
3247511
3247551
3247575
3247624
3247702
3247709
3247714
3247738
3247743
3247765
3247821
3247832
3247834
3247881
3247898
3247912
3247941
3247950
3247975
3247996
3248000
3248043
3248148
3248177
3248182
3248188
3248234
3248249
3248260
3248264
3248359
3248360
3248459
3248473
3248474
3248481
3248518
3248559
3248586
3248594
3248605
3248655
3248686
3248996
3249924
3249938
3249995
3250020
3250037
3250054
3250096
3250140
3250142
3250144
3250156
3250157
3250175
3250206
3250252
3250268
3250288
3250300
3250393
3250443
3250464
3250490
3250517
3250523
3250553
3250563
3250586
3250590
3250594
3250685
3250720
3250760
3250779
3250781
3250796
3250823
3250858
3250881
3251008
3251044
3251072
3251077
3251078
3251109
3251129
3251130
3251160
3251198
3251259
3251305
3251310
3251319
3251341
3251351
3251386
3251392
3251507
3252672
3252681
3252841
3252862
3252883
3252914
3252986
3252990
3253071
3253092
3253137
3253156
3253315
3253359
3253383
3253421
3253444
3253521
3253570
3253631
3253637
3253664
3253676
3253690
3253702
3253759
3253784
3253851
3253885
3253931
3253935
3253942
3254008
3254016
3254026
3254037
3254041
3254082
3254083
3254101
3254106
3254131
3254156
3254160
3254189
3254201
3254210
3254220
3255374
3255377
3255380
3255382
3255418
3255459
3255500
3255514
3255577
3255595
3255604
3255654
3255669
3255670
3255713
3255745
3255870
3255883
3255884
3255918
3255919
3255936
3255995
3255996
3256045
3256058
3256130
3256136
3256143
3256206
3256210
3256235
3256277
3256293
3256336
3256346
3256394
3256450
3256534
3256555
3256591
3256599
3256673
3256688
3256689
3256699
3256702
3256712
3256714
3256720
3256737
3256747
3256752
3256762
3256767
3256801
3256816
3256831
3256876
3256885
3256934
3256940
3256943
3256946
3256951
3256959
3256960
3258020
3258083
3258096
3258161
3258244
3258248
3258288
3258310
3258328
3258335
3258397
3258518
3258549
3258551
3258564
3258605
3258645
3258650
3258690
3259088
3259095
3259169
3259182
3259220
3259230
3259351
3259440
3259445
3259454
3259546
3259621
3259638
3259677
3259678
3259706
3259715
3259725
3259756
3259759
3259767
3259785
3261006
3261007
3261008
3261009
3261025
3261077
3261098
3261526
3261593
3261596
3261650
3261681
3261749
3261778
3261799
3261801
3261809
3261829
3261852
3261890
3261916
3261922
3261930
3261940
3262003
3262024
3262034
3262036
3262046
3262066
3262110
3262114
3262122
3262123
3262130
3262132
3262135
3262145
3262156
3262157
3262180
3262191
3262197
3262200
3262250
3262274
3262276
3262278
3262291
3262295
3262307
3262336
3262342
3262344
3262382
3263664
3263673
3263865
3263873
3263915
3263998
3264051
3264061
3264069
3264105
3264114
3264124
3264130
3264156
3264175
3264201
3264275
3264322
3264337
3264375
3264382
3264428
3264433
3264469
3264589
3264648
3264712
3264726
3264769
3264867
3264892
3264966
3264993
3264995
3265021
3265075
3265110
3265172
3265180
3265213
3265217
3265236
3265314
3265359
3265418
3265420
3265426
3265457
3265472
3265535
3265547
3265555
3265600
3265641
3265671
3265690
3267967
3268053
3268057
3268096
3268163
3268190
3268279
3268333
3268341
3268363
3268566
3268668
3268731
3268816
3268891
3268996
3269030
3269148
3269297
3269310
3269446
3269452
3269519
3269536
3269632
3269646
3269657
3269670
3269689
3269743
3269775
3269794
3269919
3269925
3269974
3269982
3269986
3269992
3270027
3270030
3270065
3270073
3270225
3270315
3270689
3273579
3273697
3273740
3273742
3273853
3273897
3274021
3274029
3274048
3274103
3274176
3274237
3274260
3274300
3274306
3274433
3274435
3274464
3274493
3274527
3274568
3274598
3274635
3274688
3274733
3274776
3274841
3274877
3274954
3274997
3275009
3275011
3275055
3275063
3275203
3275375
3275428
3275471
3275517
3275614
3275647
3275701
3275770
3275799
3275815
3275865
3275869
3275903
3276060
3276158
3276511
3278721
3322442
3322631
3323037
3323521
3323892
3324172
3331175
3331426
3331587
3331593
3331618
3331716
3332318
3332450
3334497
3334523
3334770
3334834
3334866
3335478
3335703
3336054
3336109
3336172
3336354
3336362
3341515
3341659
3341673
3341807
3341876
3341897
3341940
3341948
3341984
3342069
3342078
3342106
3342118
3342174
3342183
3342241
3342270
3342277
3342284
3342310
3342312
3342394
3342412
3342466
3342467
3342470
3342484
3342486
3342498
3342552
3342597
3342649
3342656
3342662
3342702
3342733
3342748
3342754
3342758
3342829
3342903
3343031
3343194
3343212
3343219
3343221
3343255
3343261
3343325
3343326
3343361
3343366
3343415
3343635
3343724
3343781
3343807
3343810
3343824
3343882
3343892
3343894
3343925
3343943
3343973
3343977
3343984
3343994
3344022
3344025
3344064
3344114
3344255
3344274
3344343
3344402
3344441
3344472
3344503
3344521
3344540
3344558
3344608
3344613
3344660
3344664
3344666
3344674
3344703
3344717
3344738
3344768
3344831
3344891
3344892
3344975
3345021
3345121
3345162
3345221
3345340
3345391
3345395
3345441
3345501
3345510
3345558
3345618
3345766
3345822
3346014
3346069
3346072
3346109
3346141
3346142
3346154
3346202
3346233
3346292
3346314
3346321
3346453
3346521
3346549
3346554
3346562
3346579
3346591
3346603
3346612
3346621
3346645
3346648
3346654
3346710
3346725
3346733
3346743
3346746
3346781
3346789
3346800
3346821
3346939
3346998
3347026
3347075
3347104
3347125
3347126
3347138
3347148
3347179
3347180
3347184
3347193
3347213
3347230
3347308
3347312
3347350
3347382
3347389
3347429
3347503
3347519
3347529
3347540
3347590
3347680
3347694
3347737
3347804
3347810
3347821
3347931
3347958
3347970
3348007
3348130
3348148
3348194
3348220
3348238
3348255
3348640
3348930
3348975
3350843
3350864
3351776
3351842
3351872
3351941
3351951
3351970
3352049
3352080
3352102
3352113
3352120
3352258
3352304
3352348
3352415
3352440
3352458
3352575
3352577
3352589
3352671
3352687
3352712
3352720
3352724
3352737
3352744
3352759
3352775
3352794
3352846
3352895
3352910
3352918
3352934
3352965
3352967
3352971
3352981
3352989
3353053
3353056
3353076
3353099
3353118
3353124
3353129
3353131
3353196
3353212
3353213
3353221
3353238
3353268
3353277
3353298
3353396
3353418
3353420
3353428
3353452
3353485
3353535
3353556
3353613
3353630
3353688
3353743
3353752
3353757
3353762
3353770
3353781
3353797
3353847
3353859
3353873
3354017
3354018
3354068
3354082
3354102
3354140
3354222
3354229
3354236
3354283
3354331
3354350
3354359
3354426
3354467
3354511
3354524
3354578
3354605
3354649
3354681
3354702
3354703
3354708
3354743
3354754
3354795
3354858
3354872
3354886
3354946
3354996
3355014
3355040
3355042
3355052
3355104
3355150
3355275
3355281
3355374
3355384
3356444
3356452
3356512
3356547
3356802
3356843
3356978
3357042
3357103
3357282
3357405
3357520
3357595
3357662
3357728
3357775
3357795
3357803
3358003
3358185
3358226
3358371
3358409
3358515
3358546
3358550
3358588
3358617
3358627
3358652
3358663
3358707
3358780
3358800
3358805
3358825
3358832
3358848
3358859
3358920
3358993
3359024
3359029
3359045
3359068
3359083
3359121
3359159
3359179
3359191
3359200
3359202
3359215
3359231
3359277
3359283
3359329
3359380
3359388
3359410
3359440
3359539
3359589
3359595
3359620
3359623
3359695
3359719
3359814
3359817
3359844
3359908
3359923
3360045
3360065
3360068
3360090
3360110
3360173
3360221
3360280
3360283
3360286
3360365
3360401
3360412
3360428
3360437
3360449
3360486
3360542
3360556
3360626
3360674
3360736
3360778
3360797
3360812
3360819
3360840
3360931
3360944
3361002
3361009
3361011
3361138
3361197
3361238
3361272
3361299
3361318
3361321
3361362
3361433
3361489
3361563
3361645
3361651
3361674
3361675
3361783
3361828
3361911
3362044
3362148
3362186
3362212
3362257
3362335
3362350
3362407
3362440
3362509
3362521
3362710
3362739
3362778
3362836
3362855
3362858
3362888
3362896
3362934
3363118
3363194
3363362
3363368
3363386
3363412
3363416
3363427
3363549
3363630
3363657
3363678
3363696
3363718
3363812
3363825
3363828
3363834
3363903
3364105
3364145
3364146
3364289
3364297
3364304
3364343
3364406
3364445
3364450
3364490
3364549
3364558
3364674
3364854
3364920
3364998
3365011
3365016
3365045
3365158
3365185
3365229
3365298
3365397
3365480
3365519
3365527
3365558
3365559
3365574
3365650
3365681
3365683
3365852
3365911
3365940
3365973
3365989
3366021
3366041
3366054
3366064
3366076
3366095
3366114
3366155
3366172
3366212
3366230
3366284
3366287
3366291
3366309
3366367
3366416
3366419
3366444
3366505
3366534
3366541
3366632
3366654
3366686
3366714
3366720
3366749
3366779
3366812
3366829
3366837
3366934
3366997
3367013
3367066
3367077
3367145
3367156
3367196
3367269
3367276
3367297
3367340
3367354
3367408
3367422
3367442
3367475
3367492
3367498
3367517
3367560
3367611
3367664
3367700
3367716
3367746
3367765
3367801
3367808
3367885
3367999
3368000
3368236
3368314
3368390
3368445
3368449
3368469
3368488
3368503
3368519
3368551
3368669
3368699
3368708
3368816
3368834
3373729
3373769
3373772
3373788
3373833
3373861
3373882
3373892
3373983
3373994
3374111
3374122
3374249
3374263
3374275
3374321
3374405
3374411
3374431
3374497
3374534
3374543
3374573
3374589
3374593
3374631
3374742
3374751
3374770
3374783
3374825
3374910
3374916
3374922
3374936
3374937
3374968
3375001
3375007
3375011
3375073
3375118
3375169
3375193
3375207
3375250
3375285
3375328
3375431
3375445
3375452
3375466
3375476
3375487
3375518
3375528
3375541
3375585
3375649
3375676
3375700
3375721
3375749
3375776
3375836
3376003
3376031
3376080
3376126
3376161
3376172
3376266
3376274
3376304
3376321
3376400
3376438
3376549
3376640
3376648
3376820
3376821
3376826
3376858
3376902
3376908
3376960
3376980
3377000
3377077
3377158
3377170
3377188
3377268
3377274
3377344
3377362
3377387
3377411
3377466
3377578
3377672
3377682
3377687
3377731
3377734
3377762
3377787
3377846
3377865
3377882
3377890
3377891
3377892
3377895
3377959
3377981
3378086
3378099
3378100
3378128
3378177
3378287
3378300
3378356
3378423
3378438
3378455
3378548
3378646
3378694
3378722
3378753
3378759
3378771
3378809
3378867
3378919
3379050
3379063
3379084
3379100
3379122
3379167
3379174
3379178
3379237
3379253
3379258
3379285
3379292
3379309
3379352
3379369
3379405
3379488
3379500
3379505
3379513
3379649
3379700
3379786
3379822
3379923
3380021
3380079
3380086
3380440
3380457
3380541
3380549
3380632
3380825
3380853
3381003
3381006
3381007
3381054
3381056
3381062
3381073
3381093
3381151
3381167
3381248
3381257
3381319
3381332
3381522
3381672
3381701
3381760
3381813
3381821
3381853
3381900
3381916
3381968
3382007
3382015
3382029
3382224
3382293
3382325
3382440
3382452
3382471
3382518
3382636
3382817
3383244
3383316
3383344
3383514
3383555
3383563
3383566
3383585
3383611
3383660
3383830
3383853
3383901
3383953
3384066
3384095
3384123
3384127
3384178
3384219
3384222
3384232
3384234
3384238
3384297
3384343
3384375
3384397
3384452
3384460
3384607
3384610
3384716
3384740
3384771
3384783
3384801
3384805
3384881
3384886
3384891
3384895
3385014
3385038
3385067
3385074
3385111
3385113
3385166
3385190
3385245
3385282
3385286
3385392
3385417
3385451
3385474
3385687
3385698
3385790
3385856
3385929
3385931
3385942
3385975
3386002
3386045
3386163
3386220
3386277
3386383
3386517
3386538
3386581
3386583
3386626
3386680
3386711
3386762
3386867
3386877
3386966
3387210
3387265
3387292
3387327
3387470
3387497
3387529
3387558
3387592
3387602
3387609
3387630
3387673
3387684
3387700
3387707
3387722
3387735
3387777
3387801
3387812
3387844
3387921
3387944
3388011
3388020
3388038
3388113
3388224
3388230
3388252
3388315
3388334
3388392
3388466
3388474
3388480
3388539
3388612
3388630
3388660
3388793
3388794
3388820
3388838
3388869
3388890
3388895
3388930
3388966
3389008
3389032
3389037
3389047
3389064
3389082
3389095
3389116
3389130
3389139
3389193
3389247
3389316
3389352
3389395
3389449
3389450
3389485
3389510
3389523
3389544
3389547
3389579
3389605
3389648
3389652
3389669
3389678
3389704
3389713
3389773
3389905
3390016
3390121
3390303
3390378
3390412
3390495
3390523
3390621
3390625
3390771
3390775
3390799
3390904
3390985
3390989
3391021
3391049
3391284
3391339
3391441
3391449
3395219
3395287
3395296
3395384
3395391
3395392
3395450
3395478
3395492
3395505
3395529
3395599
3395699
3395707
3395764
3395805
3395844
3395888
3395895
3395916
3395994
3396033
3396069
3396111
3396125
3396209
3396230
3396233
3396248
3396250
3396260
3396285
3396429
3396449
3396505
3396577
3396608
3396630
3396631
3396678
3396735
3396760
3396839
3396910
3396923
3396934
3396943
3396961
3396976
3397061
3397178
3397235
3397240
3397249
3397275
3397317
3397319
3397323
3397344
3397395
3397419
3397472
3397482
3397520
3397556
3397665
3397675
3397713
3397724
3397785
3397837
3397868
3398046
3398059
3398076
3398174
3398253
3398297
3398378
3398419
3398593
3398616
3398688
3398698
3398821
3398851
3398895
3398935
3398950
3398970
3399021
3399049
3399067
3399251
3399306
3399380
3399425
3399562
3399576
3399725
3399764
3399924
3399945
3400011
3400213
3400287
3400298
3400338
3400413
3400492
3400598
3400855
3400927
3400948
3401085
3401130
3401243
3401321
3401329
3401386
3401458
3401588
3401713
3401853
3402047
