0.000000 0.666667 0.702222 0.702222
0.025000 0.648649 0.702222 0.702222
0.050000 0.629934 0.685125 0.685125
0.075000 0.582573 0.661775 0.661775
0.100000 0.547466 0.627422 0.627422
0.125000 0.520087 0.594127 0.594127
0.150000 0.489779 0.572898 0.572898
0.175000 0.463398 0.544335 0.544335
0.200000 0.432806 0.511134 0.511134
0.225000 0.407224 0.484234 0.484234
0.250000 0.384554 0.443835 0.443835
0.275000 0.344839 0.403346 0.403346
0.300000 0.308228 0.356585 0.356585
0.325000 0.270018 0.303663 0.303663
0.350000 0.228652 0.238633 0.238633
0.375000 0.178638 0.155078 0.155078
0.400000 0.121533 0.066927 0.066927
0.425000 0.055537 0.032289 0.032289
0.450000 0.021331 0.000000 0.000000
0.475000 0.000000 0.000000 0.000000
0.500000 0.000000 0.000000 0.000000
0.525000 0.000000 0.000000 0.000000
0.550000 0.000000 0.000000 0.000000
0.575000 0.000000 0.000000 0.000000
0.600000 0.000000 0.000000 0.000000
0.625000 0.000000 0.000000 0.000000
0.650000 0.000000 0.000000 0.000000
0.675000 0.000000 0.000000 0.000000
0.700000 0.000000 0.000000 0.000000
0.725000 0.000000 0.000000 0.000000
0.750000 0.000000 0.000000 0.000000
0.775000 0.000000 0.000000 0.000000
0.800000 0.000000 0.000000 0.000000
0.825000 0.000000 0.000000 0.000000
0.850000 0.000000 0.000000 0.000000
0.875000 0.000000 0.000000 0.000000
0.900000 0.000000 0.000000 0.000000
0.925000 0.000000 0.000000 0.000000
0.950000 0.000000 0.000000 0.000000
0.975000 0.000000 0.000000 0.000000
1.000000 0.000000 0.000000 0.000000
