0.000000 1.000000 1.000000 1.000000
0.025000 0.659794 0.718857 0.718857
0.050000 0.624695 0.681670 0.681670
0.075000 0.582912 0.650121 0.650121
0.100000 0.543494 0.622277 0.622277
0.125000 0.514179 0.595604 0.595604
0.150000 0.486806 0.566556 0.566556
0.175000 0.450285 0.536062 0.536062
0.200000 0.423008 0.505174 0.505174
0.225000 0.392132 0.470828 0.470828
0.250000 0.358958 0.430538 0.430538
0.275000 0.322992 0.394905 0.394905
0.300000 0.291438 0.351805 0.351805
0.325000 0.256376 0.292166 0.292166
0.350000 0.210600 0.224602 0.224602
0.375000 0.158601 0.141034 0.141034
0.400000 0.093186 0.055970 0.055970
0.425000 0.035168 0.032278 0.032278
0.450000 0.021170 0.000000 0.000000
0.475000 0.000000 0.000000 0.000000
0.500000 0.000000 0.000000 0.000000
0.525000 0.000000 0.000000 0.000000
0.550000 0.000000 0.000000 0.000000
0.575000 0.000000 0.000000 0.000000
0.600000 0.000000 0.000000 0.000000
0.625000 0.000000 0.000000 0.000000
0.650000 0.000000 0.000000 0.000000
0.675000 0.000000 0.000000 0.000000
0.700000 0.000000 0.000000 0.000000
0.725000 0.000000 0.000000 0.000000
0.750000 0.000000 0.000000 0.000000
0.775000 0.000000 0.000000 0.000000
0.800000 0.000000 0.000000 0.000000
0.825000 0.000000 0.000000 0.000000
0.850000 0.000000 0.000000 0.000000
0.875000 0.000000 0.000000 0.000000
0.900000 0.000000 0.000000 0.000000
0.925000 0.000000 0.000000 0.000000
0.950000 0.000000 0.000000 0.000000
0.975000 0.000000 0.000000 0.000000
1.000000 0.000000 0.000000 0.000000
