0.000000 1.000000 1.000000 1.000000
0.025000 0.670175 0.734742 0.734742
0.050000 0.621753 0.693245 0.693245
0.075000 0.604211 0.667852 0.667852
0.100000 0.570045 0.639428 0.639428
0.125000 0.535495 0.611176 0.611176
0.150000 0.507965 0.582196 0.582196
0.175000 0.481308 0.559530 0.559530
0.200000 0.456334 0.532440 0.532440
0.225000 0.428358 0.498849 0.498849
0.250000 0.395166 0.462664 0.462664
0.275000 0.361249 0.420731 0.420731
0.300000 0.324523 0.374750 0.374750
0.325000 0.284164 0.322167 0.322167
0.350000 0.238664 0.255021 0.255021
0.375000 0.189752 0.164086 0.164086
0.400000 0.124710 0.066110 0.066110
0.425000 0.052337 0.032713 0.032713
0.450000 0.021729 0.000000 0.000000
0.475000 0.000000 0.000000 0.000000
0.500000 0.000000 0.000000 0.000000
0.525000 0.000000 0.000000 0.000000
0.550000 0.000000 0.000000 0.000000
0.575000 0.000000 0.000000 0.000000
0.600000 0.000000 0.000000 0.000000
0.625000 0.000000 0.000000 0.000000
0.650000 0.000000 0.000000 0.000000
0.675000 0.000000 0.000000 0.000000
0.700000 0.000000 0.000000 0.000000
0.725000 0.000000 0.000000 0.000000
0.750000 0.000000 0.000000 0.000000
0.775000 0.000000 0.000000 0.000000
0.800000 0.000000 0.000000 0.000000
0.825000 0.000000 0.000000 0.000000
0.850000 0.000000 0.000000 0.000000
0.875000 0.000000 0.000000 0.000000
0.900000 0.000000 0.000000 0.000000
0.925000 0.000000 0.000000 0.000000
0.950000 0.000000 0.000000 0.000000
0.975000 0.000000 0.000000 0.000000
1.000000 0.000000 0.000000 0.000000
