0.000000 1.000000 1.000000 1.000000
0.025000 0.782178 0.758824 0.758824
0.050000 0.583643 0.653944 0.653944
0.075000 0.568345 0.648148 0.648148
0.100000 0.547038 0.625610 0.625610
0.125000 0.519841 0.608737 0.608737
0.150000 0.503735 0.577211 0.577211
0.175000 0.477431 0.551597 0.551597
0.200000 0.454808 0.528866 0.528866
0.225000 0.421586 0.488983 0.488983
0.250000 0.377703 0.449230 0.449230
0.275000 0.343936 0.403143 0.403143
0.300000 0.295611 0.362715 0.362715
0.325000 0.256526 0.298070 0.298070
0.350000 0.208610 0.240461 0.240461
0.375000 0.166667 0.164627 0.164627
0.400000 0.112724 0.064286 0.064286
0.425000 0.044190 0.031569 0.031569
0.450000 0.020738 0.000000 0.000000
0.475000 0.000000 0.000000 0.000000
0.500000 0.000000 0.000000 0.000000
0.525000 0.000000 0.000000 0.000000
0.550000 0.000000 0.000000 0.000000
0.575000 0.000000 0.000000 0.000000
0.600000 0.000000 0.000000 0.000000
0.625000 0.000000 0.000000 0.000000
0.650000 0.000000 0.000000 0.000000
0.675000 0.000000 0.000000 0.000000
0.700000 0.000000 0.000000 0.000000
0.725000 0.000000 0.000000 0.000000
0.750000 0.000000 0.000000 0.000000
0.775000 0.000000 0.000000 0.000000
0.800000 0.000000 0.000000 0.000000
0.825000 0.000000 0.000000 0.000000
0.850000 0.000000 0.000000 0.000000
0.875000 0.000000 0.000000 0.000000
0.900000 0.000000 0.000000 0.000000
0.925000 0.000000 0.000000 0.000000
0.950000 0.000000 0.000000 0.000000
0.975000 0.000000 0.000000 0.000000
1.000000 0.000000 0.000000 0.000000
