0.000000 0.662116 0.693811 0.693811
0.025000 0.662116 0.693811 0.693811
0.050000 0.620496 0.672986 0.672986
0.075000 0.586276 0.656957 0.656957
0.100000 0.550266 0.628846 0.628846
0.125000 0.525387 0.600376 0.600376
0.150000 0.496897 0.573824 0.573824
0.175000 0.464506 0.544447 0.544447
0.200000 0.431980 0.509218 0.509218
0.225000 0.401406 0.481007 0.481007
0.250000 0.372761 0.440756 0.440756
0.275000 0.337804 0.407848 0.407848
0.300000 0.309064 0.359454 0.359454
0.325000 0.271257 0.302933 0.302933
0.350000 0.228839 0.244217 0.244217
0.375000 0.184861 0.157883 0.157883
0.400000 0.124748 0.061520 0.061520
0.425000 0.052835 0.032425 0.032425
0.450000 0.021395 0.000000 0.000000
0.475000 0.000000 0.000000 0.000000
0.500000 0.000000 0.000000 0.000000
0.525000 0.000000 0.000000 0.000000
0.550000 0.000000 0.000000 0.000000
0.575000 0.000000 0.000000 0.000000
0.600000 0.000000 0.000000 0.000000
0.625000 0.000000 0.000000 0.000000
0.650000 0.000000 0.000000 0.000000
0.675000 0.000000 0.000000 0.000000
0.700000 0.000000 0.000000 0.000000
0.725000 0.000000 0.000000 0.000000
0.750000 0.000000 0.000000 0.000000
0.775000 0.000000 0.000000 0.000000
0.800000 0.000000 0.000000 0.000000
0.825000 0.000000 0.000000 0.000000
0.850000 0.000000 0.000000 0.000000
0.875000 0.000000 0.000000 0.000000
0.900000 0.000000 0.000000 0.000000
0.925000 0.000000 0.000000 0.000000
0.950000 0.000000 0.000000 0.000000
0.975000 0.000000 0.000000 0.000000
1.000000 0.000000 0.000000 0.000000
