2979171
2979190
2979200
2979203
2979212
2979249
2979286
2979315
2979319
2979663
2979684
2979688
2979749
2979753
2979837
3034944
3034951
3034970
3035032
3035127
3035157
3035168
3035221
3035234
3035252
3035270
3035286
3035365
3035695
3035698
3035707
3035722
3035734
3035751
3035809
3035828
3035833
3035857
3035886
3035889
3035898
3035950
3035962
3036009
3036052
3036089
3036116
3036160
3036198
3036200
3036241
3036279
3036285
3036348
3036350
3036387
3036427
3036443
3036508
3037686
3037767
3037816
3037880
3037933
3037947
3038122
3038149
3038260
3038264
3038272
3038273
3038275
3038292
3038303
3038334
3038359
3038370
3038405
3038416
3038466
3038499
3038505
3038530
3038554
3038564
3038567
3038578
3038603
3038631
3038650
3038689
3038711
3038721
3038724
3038744
3038790
3038793
3038813
3038815
3038850
3038861
3038868
3038893
3038938
3038984
3039025
3039027
3039037
3039058
3039071
3039151
3039159
3039174
3039187
3039192
3039199
3039216
3039246
3040358
3040365
3040368
3040372
3040405
3040450
3040523
3040558
3040560
3040569
3040646
3040731
3040767
3040770
3040833
3040843
3040870
3040879
3040888
3040918
3040958
3041026
3041031
3041046
3041061
3041070
3041072
3041098
3041107
3041263
3041296
3041320
3041333
3041341
3041343
3041356
3041374
3041377
3041384
3041395
3041421
3041438
3041557
3041561
3041568
3041569
3041644
3041651
3041771
3041784
3041932
3041946
3041947
3041950
3041979
3041990
3043084
3043196
3043297
3043324
3043374
3043436
3043474
3043491
3043519
3043559
3043566
3043578
3043608
3043615
3043673
3043705
3043728
3043742
3043749
3043770
3043943
3043952
3043975
3044014
3044020
3044041
3044086
3044089
3044094
3044100
3044112
3044161
3044162
3044236
3044238
3044407
3044429
3044442
3044462
3044483
3044487
3044493
3044526
3044618
3044854
3045041
3045698
3045719
3045735
3045750
3045792
3045797
3045827
3045885
3045897
3045923
3045954
3046028
3046091
3046125
3046183
3046230
3046276
3046316
3046343
3046355
3046374
3046398
3046414
3046435
3046445
3046472
3046517
3046518
3046527
3046535
3046610
3046664
3046683
3046684
3046713
3046731
3046748
3046764
3046782
3046785
3046786
3046790
3046829
3046853
3046892
3046983
3047041
3047051
3047069
3047100
3047122
3047132
3047166
3047177
3047195
3047279
3047285
3047300
3047323
3047379
3047396
3048418
3048442
3048459
3048470
3048479
3048480
3048504
3048648
3048712
3048716
3048778
3048819
3048835
3048847
3048898
3048902
3048964
3048987
3049010
3049033
3049078
3049116
3049118
3049127
3049164
3049169
3049182
3049183
3049216
3049233
3049259
3049313
3049317
3049320
3049325
3049350
3049416
3049437
3049438
3049538
3049553
3049555
3049558
3049567
3049568
3049598
3049633
3049659
3049691
3049699
3049706
3049712
3049778
3049832
3049838
3049851
3049885
3049886
3049888
3049959
3051144
3051146
3051149
3051269
3051293
3051310
3051333
3051339
3051347
3051414
3051471
3051484
3051514
3051526
3051590
3051598
3051645
3051739
3051760
3051808
3051835
3051867
3051885
3051954
3051993
3052011
3052072
3052170
3052212
3052228
3052231
3052249
3052268
3052308
3052312
3052406
3052444
3052449
3052558
3052603
3052620
3052652
3052673
3052688
3052695
3052756
3052774
3052822
3052855
3052861
3052877
3052912
3052916
3052948
3052964
3052983
3052988
3052999
3053027
3053055
3053080
3053137
3053167
3053178
3053213
3053223
3053238
3053239
3053243
3053245
3053252
3053348
3054447
3054482
3054489
3054546
3054619
3054621
3054655
3054668
3054707
3054709
3054731
3054745
3054764
3054766
3054901
3055009
3055018
3055043
3055059
3055067
3055081
3055254
3055311
3055320
3055527
3055590
3055633
3055753
3055985
3056019
3056030
3056593
3056601
3056606
3056608
3056615
3056646
3056663
3056669
3056675
3056679
3056702
3056720
3056723
3056753
3056779
3056833
3056836
3056844
3056865
3056874
3056875
3056898
3056903
3056919
3056922
3056937
3056942
3056952
3056954
3056985
3057035
3057084
3057112
3057122
3057133
3057184
3057262
3057281
3057376
3057405
3057437
3057451
3057461
3057481
3057485
3057507
3057508
3057540
3057566
3057568
3057572
3057575
3057578
3057585
3057604
3057671
3057689
3057822
3058754
3058820
3058821
3058866
3058887
3058981
3059214
3059311
3059318
3059520
3059530
3059642
3059786
3059788
3059792
3059793
3059796
3059805
3059818
3059820
3059840
3059871
3059919
3059986
3059987
3059991
3059992
3060006
3060039
3060063
3060104
3060122
3060162
3060163
3060216
3060239
3060246
3060279
3060281
3060316
3060320
3060339
3060357
3060359
3061106
3061623
3061658
3061670
3061694
3061728
3061732
3061740
3061750
3061752
3061770
3061773
3061872
3061875
3061891
3061921
3061965
3061977
3061982
3062046
3062082
3062088
3062093
3062128
3062133
3062134
3062139
3062146
3062169
3062170
3062191
3062226
3062244
3062258
3062271
3062296
3062303
3062311
3062332
3062395
3062539
3062585
3062622
3062627
3062631
3062654
3062675
3062698
3062706
3062821
3062846
3062893
3062907
3062947
3062956
3062962
3062974
3062985
3063000
3063024
3063068
3063069
3063082
3063096
3063109
3063115
3063168
3063219
3064238
3064247
3064267
3064269
3064281
3064294
3064304
3064339
3064370
3064487
3064528
3064591
3064642
3064653
3064711
3064712
3064778
3064805
3064817
3064897
3064902
3064910
3064939
3064941
3064980
3064989
3065005
3065006
3065022
3065050
3065061
3065091
3065104
3065359
3065360
3065402
3065445
3065471
3065528
3065551
3065583
3065605
3066820
3066925
3066933
3066988
3067002
3067044
3067055
3067132
3067144
3067150
3067173
3067227
3067247
3067248
3067264
3067266
3067270
3067302
3067315
3067322
3067326
3067371
3067384
3067387
3067391
3067392
3067416
3067479
3067526
3067564
3067575
3067642
3067646
3067672
3067673
3067695
3067721
3067727
3067774
3067809
3067847
3067927
3068032
3068093
3068126
3068175
3068203
3068245
3068264
3068292
3068315
3068319
3068331
3068445
3069652
3069871
3069926
3069927
3070054
3070157
3070200
3070214
3070286
3070307
3070348
3070376
3070395
3070408
3070414
3070448
3070512
3070515
3070573
3070587
3070606
3070821
3071214
3072321
3072382
3072484
3072515
3072523
3072531
3072532
3072540
3072651
3072690
3072708
3072727
3072734
3072780
3072790
3072801
3072839
3072843
3072846
3072858
3072867
3072880
3072885
3072912
3072978
3072988
3072989
3073011
3073064
3073070
3073110
3073111
3073112
3073118
3073171
3073176
3073182
3073243
3073264
3073265
3073358
3073373
3073378
3073470
3073498
3073523
3073535
3073583
3073584
3073612
3073654
3073676
3073703
3073740
3073753
3073771
3073822
3073847
3073856
3073950
3073959
3075002
3075031
3075040
3075090
3075135
3075137
3075166
3075169
3075172
3075176
3075197
3075220
3075262
3075309
3075400
3075409
3075427
3075436
3075438
3075463
3075470
3075544
3075557
3075580
3075630
3075649
3075685
3075727
3075732
3075758
3075783
3075799
3075808
3075833
3075835
3075855
3075861
3075881
3075904
3075931
3075948
3075965
3075968
3076040
3076042
3076051
3076070
3076077
3076086
3076091
3076139
3076147
3076169
3076187
3076314
3076316
3076321
3076335
3076387
3076446
3076455
3076488
3076494
3076522
3077694
3077699
3077731
3077735
3077789
3077793
3077804
3077805
3077823
3077835
3077840
3077852
3077877
3077908
3078018
3078029
3078056
3078099
3078153
3078188
3078189
3078203
3078210
3078252
3078283
3078380
3078384
3078391
3078422
3078494
3078505
3078539
3078600
3078607
3078618
3078637
3078675
3078759
3078799
3078816
3078825
3078832
3078924
3078939
3078963
3079044
3079129
3079142
3079149
3079168
3079171
3079184
3079216
3079266
3079274
3079279
3079309
3079371
3080393
3080431
3080436
3080447
3080552
3080580
3080595
3080597
3080615
3080668
3080672
3080703
3080755
3080758
3080789
3080881
3080940
3080980
3080982
3081075
3081087
3081136
3081167
3081293
3081300
3081374
3081534
3081548
3081553
3081557
3081587
3081600
3081607
3081608
3081612
3081622
3081642
3081648
3081668
3081695
3081698
3081702
3081760
3081784
3081813
3081881
3081906
3081938
3082000
3082012
3082074
3082107
3082469
3083172
3083194
3083312
3083407
3083414
3083420
3083426
3083453
3083498
3083517
3083521
3083604
3083617
3083647
3083668
3083693
3083714
3083755
3083763
3083786
3083849
3083894
3083900
3083913
3083983
3084005
3084011
3084013
3084025
3084058
3084128
3084155
3084165
3084169
3084191
3084209
3084280
3084290
3084320
3084391
3084467
3084511
3084521
3084587
3085758
3085777
3085798
3085803
3085933
3085980
3086086
3086098
3086138
3086238
3086243
3086264
3086292
3086393
3086407
3086411
3086438
3086491
3086500
3086517
3086521
3086524
3086532
3086535
3086590
3086606
3086626
3086631
3086640
3086700
3086790
3086806
3086811
3086925
3086978
3087002
3087016
3087033
3087098
3087106
3087161
3087166
3087221
3087264
3087333
3087392
3088488
3088533
3088572
3088576
3088584
3088592
3088594
3088639
3088643
3088683
3088698
3088735
3088746
3088783
3088822
3088880
3088924
3088926
3088938
3088957
3088976
3089000
3089006
3089007
3089012
3089019
3089050
3089183
3089200
3089246
3089252
3089276
3089279
3089295
3089299
3089305
3089336
3089449
3089458
3089461
3089491
3089493
3089520
3089529
3089535
3089556
3089626
3089636
3089668
3089686
3089709
3089718
3089747
3089803
3089845
3089874
3089919
3089936
3089984
3090071
3090085
3091317
3091348
3091376
3091398
3091415
3091430
3091466
3091501
3091546
3091563
3091599
3091601
3091629
3091657
3091663
3091698
3091704
3091820
3091834
3091837
3091882
3091886
3091888
3091905
3091923
3091924
3091946
3091952
3091954
3091959
3091994
3092005
3092014
3092048
3092060
3092067
3092086
3092123
3092125
3092134
3092171
3092181
3092228
3092234
3092282
3092286
3092305
3092326
3092332
3092349
3092353
3092359
3092382
3092390
3092452
3092455
3092492
3092515
3092519
3092523
3092528
3092552
3092586
3092616
3092656
3092663
3092665
3092681
3092695
3092699
3092731
3092747
3092792
3092849
3092933
3093913
3094107
3094120
3094265
3094267
3094294
3094299
3094320
3094358
3094413
3094436
3094471
3094473
3094515
3094535
3094555
3094566
3094626
3094636
3094695
3094741
3094800
3094801
3094893
3094920
3094934
3094950
3094966
3095095
3095099
3095149
3095193
3095199
3095242
3095244
3095254
3095293
3095308
3095313
3095336
3095358
3095361
3095362
3095391
3095394
3095395
3095448
3095460
3095531
3096707
3096711
3096721
3096791
3096841
3096848
3096922
3096925
3096975
3096984
3096992
3097022
3097044
3097077
3097117
3097129
3097149
3097153
3097165
3097218
3097246
3097269
3097273
3097308
3097369
3097399
3097487
3097489
3097527
3097531
3097557
3097570
3097618
3097631
3097658
3097683
3097685
3097727
3097735
3097770
3097817
3097825
3097840
3097890
3097929
3097965
3098018
3098060
3098161
3098164
3098185
3098198
3098249
3098271
3098307
3098321
3098343
3098913
3098918
3099354
3099360
3099375
3099425
3099473
3099483
3099513
3099515
3099534
3099552
3099556
3099610
3099616
3099629
3099633
3099646
3099675
3099796
3099838
3099839
3099847
3099848
3099867
3099873
3099961
3099975
3100021
3100026
3100082
3100133
3100163
3100166
3100224
3100298
3100306
3100332
3100343
3100365
3100391
3100409
3100450
3100495
3100502
3100520
3100526
3100540
3100599
3100612
3100623
3100657
3100684
3100697
3100720
3100749
3100792
3100811
3100841
3100885
3100888
3101030
3101051
3102166
3102172
3102176
3102393
3102477
3102479
3102482
3102499
3102507
3102513
3102531
3102576
3102577
3102584
3102587
3102591
3102596
3102616
3102664
3102686
3102690
3102700
3102710
3102721
3102754
3102864
3102897
3102917
3102966
3103004
3103015
3103229
3103239
3103264
3103283
3103295
3103300
3103361
3103364
3103392
3103419
3103427
3103429
3103458
3103459
3103493
3103507
3103531
3103584
3104747
3104761
3104778
3104842
3104864
3104907
3104950
3104955
3104972
3104990
3105176
3105200
3105252
3105255
3105302
3105346
3105363
3105374
3105384
3105396
3105431
3105440
3105450
3105452
3105463
3105466
3105501
3105502
3105524
3105568
3105588
3105591
3105600
3105626
3105628
3105633
3105719
3105751
3105759
3105775
3105849
3105873
3105877
3105882
3105949
3105955
3105959
3106047
3106064
3106141
3106154
3106170
3106228
3106237
3106259
3106302
3106326
3106392
3107187
3107205
3107275
3107280
3107301
3107310
3107318
3107334
3107464
3107500
3107538
3107664
3107690
3107733
3107765
3107792
3107809
3107828
3107835
3107874
3107881
3108008
3108499
3108528
3108543
3108568
3108579
3108606
3108657
3108669
3108684
3108691
3108704
3108712
3108713
3108730
3108737
3108740
3108932
3108939
3108970
3108977
3108998
3109011
3109013
3109026
3109041
3109051
3109095
3109116
3109120
3109122
3109275
3109476
3110215
3110505
3110517
3110537
3110564
3110585
3110620
3110832
3110866
3110871
3110892
3110899
3110913
3110976
3110979
3110982
3111027
3111042
3111135
3111150
3111182
3111232
3111280
3111316
3111353
3111355
3111363
3111417
3111429
3111459
3111461
3111480
3111484
3111572
3111577
3111586
3111614
3111641
3111659
3111663
3111696
3111734
3111779
3111838
3111877
3111979
3111997
3112011
3112012
3112028
3113350
3113351
3113401
3113408
3113464
3113497
3113642
3113666
3113763
3113784
3113846
3113874
3113890
3113896
3113904
3113929
3113978
3113980
3114024
3114033
3114053
3114145
3114154
3114403
3114469
3114476
3114724
3115773
3115774
3115843
3115859
3115947
3115984
3116102
3116656
3117030
3117070
3117206
3117259
3117264
3117292
3117318
3117320
3117331
3117337
3117354
3117356
3117367
3117429
3117430
3117454
3117606
3117650
3117661
3117701
3117705
3117715
3117717
3117811
3117812
3117833
3117859
3117895
3118033
3118051
3118058
3118134
3118233
3118239
3118241
3118256
3118259
3118266
3118301
3118320
3118336
3118352
3118381
3118448
3118449
3118454
3118557
3118563
3118576
3118597
3118640
3118653
3118668
3119755
3119883
3119958
3120027
3120068
3120078
3120082
3120084
3120092
3120110
3120160
3120221
3120247
3120248
3120262
3120267
3120366
3120440
3120455
3120481
3120488
3120499
3120518
3120559
3120770
3120910
3120920
3120949
3120981
3121058
3121130
3121169
3121181
3121198
3121205
3121217
3121230
3121246
3121256
3121272
3121801
3121997
3122438
3122461
3122481
3122515
3122527
3122539
3122573
3122631
3122649
3122653
3122697
3122702
3122754
3122757
3122758
3122787
3122832
3122865
3122895
3122910
3122912
3122939
3122951
3123000
3123048
3123084
3123093
3123111
3123120
3123162
3123183
3123199
3123205
3123207
3123231
3123243
3123245
3123253
3123265
3123317
3123327
3123365
3123376
3123384
3123385
3123437
3123460
3123469
3123491
3123524
3123615
3123636
3123735
3123744
3123764
3123773
3123830
3123849
3123854
3123915
3124022
3124070
3124073
3124086
3124382
3124400
3124407
3125073
3125098
3125127
3125252
3125293
3125341
3125358
3125384
3125483
3125522
3125545
3125553
3125645
3125668
3125682
3125704
3125708
3125718
3125785
3125813
3125842
3125851
3125877
3125900
3125912
3125941
3125969
3126027
3126038
3126054
3126059
3126098
3126109
3126118
3126195
3126284
3126359
3126370
3126375
3126381
3126383
3126415
3126521
3126568
3126571
3126573
3126591
3126603
3126658
3126673
3126794
3126795
3126818
3127822
3127858
3127861
3127883
3127912
3127967
3127993
3127995
3128055
3128065
3128068
3128075
3128097
3128135
3128139
3128157
3128158
3128169
3128172
3128185
3128206
3128246
3128247
3128300
3128340
3128354
3128362
3128397
3128472
3128485
3128494
3128499
3128503
3128532
3128542
3128552
3128594
3128611
3128614
3128621
3128631
3128632
3128650
3128655
3128696
3128703
3128789
3128821
3128959
3128962
3128971
3128995
3129019
3129037
3129080
3129102
3129291
3129416
3130620
3130663
3130680
3130689
3130726
3130742
3130770
3130776
3130789
3130795
3130815
3130860
3130889
3130919
3130966
3130983
3130991
3130995
3131006
3131017
3131026
3131055
3131133
3131160
3131199
3131233
3131249
3131252
3131267
3131302
3131345
3131358
3131402
3131424
3131460
3131471
3131488
3131530
3131538
3131578
3131583
3131680
3131698
3131705
3131785
3131796
3131827
3131834
3131839
3131842
3131909
3131916
3131922
3131924
3131946
3131957
3131961
3131962
3131970
3131981
3131992
3131994
3132045
3132054
3132063
3132068
3132084
3132115
3132172
3132225
3132230
3133223
3133224
3133327
3133351
3133358
3133465
3133475
3133517
3133520
3133527
3133545
3133551
3133567
3133570
3133600
3133603
3133626
3133628
3133674
3133701
3133821
3133876
3133896
3133902
3133912
3133936
3133975
3134032
3134056
3134100
3134123
3134130
3134138
3134141
3134157
3134169
3134233
3134266
3134271
3134282
3134312
3134392
3134447
3134449
3134486
3134488
3134512
3134575
3134632
3134635
3134692
3134829
3134849
3134856
3134874
3135485
3135938
3135958
3136074
3136108
3136115
3136116
3136182
3136194
3136200
3136225
3136247
3136249
3136279
3136317
3136389
3136412
3136449
3136466
3136494
3136500
3136528
3136572
3136596
3136883
3136887
3136890
3136891
3136927
3136986
3136993
3136995
3137009
3137030
3137033
3137069
3137137
3137144
3137145
3137171
3137181
3137201
3137240
3137304
3137384
3137397
3137549
3137557
3137559
3137574
3137576
3137596
3137702
3138797
3138822
3138830
3138840
3138857
3138871
3138872
3138921
3138926
3138972
3139031
3139080
3139153
3139283
3139303
3139322
3139324
3139357
3139434
3139455
3139462
3139490
3139568
3139607
3139638
3139641
3139644
3139647
3139651
3139676
3139679
3139898
3140019
3140022
3140057
3140063
3140249
3140305
3140311
3140339
3140356
3142194
3142299
3142376
3142424
3142474
3142555
3142559
3142597
3142692
3142810
3142814
3142837
3142849
3142870
3142892
3142933
3142941
3142946
3142971
3143008
3143048
3143203
3143222
3143239
3143260
3143384
3143420
3143429
3143487
3143604
3143743
3143756
3143792
3143804
3143809
3143811
3143876
3143930
3144001
3144160
3144209
3144383
3144491
3144520
3144727
3144847
3144853
3144859
3145097
3145216
3147230
3147288
3147328
3147417
3147596
3147598
3147696
3147706
3147717
3147740
3147769
3147790
3147957
3148083
3148104
3148135
3148175
3148198
3148213
3148278
3148296
3148332
3148339
3148349
3148467
3148528
3148553
3148656
3148702
3148727
3148739
3148928
3148933
3148935
3148970
3148984
3148993
3149015
3149139
3149143
3149152
3149154
3149189
3149200
3149252
3149304
3149318
3149381
3149398
3149400
3149446
3149456
3149564
3149614
3149729
3150270
3150294
3150314
3150355
3152360
3152381
3152448
3152502
3152602
3152632
3152659
3152742
3152763
3152908
3153016
3153056
3153153
3153160
3153219
3153240
3153253
3153386
3153516
3153554
3153604
3153627
3153826
3153859
3153866
3153953
3153985
3153991
3154014
3154041
3154070
3154074
3154120
3154273
3154320
3154329
3154345
3154346
3154369
3154406
3154473
3154506
3154544
3154563
3154583
3154602
3154645
3154750
3154769
3154787
3154855
3154859
3154941
3155024
3155091
3155118
3155138
3155191
3155198
3156457
3156467
3156483
3156508
3156541
3156557
3156577
3156602
3156613
3156622
3156626
3156638
3156650
3156652
3156694
3156780
3156794
3156808
3156906
3156943
3156971
3157012
3157018
3157035
3157075
3157095
3157115
3157135
3157171
3157177
3157188
3157189
3157202
3157212
3157245
3157264
3157274
3157332
3157344
3157381
3157404
3157405
3157462
3157469
3157505
3157516
3157707
3157724
3157728
3157731
3157786
3157834
3157869
3157925
3157959
3159264
3159338
3159340
3159386
3159420
3159425
3159457
3159462
3159465
3159473
3159520
3159538
3159540
3159580
3159585
3159599
3159659
3159714
3159721
3159743
3159766
3159772
3159790
3159839
3159870
3159880
3159929
3159949
3159997
3160036
3160060
3160064
3160113
3160115
3160151
3160201
3160250
3160278
3160302
3160320
3160328
3160369
3160370
3160408
3160498
3160501
3160511
3160518
3160581
3160696
3160705
3160706
3160788
3160814
3160823
3161872
3161893
3161965
3161986
3161991
3162032
3162094
3162129
3162141
3162165
3162196
3162201
3162236
3162285
3162287
3162341
3162346
3162421
3162461
3162538
3162558
3162592
3162684
3162718
3162790
3162792
3162827
3162900
3162926
3162942
3162943
3162962
3162975
3163002
3163067
3163143
3163154
3163156
3163214
3163239
3163309
3163318
3163326
3163358
3163364
3163388
3164696
3164766
3164798
3164803
3164830
3164908
3164915
3164938
3164945
3164975
3165012
3165027
3165073
3165082
3165116
3165140
3165142
3165216
3165221
3165271
3165293
3165323
3165325
3165339
3165344
3165345
3165367
3165384
3165407
3165408
3165416
3165438
3165439
3165450
3165452
3165528
3165561
3165564
3165569
3165592
3165594
3165625
3165663
3165768
3165784
3165792
3165794
3165796
3165801
3165811
3165830
3165834
3165881
3165888
3165917
3165942
3165953
3165970
3165983
3166073
3166091
3166093
3166170
3166249
3167410
3167425
3167459
3167470
3167503
3167517
3167529
3167606
3167609
3167622
3167645
3167678
3167690
3167756
3167758
3167781
3167828
3167837
3168023
3168029
3168035
3168052
3168076
3168281
3168288
3168299
3168320
3168330
3168346
3168351
3168370
3168386
3168388
3168525
3168615
3168626
3168691
3168695
3168724
3168774
3168775
3168796
3168806
3168813
3168836
3168861
3168902
3168926
3168998
3169509
3170079
3170132
3170198
3170250
3170289
3170328
3170367
3170467
3170469
3170512
3170523
3170558
3170652
3170656
3170657
3170698
3170702
3170708
3170775
3170776
3170777
3170798
3170873
3170933
3170945
3170953
3170997
3171005
3171013
3171032
3171103
3171107
3171123
3171129
3171164
3171173
3171243
3171285
3171287
3171344
3171412
3171430
3171433
3171441
3171460
3171483
3171501
3171513
3171579
3171590
3171639
3171654
3171749
3172894
3172901
3172920
3172922
3172925
3172926
3172969
3172972
3172982
3172985
3172996
3173005
3173046
3173075
3173115
3173156
3173170
3173188
3173233
3173257
3173302
3173354
3173355
3173552
3173571
3173580
3173585
3173693
3173696
3173747
3173767
3173771
3173802
3173809
3173867
3173900
3173923
3173928
3173950
3173953
3173968
3173974
3173987
3173992
3174002
3174009
3174058
3174064
3174080
3174093
3174094
3174100
3174129
3174161
3174211
3174293
3174338
3174341
3174509
3175742
3175762
3175980
3176030
3176073
3176114
3176127
3176141
3176250
3176300
3176336
3176369
3176408
3176437
3176445
3176491
3176510
3176513
3176515
3176522
3176538
3176555
3176567
3176584
3176592
3176595
3176609
3176628
3176671
3176718
3176724
3176739
3176741
3176745
3176780
3176788
3176878
3176909
3176919
3176944
3176979
3177012
3177028
3177054
3177079
3177108
3177138
3177146
3177154
3178450
3178464
3178466
3178483
3178485
3178509
3178524
3178546
3178566
3178593
3178600
3178633
3178641
3178677
3178722
3178753
3178788
3178859
3178863
3178868
3178876
3178887
3178897
3178900
3178926
3178966
3178972
3178983
3178995
3179039
3179065
3179104
3179120
3179171
3179203
3179218
3179230
3179306
3179334
3179337
3179414
3179443
3179520
3179559
3179563
3179678
3179722
3179762
3179820
3179855
3179938
3179949
3179950
3179972
3179977
3179985
3179991
3181121
3181178
3181254
3181262
3181347
3181348
3181354
3181373
3181398
3181553
3181578
3181616
3181641
3181656
3181665
3181754
3181773
3181860
3181867
3181900
3181905
3181916
3181941
3182037
3182097
3182101
3182110
3182183
3182185
3182293
3182323
3182334
3182385
3182410
3182438
3182441
3182458
3182535
3182537
3182540
3182543
3182577
3182607
3182616
3182617
3182669
3182673
3182678
3183905
3183940
3183991
3184005
3184018
3184020
3184037
3184058
3184075
3184079
3184115
3184158
3184247
3184333
3184403
3184451
3184477
3184492
3184511
3184531
3184569
3184580
3184604
3184615
3184629
3184630
3184638
3184757
3184764
3184776
3184866
3184886
3184892
3184940
3184946
3184965
3184974
3184994
3185008
3185015
3185053
3185084
3185090
3185105
3185134
3185141
3185180
3185182
3185203
3185217
3185254
3185271
3185338
3186514
3186568
3186631
3186687
3186698
3186746
3186846
3187213
3187222
3187245
3187266
3187270
3187310
3187347
3187413
3187425
3187462
3187485
3187494
3187498
3187594
3187635
3187638
3187640
3187658
3187683
3187688
3187713
3187734
3187743
3187756
3187794
3187823
3188036
3188049
3188095
3189251
3190241
3190256
3190279
3190417
3190506
3190514
3190781
3190800
3190857
3192200
3192370
3192537
3192592
3192611
3192705
3192743
3192754
3192768
3192817
3192818
3192828
3192838
3192895
3192900
3192918
3192962
3192971
3193060
3193087
3193245
3193274
3193344
3193364
3193416
3193461
3193509
3194701
3194734
3194842
3194896
3194931
3194961
3195103
3195114
3195125
3195143
3195288
3195299
3195327
3195329
3195346
3195368
3195369
3195395
3195404
3195457
3195466
3195501
3195507
3195508
3195566
3195584
3195622
3195644
3195647
3195660
3195685
3195704
3195719
3195733
3195826
3195864
3195919
3195974
3195978
3195979
3196001
3196038
3196059
3196061
3196113
3196118
3196125
3196144
3196180
3196227
3196310
3196332
3196375
3197734
3197851
3198009
3198053
3198055
3198059
3198094
3198179
3198185
3198264
3198505
3198540
3198594
3198702
3198754
3198806
3198927
3199033
3199081
3199127
3199130
3199132
3199228
3199243
3199301
3199370
3199720
3199722
3199784
3199786
3199816
3200050
3200338
3200365
3200384
3200492
3200498
3200518
3200526
3200540
3200591
3200634
3200666
3200677
3200687
3200717
3200746
3200790
3200834
3202966
3202976
3203041
3203054
3203091
3203117
3203185
3203267
3203876
3203891
3203918
3203939
3203996
3204063
3204079
3204080
3204094
3204117
3204166
3204198
3204221
3204252
3204304
3204332
3204350
3204352
3204361
3204458
3208322
3208324
3208328
3208461
3208482
3208521
3208602
3208726
3208730
3208917
3209120
3209176
3209228
3210642
3210712
3213309
3213324
3213608
3213653
3213688
3213846
3213896
3213908
3213941
3213967
3214124
3214147
3214301
3214427
3214528
3214532
3214581
3214585
3214591
3214595
3214606
3214612
3214686
3214700
3214894
3214906
3215023
3215048
3215209
3215280
3215284
3215447
3215666
3215729
3215826
3215853
3215868
3215907
3215997
3216020
3216039
3216092
3216128
3216304
3216310
3216531
3218682
3218884
3218914
3218916
3218964
3219013
3219031
3219084
3219103
3219172
3219211
3219282
3219444
3219462
3219515
3219571
3219610
3219750
3219792
3219838
3219842
3219857
3219876
3219893
3220264
3220549
3220553
3220617
3220626
3220783
3220835
3220869
3221024
3221151
3221213
3221217
3221283
3221330
3221427
3221432
3221462
3221607
3221671
3221683
3221822
3223792
3224173
3224316
3224355
3224567
3224572
3224726
3224794
3224933
3224937
3224950
3224964
3224984
3225007
3225116
3225126
3225134
3225165
3225241
3225276
3225319
3225321
3225365
3225369
3225396
3225420
3225437
3225447
3225476
3225551
3225564
3225590
3225619
3225971
3226036
3226144
3226208
3226277
3226395
3226458
3226489
3226561
3226576
3226580
3226703
3226764
3226836
3226838
3227005
3227080
3227089
3227170
3229134
3229238
3229242
3229392
3229393
3229403
3229454
3229534
3229552
3229628
3229645
3229663
3229714
3229722
3229742
3229864
3229920
3229951
3230111
3230127
3230172
3230176
3230207
3230211
3230266
3230308
3230453
3230572
3230642
3230721
3230758
3230777
3231025
3231033
3231078
3231122
3231220
3231238
3231276
3231329
3231676
3231692
3231721
3231746
3231785
3231841
3231871
3231935
3231954
3232082
3232106
3232146
3232201
3232221
3234351
3234422
3234450
3234454
3234482
3234542
3234547
3234558
3234562
3234597
3234601
3234643
3234655
3234663
3234672
3234755
3234798
3234944
3235045
3235085
3235131
3235154
3235341
3235356
3235362
3235408
3235410
3235427
3235439
3235481
3235562
3235608
3235623
3235638
3235651
3235690
3235746
3235825
3235855
3235888
3235999
3236023
3236097
3236136
3236226
3236357
3236457
3236507
3236555
3236642
3236663
3236682
3236773
3236857
3236930
3237156
3237168
3237185
3237293
3237322
3237363
3237417
3239334
3239551
3239715
3239734
3239854
3239904
3239929
3240029
3240043
3240065
3240074
3240105
3240121
3240129
3240301
3240336
3240375
3240418
3240451
3240500
3240525
3240537
3240758
3240926
3240945
3240953
3240974
3241084
3241088
3241094
3241208
3241227
3241231
3241254
3241275
3241387
3241403
3241524
3241544
3241629
3241658
3241691
3241720
3241737
3241988
3242135
3242145
3242220
3242225
3242233
3242435
3242447
3242533
3244403
3244434
3244471
3244477
3244478
3244486
3244489
3244502
3244518
3244552
3244574
3244598
3244599
3244613
3244647
3244695
3244738
3244774
3244786
3244840
3244854
3244918
3244957
3244979
3245001
3245010
3245023
3245056
3245085
3245101
3245107
3245149
3245356
3245362
3245373
3245374
3245385
3245418
3245426
3245446
3245459
3245524
3245530
3245556
3245587
3245600
3245613
3245738
3245744
3245762
3245815
3245846
3245853
3245879
3245906
3245928
3245957
3245973
3246058
3247194
3247242
3247331
3247349
3247365
3247390
3247403
3247449
3247466
3247475
3247493
3247500
3247510
3247513
3247515
3247564
3247619
3247634
3247639
3247641
3247647
3247726
3247735
3247757
3247773
3247779
3247815
3247828
3247830
3247842
3247851
3247864
3247894
3247956
3248123
3248177
3248187
3248275
3248347
3248361
3248369
3248409
3248428
3248443
3248447
3248489
3248605
3248696
3248702
3248761
3249921
3249941
3249956
3249977
3249978
3250002
3250054
3250092
3250107
3250114
3250135
3250154
3250180
3250192
3250200
3250205
3250236
3250259
3250266
3250325
3250328
3250405
3250415
3250443
3250516
3250544
3250557
3250604
3250615
3250633
3250666
3250694
3250735
3250782
3250817
3250831
3250890
3250907
3250939
3250971
3251034
3251086
3251105
3251181
3251189
3251190
3251207
3251240
3251262
3251336
3251372
3251376
3251433
3251461
3251488
3251492
3251493
3251512
3252672
3252701
3252768
3252829
3252905
3252968
3252997
3253036
3253144
3253171
3253222
3253223
3253445
3253520
3253629
3253661
3253680
3253715
3253797
3253829
3253853
3253870
3253941
3253994
3254014
3254032
3254033
3254041
3254050
3254056
3254064
3254082
3254098
3254099
3254101
3254130
3254145
3254166
3254279
3255386
3255424
3255456
3255484
3255495
3255521
3255543
3255608
3255613
3255675
3255678
3255687
3255735
3255759
3255813
3255837
3255846
3255889
3255895
3255911
3255937
3255943
3255970
3255986
3256029
3256071
3256176
3256192
3256252
3256346
3256371
3256410
3256425
3256440
3256448
3256480
3256491
3256519
3256537
3256572
3256606
3256619
3256686
3256713
3256785
3256788
3256796
3256851
3256935
3257007
3257077
3258022
3258080
3258128
3258184
3258253
3258287
3258324
3258348
3258356
3258385
3258457
3258570
3258573
3258575
3258580
3258628
3258643
3258763
3258764
3258791
3258820
3258821
3258828
3259139
3259193
3259204
3259277
3259309
3259350
3259423
3259430
3259440
3259594
3259637
3259657
3259806
3260885
3260890
3260994
3261007
3261035
3261091
3261523
3261532
3261601
3261716
3261809
3261810
3261822
3261827
3261837
3261865
3261872
3261894
3261897
3261906
3261968
3261970
3261989
3262022
3262028
3262046
3262083
3262120
3262185
3262232
3262249
3262258
3262305
3262338
3262343
3262351
3262402
3262403
3262404
3263146
3263673
3263714
3263730
3263830
3263871
3263876
3263899
3263904
3263909
3263912
3263915
3263926
3263937
3263945
3263964
3263972
3263998
3263999
3264002
3264046
3264052
3264067
3264106
3264126
3264172
3264184
3264221
3264231
3264250
3264306
3264323
3264361
3264371
3264378
3264388
3264392
3264411
3264425
3264455
3264470
3264478
3264542
3264562
3264568
3264587
3264623
3264750
3264752
3264937
3264939
3265011
3265023
3265042
3265110
3265124
3265248
3265285
3265293
3265303
3265306
3265524
3265596
3265637
3265660
3265718
3265726
3265970
3268044
3268065
3268113
3268134
3268242
3268252
3268254
3268283
3268389
3268541
3268545
3268616
3268648
3268658
3268668
3269178
3269355
3269399
3269413
3269516
3269570
3269584
3269589
3269663
3269723
3269860
3269936
3269992
3270069
3270271
3270340
3270363
3270432
3270571
3270731
3270784
3271010
3271054
3271079
3273544
3273552
3273620
3273643
3273765
3273797
3273803
3273808
3273866
3274001
3274005
3274079
3274105
3274176
3274213
3274215
3274604
3274657
3274667
3274907
3274915
3274950
3274974
3275081
3275089
3275202
3275207
3275293
3275305
3275371
3275438
3275645
3275685
3275763
3275785
3275923
3276113
3276174
3276242
3276466
3276528
3276534
3278698
3278747
3322663
3322979
3322983
3323027
3323037
3323129
3323407
3323510
3323912
3323990
3324052
3330584
3331587
3331588
3331764
3332424
3334667
3334675
3334854
3335925
3336112
3336623
3340346
3341795
3341850
3341854
3341964
3342008
3342120
3342159
3342223
3342276
3342331
3342428
3342548
3342566
3342627
3342640
3342673
3342829
3342837
3342845
3342881
3342888
3342944
3342962
3343101
3343152
3343200
3343254
3343376
3343408
3343431
3343516
3343531
3343572
3343628
3343642
3343652
3343667
3343722
3343851
3343857
3343867
3343884
3343904
3343919
3343924
3343962
3343975
3343998
3344001
3344002
3344018
3344051
3344070
3344078
3344081
3344102
3344115
3344128
3344188
3344200
3344226
3344317
3344320
3344434
3344466
3344477
3344496
3344500
3344518
3344574
3344621
3344636
3344641
3344670
3344745
3344766
3344796
3344856
3344873
3344980
3345032
3345074
3345089
3345101
3345140
3345195
3345217
3345293
3345364
3345384
3345416
3345554
3345559
3345622
3345635
3345798
3345808
3345842
3345854
3345911
3345923
3345960
3345971
3345989
3346050
3346056
3346065
3346083
3346092
3346098
3346104
3346127
3346141
3346171
3346194
3346229
3346252
3346270
3346281
3346393
3346420
3346427
3346431
3346464
3346473
3346484
3346498
3346552
3346620
3346646
3346708
3346713
3346750
3346758
3346777
3346818
3346938
3346942
3346987
3346997
3347001
3347024
3347092
3347188
3347213
3347249
3347314
3347324
3347350
3347405
3347437
3347524
3347536
3347581
3347587
3347598
3347735
3347799
3347826
3347853
3347857
3347886
3347891
3347907
3347994
3347999
3348031
3348087
3348098
3348107
3348154
3348173
3348180
3348188
3348197
3348228
3348262
3348284
3348562
3349000
3349012
3351801
3351906
3351907
3351910
3351940
3351944
3352016
3352075
3352092
3352110
3352113
3352121
3352135
3352139
3352141
3352147
3352192
3352261
3352275
3352286
3352353
3352397
3352424
3352437
3352495
3352546
3352565
3352571
3352581
3352597
3352610
3352637
3352663
3352682
3352684
3352723
3352752
3352758
3352785
3352805
3352860
3352877
3352906
3352936
3352970
3352973
3352980
3353081
3353086
3353094
3353110
3353124
3353132
3353152
3353171
3353277
3353285
3353293
3353306
3353347
3353367
3353428
3353429
3353461
3353503
3353522
3353584
3353600
3353633
3353634
3353666
3353725
3353732
3353782
3353815
3353819
3353826
3353875
3353881
3353886
3353929
3353935
3353937
3353941
3354013
3354017
3354019
3354047
3354056
3354083
3354099
3354101
3354146
3354147
3354154
3354162
3354168
3354187
3354193
3354216
3354277
3354341
3354374
3354398
3354412
3354475
3354488
3354492
3354564
3354658
3354682
3354687
3354704
3354735
3354750
3354773
3354802
3354807
3354850
3354851
3354906
3354917
3354927
3354928
3354944
3354961
3355050
3355195
3355255
3355267
3355299
3355328
3356436
3356560
3356753
3357030
3357084
3357110
3357500
3357583
3357591
3357709
3358194
3358246
3358566
3358573
3358597
3358625
3358643
3358684
3358718
3358730
3358739
3358801
3358824
3358855
3358881
3358893
3358910
3358920
3358949
3358976
3359029
3359044
3359066
3359067
3359114
3359215
3359224
3359259
3359283
3359298
3359340
3359398
3359416
3359433
3359449
3359458
3359501
3359582
3359585
3359661
3359669
3359672
3359682
3359730
3359737
3359772
3359820
3359849
3359851
3359896
3359957
3359988
3360021
3360075
3360125
3360154
3360158
3360197
3360350
3360418
3360421
3360428
3360568
3360591
3360775
3360787
3360815
3360846
3360955
3360985
3361069
3361081
3361140
3361403
3361408
3361492
3361611
3361645
3361672
3361688
3361701
3361850
3361865
3361911
3362093
3362178
3362183
3362203
3362218
3362224
3362262
3362284
3362287
3362303
3362320
3362383
3362473
3362509
3362545
3362729
3362793
3362818
3362980
3362986
3363028
3363080
3363093
3363119
3363134
3363140
3363204
3363332
3363347
3363424
3363439
3363541
3363568
3363595
3363648
3363663
3363715
3363732
3363743
3363746
3363770
3363782
3363854
3363902
3363971
3364031
3364069
3364103
3364121
3364130
3364149
3364157
3364180
3364181
3364199
3364247
3364292
3364329
3364338
3364341
3364352
3364441
3364505
3364523
3364539
3364595
3364611
3364651
3364657
3364659
3364678
3364688
3364711
3364823
3364904
3365158
3365160
3365164
3365238
3365262
3365277
3365283
3365328
3365404
3365464
3365521
3365691
3365726
3365731
3365749
3365780
3365820
3365851
3365879
3365886
3365930
3365933
3365934
3365948
3365988
3366022
3366050
3366095
3366109
3366140
3366158
3366230
3366243
3366321
3366327
3366356
3366366
3366456
3366507
3366539
3366609
3366695
3366700
3366710
3366735
3366750
3366786
3366802
3366829
3366878
3366896
3366908
3366944
3366967
3366987
3367010
3367015
3367029
3367081
3367095
3367192
3367252
3367266
3367304
3367328
3367354
3367365
3367452
3367453
3367488
3367493
3367498
3367654
3367670
3367676
3367677
3367787
3367788
3367812
3367821
3367827
3367857
3367867
3367884
3367970
3367990
3368008
3368139
3368257
3368359
3368364
3368394
3368428
3368438
3368489
3368524
3368553
3368638
3368698
3368856
3373609
3373663
3373714
3373718
3373769
3373780
3373862
3373870
3373998
3374093
3374114
3374130
3374182
3374194
3374381
3374446
3374469
3374577
3374619
3374709
3374729
3374789
3374867
3374875
3374912
3374920
3375062
3375077
3375123
3375156
3375175
3375187
3375195
3375230
3375233
3375238
3375241
3375243
3375328
3375351
3375470
3375497
3375506
3375533
3375549
3375555
3375575
3375580
3375636
3375687
3375745
3375943
3375951
3375952
3375980
3376080
3376136
3376152
3376204
3376281
3376289
3376296
3376300
3376304
3376369
3376384
3376408
3376420
3376446
3376482
3376551
3376561
3376566
3376572
3376735
3376757
3376788
3376801
3376806
3376835
3376837
3376977
3376984
3377037
3377155
3377359
3377460
3377464
3377602
3377641
3377648
3377656
3377694
3377707
3377715
3377753
3377754
3377832
3377894
3377903
3377923
3377974
3377979
3378020
3378080
3378095
3378099
3378107
3378120
3378127
3378172
3378182
3378189
3378225
3378256
3378280
3378313
3378336
3378467
3378472
3378501
3378536
3378570
3378620
3378638
3378653
3378736
3378753
3378822
3378848
3378906
3379082
3379136
3379155
3379216
3379217
3379229
3379261
3379264
3379265
3379312
3379313
3379342
3379348
3379382
3379390
3379406
3379421
3379481
3379641
3379651
3379662
3379674
3379692
3379703
3379715
3379856
3379880
3379928
3380054
3380205
3380374
3380457
3380541
3380596
3380641
3380655
3380667
3380716
3381007
3381065
3381095
3381115
3381355
3381359
3381414
3381430
3381435
3381473
3381557
3381577
3381689
3381950
3381964
3382025
3382082
3382392
3382452
3382506
3382570
3382701
3383009
3383028
3383200
3383224
3383312
3383742
3383750
3383898
3383950
3383984
3384048
3384150
3384156
3384242
3384325
3384334
3384353
3384381
3384576
3384846
3384878
3384899
3384914
3384919
3384976
3384986
3384999
3385006
3385030
3385043
3385106
3385174
3385255
3385275
3385319
3385379
3385412
3385514
3385561
3385569
3385590
3385708
3385719
3385733
3385764
3385806
3385810
3385923
3385937
3385949
3385950
3385980
3385997
3386034
3386095
3386117
3386140
3386156
3386204
3386210
3386220
3386246
3386264
3386277
3386291
3386385
3386387
3386416
3386423
3386462
3386542
3386565
3386603
3386657
3386736
3386749
3386838
3386920
3386933
3387032
3387034
3387070
3387077
3387086
3387098
3387113
3387118
3387212
3387230
3387427
3387553
3387576
3387597
3387683
3387689
3387759
3387765
3387778
3387809
3387833
3387847
3387883
3387893
3387903
3387954
3387968
3388040
3388050
3388113
3388173
3388218
3388264
3388269
3388317
3388359
3388382
3388385
3388390
3388468
3388470
3388478
3388510
3388518
3388557
3388567
3388589
3388620
3388687
3388722
3388723
3388832
3388922
3388944
3388946
3388955
3389008
3389060
3389091
3389124
3389199
3389232
3389235
3389266
3389307
3389316
3389384
3389464
3389465
3389481
3389507
3389552
3389556
3389601
3389607
3389615
3389624
3389656
3389702
3389749
3389875
3389919
3390030
3390034
3390160
3390216
3390268
3390315
3390317
3390382
3390398
3391008
3391053
3395284
3395348
3395382
3395387
3395392
3395509
3395512
3395530
3395533
3395544
3395698
3395728
3395762
3395790
3395838
3395840
3395862
3395871
3395957
3395990
3396040
3396082
3396131
3396136
3396167
3396170
3396174
3396198
3396260
3396315
3396352
3396389
3396419
3396441
3396459
3396484
3396555
3396556
3396559
3396563
3396571
3396611
3396672
3396680
3396689
3396695
3396700
3396705
3396738
3396770
3396785
3396798
3396800
3396815
3396860
3396895
3396996
3397075
3397082
3397095
3397098
3397102
3397108
3397112
3397198
3397261
3397268
3397279
3397286
3397302
3397303
3397318
3397474
3397505
3397529
3397595
3397611
3397631
3397664
3397670
3397698
3397724
3397741
3397744
3397785
3397872
3397947
3397976
3398020
3398107
3398142
3398330
3398356
3398359
3398366
3398417
3398529
3398874
3398925
3399031
3399056
3399150
3399235
3399250
3399260
3399477
3399497
3399536
3399537
3399556
3399685
3399749
3399784
3399814
3399829
3399884
3400003
3400134
3400164
3400188
3400221
3400258
3400284
3400293
3400304
3400387
3400496
3400533
3400555
3400558
3400586
3400601
3400648
3400738
3400790
3400855
3400955
3401002
3401019
3401051
3401146
3401150
3401154
3401192
3401218
3401304
3401310
3401314
3401358
3401417
3401499
3401627
3401693
3401708
3401802
3401837
3401868
3401981
3402053
