0.000000 1.000000 1.000000 1.000000
0.025000 0.708029 0.735363 0.735363
0.050000 0.622366 0.671291 0.671291
0.075000 0.569307 0.645007 0.645007
0.100000 0.546230 0.615159 0.615159
0.125000 0.515869 0.576824 0.576824
0.150000 0.481187 0.558945 0.558945
0.175000 0.460535 0.525173 0.525173
0.200000 0.429331 0.489494 0.489494
0.225000 0.396873 0.458745 0.458745
0.250000 0.369059 0.428338 0.428338
0.275000 0.345675 0.390892 0.390892
0.300000 0.314430 0.338629 0.338629
0.325000 0.265439 0.278076 0.278076
0.350000 0.223452 0.216581 0.216581
0.375000 0.169195 0.127895 0.127895
0.400000 0.114674 0.050470 0.050470
0.425000 0.049636 0.031224 0.031224
0.450000 0.020876 0.000000 0.000000
0.475000 0.000000 0.000000 0.000000
0.500000 0.000000 0.000000 0.000000
0.525000 0.000000 0.000000 0.000000
0.550000 0.000000 0.000000 0.000000
0.575000 0.000000 0.000000 0.000000
0.600000 0.000000 0.000000 0.000000
0.625000 0.000000 0.000000 0.000000
0.650000 0.000000 0.000000 0.000000
0.675000 0.000000 0.000000 0.000000
0.700000 0.000000 0.000000 0.000000
0.725000 0.000000 0.000000 0.000000
0.750000 0.000000 0.000000 0.000000
0.775000 0.000000 0.000000 0.000000
0.800000 0.000000 0.000000 0.000000
0.825000 0.000000 0.000000 0.000000
0.850000 0.000000 0.000000 0.000000
0.875000 0.000000 0.000000 0.000000
0.900000 0.000000 0.000000 0.000000
0.925000 0.000000 0.000000 0.000000
0.950000 0.000000 0.000000 0.000000
0.975000 0.000000 0.000000 0.000000
1.000000 0.000000 0.000000 0.000000
