0.000000 1.000000 1.000000 1.000000
0.025000 0.621795 0.672996 0.672996
0.050000 0.584084 0.655031 0.655031
0.075000 0.567673 0.638723 0.638723
0.100000 0.533654 0.601507 0.601507
0.125000 0.503366 0.580786 0.580786
0.150000 0.479638 0.555717 0.555717
0.175000 0.447810 0.519888 0.519888
0.200000 0.414777 0.489647 0.489647
0.225000 0.387805 0.463387 0.463387
0.250000 0.356828 0.434345 0.434345
0.275000 0.330448 0.397712 0.397712
0.300000 0.298553 0.351565 0.351565
0.325000 0.255433 0.299834 0.299834
0.350000 0.216986 0.239959 0.239959
0.375000 0.172119 0.153737 0.153737
0.400000 0.110609 0.062243 0.062243
0.425000 0.048139 0.032692 0.032692
0.450000 0.021579 0.000000 0.000000
0.475000 0.000000 0.000000 0.000000
0.500000 0.000000 0.000000 0.000000
0.525000 0.000000 0.000000 0.000000
0.550000 0.000000 0.000000 0.000000
0.575000 0.000000 0.000000 0.000000
0.600000 0.000000 0.000000 0.000000
0.625000 0.000000 0.000000 0.000000
0.650000 0.000000 0.000000 0.000000
0.675000 0.000000 0.000000 0.000000
0.700000 0.000000 0.000000 0.000000
0.725000 0.000000 0.000000 0.000000
0.750000 0.000000 0.000000 0.000000
0.775000 0.000000 0.000000 0.000000
0.800000 0.000000 0.000000 0.000000
0.825000 0.000000 0.000000 0.000000
0.850000 0.000000 0.000000 0.000000
0.875000 0.000000 0.000000 0.000000
0.900000 0.000000 0.000000 0.000000
0.925000 0.000000 0.000000 0.000000
0.950000 0.000000 0.000000 0.000000
0.975000 0.000000 0.000000 0.000000
1.000000 0.000000 0.000000 0.000000
