0.000000 1.000000 1.000000 1.000000
0.025000 0.681495 0.720406 0.720406
0.050000 0.617552 0.684466 0.684466
0.075000 0.576518 0.652740 0.652740
0.100000 0.544808 0.617611 0.617611
0.125000 0.512718 0.582416 0.582416
0.150000 0.477358 0.561983 0.561983
0.175000 0.454638 0.532478 0.532478
0.200000 0.422388 0.494690 0.494690
0.225000 0.392061 0.461874 0.461874
0.250000 0.354931 0.427599 0.427599
0.275000 0.321846 0.385605 0.385605
0.300000 0.288939 0.336381 0.336381
0.325000 0.249261 0.281724 0.281724
0.350000 0.209096 0.217237 0.217237
0.375000 0.157954 0.130266 0.130266
0.400000 0.094577 0.052035 0.052035
0.425000 0.038012 0.032210 0.032210
0.450000 0.021017 0.000000 0.000000
0.475000 0.000000 0.000000 0.000000
0.500000 0.000000 0.000000 0.000000
0.525000 0.000000 0.000000 0.000000
0.550000 0.000000 0.000000 0.000000
0.575000 0.000000 0.000000 0.000000
0.600000 0.000000 0.000000 0.000000
0.625000 0.000000 0.000000 0.000000
0.650000 0.000000 0.000000 0.000000
0.675000 0.000000 0.000000 0.000000
0.700000 0.000000 0.000000 0.000000
0.725000 0.000000 0.000000 0.000000
0.750000 0.000000 0.000000 0.000000
0.775000 0.000000 0.000000 0.000000
0.800000 0.000000 0.000000 0.000000
0.825000 0.000000 0.000000 0.000000
0.850000 0.000000 0.000000 0.000000
0.875000 0.000000 0.000000 0.000000
0.900000 0.000000 0.000000 0.000000
0.925000 0.000000 0.000000 0.000000
0.950000 0.000000 0.000000 0.000000
0.975000 0.000000 0.000000 0.000000
1.000000 0.000000 0.000000 0.000000
