0.000000 1.000000 1.000000 1.000000
0.025000 0.618123 0.657620 0.657620
0.050000 0.594720 0.653209 0.653209
0.075000 0.530556 0.607441 0.607441
0.100000 0.507631 0.600762 0.600762
0.125000 0.491012 0.567266 0.567266
0.150000 0.451397 0.540571 0.540571
0.175000 0.428023 0.515413 0.515413
0.200000 0.395704 0.484726 0.484726
0.225000 0.371330 0.456270 0.456270
0.250000 0.345257 0.421130 0.421130
0.275000 0.315710 0.385787 0.385787
0.300000 0.289886 0.339982 0.339982
0.325000 0.252566 0.283158 0.283158
0.350000 0.210444 0.214414 0.214414
0.375000 0.157779 0.127377 0.127377
0.400000 0.095283 0.043022 0.043022
0.425000 0.030472 0.032631 0.032631
0.450000 0.021433 0.000000 0.000000
0.475000 0.000000 0.000000 0.000000
0.500000 0.000000 0.000000 0.000000
0.525000 0.000000 0.000000 0.000000
0.550000 0.000000 0.000000 0.000000
0.575000 0.000000 0.000000 0.000000
0.600000 0.000000 0.000000 0.000000
0.625000 0.000000 0.000000 0.000000
0.650000 0.000000 0.000000 0.000000
0.675000 0.000000 0.000000 0.000000
0.700000 0.000000 0.000000 0.000000
0.725000 0.000000 0.000000 0.000000
0.750000 0.000000 0.000000 0.000000
0.775000 0.000000 0.000000 0.000000
0.800000 0.000000 0.000000 0.000000
0.825000 0.000000 0.000000 0.000000
0.850000 0.000000 0.000000 0.000000
0.875000 0.000000 0.000000 0.000000
0.900000 0.000000 0.000000 0.000000
0.925000 0.000000 0.000000 0.000000
0.950000 0.000000 0.000000 0.000000
0.975000 0.000000 0.000000 0.000000
1.000000 0.000000 0.000000 0.000000
