0.000000 1.000000 1.000000 1.000000
0.025000 0.685252 0.715922 0.715922
0.050000 0.633639 0.679153 0.679153
0.075000 0.584741 0.646998 0.646998
0.100000 0.549458 0.623752 0.623752
0.125000 0.516558 0.592529 0.592529
0.150000 0.482460 0.563655 0.563655
0.175000 0.455930 0.531599 0.531599
0.200000 0.421957 0.494657 0.494657
0.225000 0.387224 0.465178 0.465178
0.250000 0.355940 0.426582 0.426582
0.275000 0.324546 0.389528 0.389528
0.300000 0.293603 0.342530 0.342530
0.325000 0.254816 0.290153 0.290153
0.350000 0.211731 0.214043 0.214043
0.375000 0.153701 0.127631 0.127631
0.400000 0.090258 0.049509 0.049509
0.425000 0.032914 0.031723 0.031723
0.450000 0.020767 0.000000 0.000000
0.475000 0.000000 0.000000 0.000000
0.500000 0.000000 0.000000 0.000000
0.525000 0.000000 0.000000 0.000000
0.550000 0.000000 0.000000 0.000000
0.575000 0.000000 0.000000 0.000000
0.600000 0.000000 0.000000 0.000000
0.625000 0.000000 0.000000 0.000000
0.650000 0.000000 0.000000 0.000000
0.675000 0.000000 0.000000 0.000000
0.700000 0.000000 0.000000 0.000000
0.725000 0.000000 0.000000 0.000000
0.750000 0.000000 0.000000 0.000000
0.775000 0.000000 0.000000 0.000000
0.800000 0.000000 0.000000 0.000000
0.825000 0.000000 0.000000 0.000000
0.850000 0.000000 0.000000 0.000000
0.875000 0.000000 0.000000 0.000000
0.900000 0.000000 0.000000 0.000000
0.925000 0.000000 0.000000 0.000000
0.950000 0.000000 0.000000 0.000000
0.975000 0.000000 0.000000 0.000000
1.000000 0.000000 0.000000 0.000000
