2979239
3035872
3035891
3037619
3038309
3038983
3039155
3040394
3040534
3040541
3040600
3041194
3041297
3041513
3041737
3043415
3044014
3046104
3046473
3046942
3046992
3049569
3051635
3051790
3052222
3052313
3054614
3055787
3056096
3056746
3057338
3057382
3057419
3058860
3058976
3059158
3059588
3059844
3060338
3062488
3064363
3064466
3066806
3066830
3066860
3067118
3067499
3068306
3072457
3072786
3072977
3073060
3073072
3073077
3073103
3073374
3073573
3073929
3075379
3075450
3075794
3075945
3076073
3076388
3077915
3078329
3078689
3079062
3080658
3081008
3081015
3081062
3081546
3081771
3081803
3081857
3081986
3083201
3083450
3084088
3084395
3084416
3086443
3087055
3088722
3089089
3089957
3091761
3091858
3091925
3092073
3094747
3096695
3096887
3098157
3099669
3099869
3099924
3099933
3100016
3100862
3102105
3102114
3102400
3102858
3104795
3105478
3106064
3107267
3107304
3107416
3107455
3107842
3107846
3108688
3108689
3113253
3113304
3113368
3114030
3114061
3114453
3114492
3115846
3117067
3117404
3117744
3118032
3118340
3120415
3120703
3120936
3121099
3121194
3122907
3123703
3123745
3123901
3123916
3125073
3125121
3125339
3125924
3126062
3126259
3126584
3126645
3128239
3128411
3128647
3129088
3129113
3131556
3131778
3131857
3132110
3133361
3133554
3134254
3134291
3134539
3134771
3136434
3137091
3137120
3137172
3139025
3139028
3142130
3142371
3142407
3142481
3142522
3142850
3143218
3144327
3145003
3148951
3149277
3149829
3152724
3153629
3155179
3156356
3156681
3156801
3156812
3156892
3157228
3157317
3157501
3157524
3157599
3157678
3157770
3157798
3157882
3157890
3159550
3159726
3159740
3159944
3160016
3160291
3160370
3160533
3161947
3162357
3162417
3162638
3162849
3162892
3163422
3164752
3165278
3165555
3165806
3167383
3167970
3168020
3168541
3168829
3168951
3170253
3170397
3170569
3170645
3170658
3171418
3171483
3173615
3174305
3174390
3175630
3176199
3176263
3178450
3178489
3179115
3179421
3179479
3181371
3181569
3181626
3181704
3182401
3182552
3184272
3184317
3184390
3184491
3184614
3184723
3185233
3187196
3187301
3187302
3192777
3192917
3194855
3195153
3195415
3195450
3195935
3196001
3196302
3197997
3198123
3198127
3200166
3200229
3203110
3203141
3203242
3203354
3204411
3208337
3214379
3220526
3220684
3220942
3221333
3221387
3224098
3225315
3225749
3225860
3226337
3226712
3226959
3229556
3229680
3230638
3230687
3230717
3231224
3231585
3231598
3231736
3234338
3234406
3235393
3235876
3236074
3236161
3236357
3236632
3236966
3239482
3239732
3240070
3240305
3240559
3241540
3244438
3244467
3244574
3244752
3244793
3244892
3244960
3245086
3245229
3245635
3245758
3245796
3247499
3247741
3247809
3247820
3248536
3248597
3249914
3250089
3250582
3250855
3251181
3251262
3253114
3254159
3254178
3255402
3255578
3255620
3255989
3256032
3256107
3256431
3256910
3258096
3258128
3258439
3258458
3259656
3261958
3262026
3262179
3262247
3262267
3262402
3263893
3263913
3264286
3265252
3265435
3265700
3265906
3269345
3269841
3270001
3270007
3271094
3274435
3274586
3275499
3276027
3276509
3322555
3324052
3331426
3335918
3336330
3341689
3342000
3342424
3342603
3342805
3342891
3342950
3342966
3343237
3343398
3343523
3343708
3343734
3343835
3343892
3344047
3344474
3344506
3344611
3344706
3344750
3344807
3345142
3345308
3345658
3345715
3345759
3346117
3346150
3346322
3347145
3347235
3347337
3347775
3347994
3348168
3351899
3352367
3352406
3352767
3352939
3353654
3353723
3353841
3353905
3354160
3354232
3354293
3354850
3354858
3357752
3358128
3358453
3359139
3360740
3362186
3362248
3362563
3363700
3363986
3364184
3364332
3364508
3365450
3365857
3367081
3368121
3368124
3373731
3373913
3374163
3374489
3374862
3375281
3376677
3376747
3376797
3377811
3378076
3378151
3379253
3379532
3379715
3380865
3381284
3381683
3381938
3383434
3383889
3385089
3386764
3386919
3388046
3388377
3388759
3389098
3389256
3389766
3391332
3395382
3395412
3395532
3395903
3396171
3396609
3396629
3396717
3397214
3397281
3398618
3399067
3399237
3399722
3400980
3401340
3401628
3401693
3401996
