2979156
2979158
2979255
2979266
2979308
2979592
2979648
2979677
2979685
2979704
2979709
2979741
2979745
2979774
2979778
2979785
2979790
2979806
2979831
2979852
3034992
3035006
3035014
3035031
3035105
3035132
3035135
3035142
3035186
3035205
3035260
3035285
3035303
3035700
3035715
3035716
3035743
3035770
3035782
3035821
3035832
3035834
3035907
3035908
3035940
3035961
3035980
3035985
3036051
3036059
3036066
3036095
3036126
3036132
3036143
3036176
3036198
3036205
3036206
3036224
3036272
3036339
3036419
3036431
3036433
3036521
3037869
3037883
3037890
3037905
3037926
3038129
3038157
3038164
3038229
3038241
3038268
3038289
3038337
3038367
3038406
3038437
3038476
3038484
3038581
3038585
3038612
3038617
3038636
3038672
3038707
3038742
3038745
3038769
3038789
3038803
3038810
3038815
3038817
3038826
3038890
3038898
3038903
3038925
3039082
3039120
3039157
3039183
3039190
3040321
3040457
3040471
3040508
3040611
3040729
3040737
3040746
3040752
3040796
3040801
3040816
3040905
3040925
3040936
3041003
3041041
3041042
3041046
3041089
3041097
3041104
3041119
3041133
3041137
3041157
3041166
3041174
3041186
3041230
3041244
3041262
3041291
3041327
3041378
3041439
3041443
3041469
3041497
3041542
3041592
3041606
3041684
3041704
3041750
3041767
3041801
3041816
3041837
3041839
3043086
3043100
3043152
3043214
3043216
3043220
3043272
3043280
3043282
3043320
3043334
3043353
3043397
3043416
3043455
3043464
3043492
3043496
3043504
3043550
3043556
3043559
3043581
3043686
3043750
3043808
3043828
3043861
3043862
3043891
3043919
3043934
3043954
3043962
3043967
3043970
3043990
3044004
3044099
3044117
3044150
3044153
3044182
3044188
3044359
3044493
3044593
3044596
3044606
3044612
3044645
3044854
3045682
3045742
3045795
3045821
3045841
3045850
3045853
3045856
3045940
3045970
3045977
3045979
3045983
3046012
3046014
3046056
3046117
3046139
3046145
3046251
3046256
3046278
3046297
3046308
3046368
3046379
3046398
3046402
3046466
3046478
3046611
3046635
3046647
3046732
3046749
3046891
3046924
3046941
3046946
3047003
3047004
3047005
3047164
3047255
3047257
3047286
3047304
3047336
3047372
3047404
3048496
3048611
3048632
3048646
3048662
3048689
3048715
3048724
3048858
3048871
3048897
3048952
3048960
3049023
3049065
3049098
3049159
3049211
3049230
3049239
3049251
3049267
3049290
3049390
3049426
3049462
3049485
3049510
3049529
3049543
3049562
3049579
3049634
3049635
3049657
3049703
3049706
3049715
3049721
3049744
3049755
3049882
3049895
3049897
3049973
3051166
3051221
3051237
3051240
3051242
3051268
3051286
3051318
3051327
3051404
3051406
3051419
3051453
3051484
3051491
3051509
3051528
3051544
3051573
3051609
3051694
3051699
3051708
3051750
3051765
3051786
3051867
3051872
3051931
3051935
3051967
3051974
3051976
3052017
3052027
3052087
3052127
3052154
3052230
3052281
3052288
3052358
3052388
3052419
3052443
3052445
3052484
3052488
3052489
3052508
3052514
3052532
3052563
3052592
3052605
3052608
3052613
3052617
3052661
3052679
3052823
3052850
3052896
3052954
3053038
3053060
3053065
3053070
3053094
3053097
3053100
3053107
3053214
3053252
3053256
3053270
3053274
3053281
3053296
3053358
3054451
3054526
3054534
3054579
3054661
3054665
3054697
3054746
3054769
3054806
3054895
3054896
3055028
3055162
3055288
3055353
3055414
3055519
3055572
3055618
3055662
3055822
3055959
3056002
3056017
3056041
3056047
3056048
3056094
3056601
3056619
3056646
3056691
3056706
3056707
3056714
3056760
3056874
3056939
3056957
3057045
3057050
3057110
3057150
3057160
3057243
3057264
3057285
3057323
3057347
3057367
3057384
3057393
3057398
3057480
3057495
3057597
3057617
3057618
3057620
3057650
3058730
3058745
3058832
3058892
3059089
3059190
3059212
3059218
3059299
3059324
3059345
3059461
3059477
3059503
3059552
3059565
3059576
3059645
3059676
3059726
3059732
3059747
3059752
3059793
3059805
3059836
3059998
3060002
3060028
3060051
3060069
3060088
3060099
3060171
3060172
3060202
3060215
3060216
3060225
3060233
3060297
3060354
3060369
3061427
3061448
3061449
3061492
3061493
3061552
3061638
3061682
3061712
3061727
3061750
3061756
3061787
3061809
3061885
3061890
3062081
3062083
3062107
3062115
3062138
3062157
3062165
3062168
3062195
3062197
3062202
3062219
3062252
3062253
3062269
3062285
3062310
3062349
3062351
3062356
3062372
3062378
3062381
3062394
3062405
3062432
3062437
3062442
3062460
3062489
3062490
3062556
3062559
3062560
3062565
3062580
3062613
3062640
3062655
3062663
3062701
3062744
3062765
3062780
3062823
3062838
3062888
3062970
3063000
3063032
3063066
3063085
3064191
3064218
3064241
3064251
3064318
3064397
3064519
3064526
3064535
3064537
3064600
3064622
3064675
3064773
3064777
3064789
3064806
3064815
3064818
3064858
3064863
3064900
3064902
3064913
3064937
3064948
3064953
3064956
3064972
3064996
3064998
3065002
3065029
3065053
3065070
3065081
3065093
3065097
3065316
3065379
3065424
3065439
3065491
3065494
3065505
3065510
3065525
3065529
3065550
3065599
3065603
3065789
3066803
3066806
3066862
3066897
3066917
3066922
3066988
3066994
3067005
3067033
3067044
3067099
3067149
3067152
3067167
3067206
3067247
3067268
3067340
3067354
3067413
3067432
3067437
3067463
3067484
3067497
3067520
3067542
3067575
3067722
3067748
3067820
3067853
3067921
3067938
3067955
3068027
3068030
3068047
3068049
3068060
3068073
3068120
3068122
3068123
3068166
3068173
3068175
3068232
3068237
3068245
3068247
3068255
3068285
3068318
3068321
3068333
3068341
3068406
3068436
3068442
3068459
3068505
3069525
3069612
3069632
3069787
3069854
3069877
3069883
3069903
3069907
3069915
3069946
3069949
3070053
3070236
3070271
3070313
3070319
3070321
3070413
3070430
3070444
3070540
3070553
3070573
3070753
3070757
3070774
3070807
3070850
3070855
3071210
3071260
3071273
3072443
3072522
3072536
3072537
3072542
3072551
3072641
3072658
3072685
3072694
3072695
3072722
3072764
3072800
3072843
3072852
3072939
3072976
3073008
3073038
3073058
3073059
3073060
3073084
3073096
3073131
3073154
3073158
3073164
3073266
3073278
3073302
3073320
3073336
3073349
3073359
3073385
3073428
3073441
3073472
3073478
3073493
3073544
3073566
3073594
3073601
3073704
3073824
3073907
3073917
3073918
3073941
3073950
3074940
3074951
3074968
3074996
3075006
3075067
3075070
3075077
3075112
3075115
3075136
3075158
3075170
3075237
3075257
3075286
3075287
3075307
3075310
3075361
3075363
3075390
3075462
3075468
3075510
3075557
3075585
3075602
3075612
3075618
3075639
3075813
3075834
3075885
3075891
3075900
3075920
3075955
3075970
3076019
3076042
3076057
3076059
3076114
3076129
3076266
3076311
3076339
3076394
3076406
3076460
3076462
3076479
3076489
3076492
3076496
3076510
3077752
3077785
3077786
3077802
3077831
3077833
3077862
3078124
3078137
3078147
3078193
3078202
3078224
3078228
3078230
3078307
3078347
3078393
3078397
3078517
3078549
3078560
3078599
3078609
3078718
3078746
3078747
3078760
3078776
3078824
3078867
3078937
3078950
3078955
3078965
3078995
3079047
3079055
3079077
3079146
3079164
3079179
3079202
3079314
3079374
3080430
3080436
3080484
3080506
3080577
3080613
3080621
3080628
3080652
3080664
3080703
3080742
3080762
3080807
3080835
3080874
3080906
3080931
3080990
3081106
3081109
3081163
3081165
3081299
3081328
3081331
3081335
3081360
3081443
3081506
3081523
3081547
3081550
3081564
3081578
3081579
3081622
3081629
3081652
3081664
3081686
3081712
3081730
3081773
3081820
3081826
3081840
3081864
3081886
3081918
3082080
3082084
3082094
3082102
3083171
3083191
3083192
3083202
3083205
3083215
3083318
3083325
3083332
3083338
3083366
3083372
3083405
3083465
3083518
3083521
3083524
3083625
3083666
3083682
3083688
3083724
3083760
3083815
3083893
3083908
3083920
3083952
3084104
3084117
3084131
3084134
3084138
3084165
3084245
3084267
3084293
3084436
3084545
3084593
3084687
3084699
3084778
3085751
3085803
3085901
3085903
3085955
3085982
3085984
3085985
3086013
3086014
3086052
3086053
3086082
3086110
3086168
3086178
3086180
3086263
3086275
3086280
3086296
3086398
3086418
3086425
3086463
3086517
3086527
3086537
3086547
3086587
3086606
3086648
3086801
3086810
3086817
3086827
3086909
3086924
3086938
3086973
3086997
3087014
3087032
3087038
3087050
3087062
3087080
3087096
3087164
3087241
3087263
3087264
3087325
3087426
3088537
3088575
3088626
3088667
3088672
3088710
3088730
3088735
3088739
3088785
3088812
3088881
3088884
3088891
3088911
3088931
3088980
3089017
3089043
3089102
3089136
3089175
3089189
3089190
3089287
3089309
3089330
3089343
3089379
3089446
3089465
3089487
3089512
3089517
3089668
3089689
3089692
3089693
3089695
3089736
3089740
3089819
3089821
3089904
3089984
3090006
3090028
3090035
3090066
3090082
3090116
3090143
3090156
3090197
3091263
3091318
3091358
3091372
3091395
3091440
3091505
3091545
3091599
3091601
3091656
3091689
3091740
3091750
3091788
3091793
3091840
3091876
3091935
3091956
3092033
3092044
3092079
3092083
3092088
3092090
3092101
3092137
3092151
3092163
3092204
3092218
3092229
3092250
3092331
3092333
3092351
3092374
3092380
3092388
3092394
3092408
3092414
3092418
3092477
3092500
3092514
3092522
3092530
3092540
3092583
3092635
3092673
3092674
3092685
3092686
3092740
3092741
3092742
3092751
3092753
3092858
3092863
3092943
3093920
3093923
3093944
3094124
3094206
3094239
3094276
3094349
3094362
3094367
3094428
3094433
3094436
3094448
3094462
3094466
3094474
3094524
3094548
3094549
3094560
3094580
3094591
3094597
3094639
3094643
3094667
3094687
3094698
3094771
3094782
3094801
3094860
3094891
3094914
3094919
3094955
3095043
3095060
3095080
3095092
3095107
3095116
3095142
3095160
3095217
3095234
3095257
3095264
3095291
3095349
3095368
3095394
3095412
3095437
3095442
3095449
3095460
3095471
3095474
3096657
3096697
3096812
3096826
3096830
3096882
3096923
3096925
3097015
3097024
3097052
3097083
3097094
3097119
3097131
3097158
3097169
3097183
3097209
3097220
3097256
3097269
3097272
3097334
3097335
3097372
3097424
3097433
3097481
3097490
3097515
3097549
3097600
3097608
3097616
3097618
3097646
3097673
3097685
3097728
3097856
3097857
3097868
3097876
3097882
3097898
3097900
3097946
3097950
3097958
3097970
3097972
3097987
3097990
3098005
3098017
3098027
3098032
3098042
3098052
3098053
3098059
3098083
3098089
3098116
3098165
3098187
3098221
3098252
3098253
3098288
3098405
3098439
3098918
3099318
3099336
3099382
3099392
3099396
3099406
3099421
3099425
3099455
3099473
3099542
3099566
3099572
3099573
3099591
3099593
3099803
3099838
3099845
3099913
3099925
3099936
3099944
3099945
3099962
3100053
3100066
3100081
3100130
3100133
3100137
3100145
3100151
3100190
3100220
3100231
3100250
3100261
3100263
3100295
3100315
3100330
3100331
3100367
3100369
3100458
3100485
3100499
3100504
3100524
3100542
3100604
3100607
3100610
3100611
3100622
3100682
3100688
3100727
3100729
3100746
3100758
3100762
3100787
3100822
3100823
3100837
3100841
3100856
3100861
3100865
3100912
3101026
3101065
3102085
3102117
3102159
3102168
3102178
3102205
3102273
3102319
3102321
3102329
3102341
3102377
3102426
3102454
3102461
3102469
3102485
3102511
3102535
3102537
3102549
3102569
3102583
3102594
3102637
3102640
3102702
3102795
3102802
3102810
3102843
3102848
3102866
3102879
3102891
3102951
3102967
3102977
3103001
3103150
3103151
3103170
3103176
3103245
3103272
3103281
3103288
3103303
3103331
3103346
3103369
3103372
3103374
3103388
3103423
3103425
3103431
3103444
3103487
3103489
3103496
3103576
3103687
3103740
3104843
3104872
3104919
3104935
3104975
3104990
3104992
3105035
3105090
3105127
3105189
3105195
3105205
3105207
3105217
3105240
3105291
3105308
3105390
3105410
3105434
3105438
3105492
3105494
3105502
3105507
3105527
3105544
3105581
3105601
3105668
3105692
3105696
3105714
3105760
3105838
3105853
3105867
3105873
3105898
3105927
3105936
3106037
3106057
3106124
3106139
3106199
3106232
3106318
3106336
3106361
3107192
3107213
3107220
3107273
3107295
3107319
3107336
3107354
3107374
3107383
3107385
3107429
3107471
3107488
3107506
3107523
3107529
3107644
3107659
3107679
3107686
3107708
3107781
3107803
3107838
3107848
3107857
3107859
3107955
3107959
3107984
3108009
3108074
3108504
3108548
3108577
3108641
3108660
3108663
3108664
3108672
3108696
3108934
3108983
3108989
3109009
3109019
3109033
3109113
3109139
3109298
3109448
3109456
3110523
3110531
3110536
3110553
3110596
3110606
3110649
3110752
3110839
3110895
3110915
3110971
3110980
3111002
3111005
3111082
3111101
3111110
3111115
3111203
3111224
3111232
3111272
3111276
3111296
3111300
3111312
3111347
3111373
3111388
3111391
3111400
3111411
3111471
3111484
3111506
3111553
3111628
3111652
3111682
3111696
3111787
3111808
3111810
3111813
3111820
3111849
3111952
3111993
3112001
3112016
3112157
3113341
3113396
3113413
3113478
3113481
3113488
3113540
3113562
3113597
3113634
3113645
3113888
3113964
3114024
3114119
3114146
3114167
3114173
3114248
3114317
3114360
3114378
3114433
3114479
3114508
3114683
3114785
3115772
3115818
3115936
3116104
3116123
3116655
3117057
3117092
3117101
3117189
3117245
3117271
3117281
3117295
3117317
3117319
3117377
3117400
3117442
3117540
3117542
3117670
3117740
3117771
3117854
3117895
3117908
3117922
3117940
3117941
3117949
3117954
3117959
3118024
3118069
3118125
3118180
3118202
3118211
3118222
3118233
3118275
3118345
3118346
3118372
3118374
3118394
3118399
3118424
3118427
3118436
3118447
3118452
3118454
3118468
3118531
3118552
3118555
3118585
3118605
3118616
3118648
3118661
3119689
3119739
3119745
3119762
3119790
3119801
3119802
3119812
3119829
3119842
3119860
3119900
3119920
3119939
3120006
3120026
3120099
3120119
3120123
3120149
3120199
3120214
3120300
3120328
3120346
3120386
3120436
3120463
3120479
3120556
3120882
3120893
3120945
3120967
3120987
3121003
3121012
3121029
3121049
3121057
3121087
3121095
3121142
3121204
3121205
3121239
3121810
3121816
3121826
3122381
3122404
3122417
3122443
3122467
3122489
3122567
3122574
3122576
3122617
3122693
3122704
3122708
3122722
3122724
3122738
3122780
3122790
3122792
3122865
3122876
3122919
3122939
3122992
3123027
3123031
3123063
3123111
3123181
3123199
3123208
3123320
3123396
3123449
3123461
3123463
3123467
3123513
3123570
3123606
3123625
3123723
3123787
3123788
3123871
3123872
3123887
3123922
3123946
3123953
3124021
3124033
3124070
3124085
3124093
3124098
3124398
3124406
3125088
3125131
3125162
3125172
3125174
3125180
3125196
3125221
3125277
3125362
3125370
3125410
3125452
3125478
3125487
3125490
3125491
3125505
3125541
3125575
3125582
3125596
3125600
3125631
3125707
3125728
3125747
3125781
3125811
3125864
3125904
3125910
3126010
3126012
3126014
3126034
3126087
3126099
3126127
3126146
3126156
3126170
3126181
3126238
3126281
3126293
3126313
3126345
3126359
3126382
3126403
3126436
3126564
3126570
3126629
3126636
3126639
3126690
3126715
3126760
3126806
3127811
3127822
3127878
3127885
3127941
3127946
3128003
3128007
3128047
3128050
3128082
3128086
3128112
3128175
3128201
3128216
3128250
3128261
3128265
3128307
3128329
3128349
3128414
3128445
3128451
3128464
3128495
3128497
3128517
3128566
3128652
3128670
3128675
3128767
3128792
3128810
3128817
3128845
3128884
3128890
3128895
3128905
3128912
3128920
3128923
3129059
3129064
3129102
3129134
3129155
3129183
3129215
3129217
3129232
3129246
3129369
3129376
3129412
3130598
3130614
3130621
3130646
3130662
3130811
3130866
3130901
3130957
3130965
3130975
3130990
3130991
3131018
3131024
3131152
3131250
3131327
3131399
3131432
3131463
3131483
3131504
3131568
3131591
3131606
3131608
3131621
3131653
3131677
3131702
3131710
3131789
3131795
3131835
3131851
3131902
3131914
3131943
3131974
3131980
3132052
3132063
3132068
3132123
3132125
3132128
3132129
3132134
3132137
3132184
3132225
3132231
3133233
3133281
3133292
3133298
3133309
3133317
3133343
3133363
3133365
3133400
3133413
3133480
3133506
3133509
3133546
3133568
3133674
3133818
3133825
3133836
3133884
3133913
3133971
3133972
3133983
3134107
3134114
3134120
3134133
3134151
3134193
3134197
3134221
3134232
3134292
3134297
3134314
3134318
3134320
3134379
3134421
3134453
3134471
3134499
3134580
3134593
3134599
3134601
3134619
3134660
3134663
3134735
3134737
3134745
3134799
3134831
3134851
3134855
3134924
3136000
3136036
3136050
3136076
3136118
3136127
3136205
3136253
3136287
3136342
3136372
3136373
3136379
3136416
3136457
3136479
3136488
3136493
3136509
3136530
3136551
3136570
3136590
3136844
3136854
3136856
3136858
3136895
3136906
3136941
3136991
3137014
3137045
3137062
3137076
3137087
3137092
3137108
3137158
3137163
3137174
3137192
3137210
3137284
3137297
3137344
3137347
3137370
3137378
3137386
3137486
3137506
3137528
3137571
3137613
3138802
3138845
3138888
3138904
3139009
3139076
3139079
3139101
3139241
3139277
3139289
3139311
3139353
3139375
3139454
3139457
3139534
3139598
3139679
3139683
3139745
3139833
3139868
3139924
3139955
3140000
3140005
3140020
3140022
3140047
3140066
3140178
3140233
3140237
3140271
3140301
3140318
3142186
3142190
3142278
3142335
3142415
3142449
3142490
3142492
3142538
3142615
3142623
3142647
3142649
3142717
3142747
3142795
3142850
3142873
3143059
3143149
3143197
3143275
3143406
3143482
3143525
3143533
3143674
3143693
3143704
3143768
3143792
3143899
3143922
3143938
3143954
3143962
3144185
3144211
3144289
3144347
3144378
3144421
3144451
3144487
3144489
3144493
3144594
3144631
3144658
3144679
3144697
3144784
3144830
3145007
3145149
3145167
3147163
3147251
3147269
3147351
3147410
3147612
3147673
3147877
3147984
3148104
3148146
3148183
3148209
3148221
3148265
3148292
3148296
3148335
3148388
3148397
3148417
3148469
3148498
3148617
3148791
3148793
3148887
3148897
3148976
3149083
3149147
3149200
3149245
3149279
3149492
3149517
3149535
3149597
3149599
3149877
3149999
3150291
3152444
3152450
3152486
3152542
3152544
3152621
3152646
3152726
3152753
3152812
3152929
3152946
3152948
3152983
3153054
3153143
3153182
3153290
3153301
3153386
3153393
3153403
3153456
3153539
3153571
3153575
3153587
3153608
3153702
3154198
3154329
3154433
3154486
3154544
3154612
3154658
3154754
3154872
3155009
3155109
3155117
3155135
3155152
3155169
3155313
3156345
3156346
3156359
3156432
3156461
3156492
3156519
3156526
3156543
3156595
3156612
3156622
3156660
3156735
3156757
3156761
3156800
3156812
3156813
3156924
3157040
3157087
3157105
3157133
3157145
3157180
3157183
3157190
3157270
3157300
3157441
3157443
3157460
3157505
3157544
3157650
3157676
3157678
3157679
3157707
3157751
3157770
3157817
3157819
3157837
3157867
3157869
3157893
3157909
3157955
3157963
3159268
3159302
3159317
3159325
3159354
3159364
3159368
3159380
3159389
3159398
3159411
3159414
3159433
3159501
3159516
3159576
3159586
3159587
3159696
3159812
3159839
3159851
3159969
3159980
3160025
3160040
3160065
3160074
3160124
3160134
3160139
3160203
3160276
3160321
3160396
3160397
3160451
3160519
3160552
3160586
3160592
3160601
3160615
3160625
3160663
3160686
3160699
3160793
3160801
3160825
3161869
3161877
3161889
3161933
3161963
3161977
3161985
3161988
3161994
3162086
3162092
3162093
3162110
3162151
3162207
3162271
3162283
3162306
3162411
3162420
3162456
3162500
3162506
3162511
3162543
3162549
3162553
3162584
3162586
3162670
3162708
3162710
3162821
3162824
3162884
3162979
3163057
3163064
3163068
3163073
3163102
3163130
3163136
3163146
3163231
3163234
3163262
3163274
3163276
3163293
3163312
3163376
3163383
3163421
3163573
3164708
3164736
3164752
3164775
3164793
3164817
3164850
3164857
3164893
3164917
3164976
3165026
3165049
3165207
3165226
3165311
3165336
3165393
3165429
3165447
3165448
3165487
3165506
3165565
3165624
3165645
3165752
3165763
3165777
3165779
3165867
3165969
3166008
3166018
3166044
3166060
3166065
3166088
3166098
3166100
3166108
3166130
3166136
3166139
3166263
3167384
3167411
3167415
3167579
3167600
3167690
3167725
3167834
3167879
3167896
3167913
3167929
3167939
3167940
3167941
3167991
3168011
3168058
3168064
3168080
3168104
3168121
3168192
3168206
3168262
3168274
3168292
3168296
3168309
3168316
3168345
3168401
3168422
3168443
3168454
3168462
3168471
3168485
3168497
3168531
3168536
3168570
3168590
3168629
3168634
3168639
3168655
3168729
3168760
3168779
3168794
3168820
3168837
3168865
3168897
3168968
3168979
3168989
3170078
3170080
3170158
3170230
3170245
3170271
3170296
3170298
3170347
3170368
3170381
3170422
3170426
3170428
3170439
3170465
3170471
3170557
3170571
3170581
3170584
3170586
3170598
3170604
3170635
3170639
3170670
3170683
3170731
3170733
3170744
3170786
3170793
3170802
3170825
3170941
3170991
3170994
3171020
3171109
3171111
3171139
3171165
3171249
3171294
3171300
3171317
3171321
3171366
3171421
3171451
3171577
3171672
3172923
3172944
3172953
3172969
3172988
3173006
3173023
3173026
3173067
3173071
3173084
3173125
3173144
3173171
3173229
3173234
3173320
3173339
3173376
3173424
3173474
3173509
3173518
3173556
3173576
3173606
3173641
3173705
3173870
3173897
3173922
3173954
3174042
3174093
3174098
3174122
3174123
3174145
3174161
3174237
3174243
3174244
3174252
3174266
3174346
3174347
3174375
3174389
3175488
3175755
3175770
3175829
3175839
3175847
3175849
3175850
3175873
3175878
3175879
3175884
3175899
3175902
3175907
3175939
3175972
3175987
3176048
3176063
3176089
3176098
3176107
3176109
3176115
3176121
3176166
3176173
3176259
3176260
3176285
3176289
3176311
3176312
3176331
3176344
3176384
3176416
3176421
3176488
3176536
3176553
3176572
3176577
3176591
3176607
3176613
3176643
3176684
3176696
3176698
3176722
3176732
3176874
3176895
3176899
3176910
3176913
3176922
3176952
3176953
3176973
3177075
3177090
3177105
3178325
3178416
3178476
3178491
3178502
3178545
3178569
3178580
3178581
3178666
3178668
3178708
3178726
3178748
3178764
3178772
3178834
3178843
3178850
3178924
3179029
3179030
3179036
3179069
3179100
3179125
3179127
3179147
3179179
3179193
3179199
3179202
3179203
3179217
3179239
3179262
3179304
3179306
3179320
3179339
3179362
3179437
3179452
3179464
3179476
3179552
3179624
3179641
3179695
3179712
3179739
3179793
3179798
3179808
3179816
3179915
3179932
3179966
3179972
3181058
3181061
3181114
3181171
3181172
3181180
3181184
3181224
3181235
3181364
3181386
3181398
3181429
3181447
3181483
3181504
3181512
3181536
3181670
3181713
3181718
3181731
3181733
3181818
3181826
3181838
3181840
3181905
3181907
3181959
3181966
3182002
3182004
3182022
3182059
3182068
3182136
3182137
3182144
3182154
3182162
3182177
3182184
3182198
3182201
3182205
3182221
3182249
3182257
3182296
3182297
3182322
3182328
3182418
3182466
3182483
3182492
3182530
3182587
3182591
3182670
3182679
3182684
3183868
3183915
3183930
3183940
3183947
3183978
3184128
3184134
3184153
3184158
3184165
3184206
3184216
3184240
3184282
3184293
3184303
3184359
3184380
3184382
3184391
3184417
3184426
3184435
3184459
3184533
3184577
3184606
3184640
3184680
3184695
3184720
3184727
3184775
3184861
3184891
3184910
3184998
3185005
3185008
3185046
3185090
3185102
3185172
3185180
3185253
3185274
3186562
3186593
3186642
3186723
3186748
3186836
3186849
3186854
3186859
3186870
3186875
3186889
3187088
3187102
3187158
3187166
3187195
3187229
3187247
3187293
3187302
3187314
3187475
3187479
3187516
3187519
3187601
3187610
3187635
3187684
3187690
3187694
3187715
3187737
3187749
3187765
3187845
3187874
3187896
3187921
3187968
3188024
3188055
3188061
3190227
3190231
3190246
3190273
3190296
3190321
3190401
3190411
3190437
3190483
3190494
3190497
3190671
3190727
3190781
3190782
3190788
3190794
3190860
3192123
3192173
3192427
3192445
3192496
3192641
3192654
3192726
3192742
3192791
3192795
3192820
3192826
3192849
3192856
3192857
3192917
3192961
3192972
3192985
3193057
3193095
3193206
3193286
3193418
3193510
3193629
3194704
3194710
3194726
3194750
3194798
3194828
3194924
3194944
3195068
3195227
3195289
3195296
3195299
3195404
3195480
3195516
3195534
3195565
3195624
3195682
3195714
3195715
3195768
3195790
3195813
3195833
3195896
3195934
3195942
3195955
3195973
3196003
3196006
3196015
3196037
3196063
3196153
3196154
3196172
3196266
3196267
3196285
3197674
3197705
3197855
3197967
3198003
3198023
3198069
3198104
3198111
3198212
3198214
3198446
3198746
3198864
3198927
3198983
3199020
3199222
3199230
3199233
3199278
3199807
3199824
3200011
3200139
3200384
3200456
3200465
3200472
3200474
3200538
3200644
3200647
3200685
3200719
3200806
3200809
3203046
3203047
3203084
3203105
3203135
3203141
3203188
3203267
3203853
3203994
3204063
3204164
3204212
3204214
3204355
3204388
3204402
3204423
3208185
3208299
3208343
3208360
3208399
3208401
3208405
3208511
3208526
3208534
3208600
3208608
3208646
3208648
3208652
3208768
3208904
3208906
3209155
3209170
3209532
3209835
3209837
3210484
3210652
3210702
3210795
3213592
3213787
3213823
3213914
3214033
3214040
3214100
3214106
3214153
3214161
3214190
3214250
3214280
3214480
3214571
3214637
3214641
3214685
3214792
3215050
3215118
3215174
3215209
3215216
3215284
3215311
3215428
3215431
3215451
3215467
3215511
3215561
3215592
3215604
3215611
3215650
3215697
3215735
3215783
3215787
3215878
3215897
3216048
3216113
3216169
3216208
3216227
3216259
3216304
3216437
3216489
3216516
3218682
3218707
3218897
3218937
3219034
3219080
3219096
3219105
3219136
3219172
3219241
3219295
3219423
3219437
3219467
3219483
3219540
3219554
3219579
3219627
3219727
3219824
3219884
3219901
3219953
3220011
3220050
3220152
3220210
3220245
3220250
3220496
3220613
3220691
3220802
3220825
3220886
3220915
3220934
3220952
3220961
3221046
3221153
3221197
3221215
3221227
3221318
3221337
3221372
3221382
3221428
3221446
3221448
3221473
3221504
3221533
3221665
3221675
3221712
3221825
3224079
3224115
3224132
3224338
3224382
3224513
3224535
3224559
3224682
3224695
3224864
3224990
3225027
3225206
3225211
3225249
3225301
3225305
3225330
3225418
3225519
3225551
3225605
3225775
3225817
3225856
3225889
3226008
3226027
3226098
3226104
3226108
3226125
3226208
3226227
3226285
3226460
3226473
3226491
3226520
3226566
3226672
3226714
3226728
3226768
3226777
3226838
3226892
3226961
3227009
3227014
3227032
3228978
3229175
3229217
3229322
3229359
3229395
3229444
3229489
3229517
3229558
3229577
3229758
3229762
3229874
3229881
3229922
3229944
3230131
3230506
3230568
3230615
3230631
3230646
3230728
3230785
3230915
3230965
3231002
3231025
3231027
3231043
3231173
3231189
3231220
3231222
3231232
3231240
3231342
3231359
3231373
3231442
3231454
3231502
3231668
3231775
3231783
3231806
3231880
3231965
3232069
3232126
3234297
3234355
3234614
3234646
3234740
3234755
3234839
3234872
3234919
3234982
3235074
3235124
3235145
3235154
3235195
3235220
3235268
3235339
3235353
3235360
3235391
3235397
3235408
3235437
3235458
3235487
3235621
3235645
3235678
3235779
3235801
3235843
3235860
3235905
3235935
3235971
3236056
3236098
3236100
3236111
3236146
3236158
3236192
3236202
3236230
3236244
3236259
3236307
3236451
3236459
3236520
3236524
3236555
3236580
3236598
3236630
3236640
3236786
3236820
3236828
3236847
3236903
3236905
3236963
3237189
3237297
3237303
3237344
3237454
3239490
3239649
3239713
3239797
3239838
3239877
3239879
3239927
3239997
3240051
3240067
3240101
3240177
3240216
3240234
3240239
3240267
3240379
3240393
3240422
3240520
3240559
3240592
3240672
3240699
3240709
3240732
3240750
3240770
3240887
3240922
3240933
3240939
3240949
3241078
3241094
3241096
3241102
3241131
3241163
3241202
3241322
3241347
3241391
3241426
3241493
3241623
3241722
3241778
3241837
3241909
3241948
3242060
3242068
3242139
3242141
3242143
3242180
3242220
3242235
3242251
3242353
3242398
3244443
3244487
3244500
3244566
3244604
3244635
3244663
3244677
3244745
3244787
3244800
3244823
3244901
3244951
3244958
3245002
3245008
3245046
3245058
3245071
3245090
3245159
3245284
3245324
3245337
3245364
3245417
3245444
3245490
3245567
3245577
3245581
3245638
3245695
3245813
3245841
3245854
3245855
3245858
3245870
3245876
3245939
3245941
3245956
3245965
3246002
3246032
3247192
3247334
3247346
3247356
3247360
3247407
3247438
3247452
3247453
3247458
3247463
3247552
3247602
3247611
3247622
3247674
3247683
3247698
3247713
3247728
3247734
3247767
3247777
3247818
3247831
3247845
3247871
3247872
3247881
3247946
3247962
3247976
3248041
3248098
3248116
3248195
3248211
3248222
3248226
3248255
3248279
3248337
3248357
3248359
3248374
3248421
3248436
3248533
3248535
3248575
3248598
3248630
3248646
3248663
3248675
3248682
3248699
3248712
3248722
3248744
3248746
3249906
3249924
3249947
3249968
3250042
3250047
3250054
3250056
3250069
3250081
3250089
3250143
3250169
3250223
3250250
3250293
3250343
3250382
3250394
3250409
3250451
3250484
3250498
3250513
3250518
3250523
3250550
3250588
3250594
3250645
3250659
3250679
3250684
3250747
3250752
3250791
3250828
3250877
3251002
3251018
3251029
3251038
3251039
3251081
3251105
3251157
3251230
3251258
3251321
3251359
3251372
3251385
3251431
3251476
3251510
3251515
3251570
3252696
3252822
3252862
3252893
3252993
3253034
3253036
3253052
3253071
3253159
3253220
3253378
3253432
3253447
3253449
3253515
3253537
3253553
3253583
3253626
3253668
3253689
3253697
3253724
3253726
3253732
3253739
3253769
3253775
3253781
3253799
3253800
3253806
3253808
3253821
3253936
3253997
3254017
3254101
3254118
3254132
3254136
3254184
3254188
3254190
3254197
3254209
3254255
3254258
3255383
3255387
3255442
3255506
3255521
3255660
3255691
3255719
3255835
3255855
3255902
3255915
3255917
3255918
3255959
3255996
3256028
3256053
3256058
3256071
3256109
3256137
3256218
3256221
3256249
3256296
3256352
3256358
3256391
3256401
3256402
3256448
3256461
3256476
3256508
3256512
3256537
3256554
3256574
3256577
3256617
3256714
3256758
3256762
3256791
3256793
3256798
3256814
3256821
3256842
3256876
3256880
3256938
3256940
3256946
3256954
3258078
3258160
3258290
3258296
3258318
3258346
3258391
3258425
3258431
3258550
3258593
3258612
3258685
3258686
3258763
3258783
3258787
3258796
3258804
3258831
3259113
3259151
3259160
3259229
3259238
3259339
3259380
3259414
3259415
3259431
3259449
3259500
3259533
3259547
3259634
3259718
3259727
3260885
3260902
3261100
3261548
3261558
3261654
3261679
3261730
3261752
3261781
3261808
3261825
3261830
3261935
3261963
3261990
3261994
3262003
3262018
3262025
3262122
3262152
3262164
3262175
3262180
3262189
3262190
3262215
3262240
3262257
3262266
3262275
3262276
3262285
3262292
3262320
3262403
3262484
3262486
3263663
3263713
3263768
3263813
3263829
3263852
3263874
3263939
3263941
3263952
3263957
3263977
3264002
3264044
3264104
3264175
3264230
3264285
3264293
3264301
3264310
3264325
3264341
3264342
3264452
3264581
3264583
3264597
3264671
3264744
3264759
3264775
3264804
3264818
3264881
3264927
3264929
3264945
3265026
3265073
3265178
3265285
3265368
3265400
3265457
3265520
3265525
3265611
3265690
3265795
3265811
3265922
3267992
3268101
3268180
3268273
3268292
3268319
3268375
3268425
3268526
3268551
3268639
3268664
3268770
3268810
3269015
3269221
3269328
3269365
3269419
3269549
3269698
3269723
3269731
3269912
3269940
3270003
3270038
3270040
3270042
3270050
3270430
3270456
3270460
3270533
3270560
3270586
3270805
3270851
3271084
3271191
3271247
3273486
3273507
3273575
3273612
3273660
3273662
3273715
3273723
3273761
3273830
3273996
3274089
3274124
3274285
3274360
3274362
3274425
3274464
3274488
3274547
3274592
3274665
3274731
3274879
3275095
3275332
3275334
3275377
3275432
3275442
3275449
3275453
3275503
3275585
3275673
3275832
3275859
3275879
3275958
3276013
3276029
3276039
3276068
3276180
3276201
3276211
3276507
3276514
3322442
3322486
3323138
3323143
3323810
3323925
3323930
3324020
3324032
3330376
3330706
3331284
3331476
3331716
3332401
3332439
3334647
3334707
3334751
3335647
3335925
3336050
3336081
3336212
3340398
3341703
3341744
3341798
3341890
3341902
3341979
3342000
3342058
3342087
3342162
3342168
3342178
3342182
3342225
3342299
3342346
3342374
3342409
3342410
3342423
3342499
3342503
3342521
3342585
3342621
3342628
3342696
3342708
3342713
3342740
3342741
3342758
3342763
3342851
3342852
3342910
3342911
3342924
3342994
3342997
3343014
3343090
3343098
3343102
3343139
3343153
3343272
3343365
3343413
3343469
3343492
3343493
3343511
3343558
3343583
3343628
3343640
3343644
3343647
3343720
3343736
3343776
3343784
3343801
3343813
3343821
3343823
3343857
3343904
3343907
3343941
3343961
3343969
3343998
3344008
3344010
3344085
3344178
3344216
3344246
3344247
3344271
3344350
3344386
3344404
3344455
3344456
3344461
3344520
3344544
3344568
3344602
3344606
3344608
3344610
3344643
3344691
3344693
3344700
3344723
3344747
3344750
3344752
3344793
3344829
3344842
3344914
3344922
3344928
3344934
3345005
3345028
3345042
3345050
3345065
3345085
3345111
3345140
3345154
3345160
3345161
3345184
3345299
3345315
3345416
3345431
3345495
3345513
3345522
3345530
3345570
3345663
3345672
3345675
3345721
3345734
3345736
3345752
3345754
3345774
3345843
3345884
3345885
3345921
3345963
3345976
3345994
3346008
3346013
3346015
3346059
3346115
3346125
3346158
3346198
3346204
3346239
3346260
3346280
3346303
3346331
3346337
3346349
3346409
3346410
3346436
3346494
3346499
3346518
3346540
3346562
3346579
3346609
3346646
3346647
3346666
3346679
3346701
3346726
3346772
3346809
3346929
3346934
3346979
3347004
3347019
3347024
3347037
3347084
3347087
3347100
3347126
3347168
3347190
3347223
3347271
3347374
3347377
3347397
3347402
3347457
3347523
3347560
3347603
3347635
3347661
3347696
3347698
3347702
3347754
3347762
3347803
3347806
3347834
3347837
3347843
3347931
3347955
3347967
3348075
3348126
3348150
3348162
3348168
3348189
3348198
3348218
3348223
3348228
3348251
3348262
3348996
3349025
3351821
3351849
3351855
3351875
3351878
3351889
3351927
3352021
3352031
3352041
3352059
3352128
3352159
3352198
3352298
3352317
3352460
3352463
3352472
3352493
3352657
3352662
3352681
3352698
3352706
3352721
3352729
3352735
3352769
3352774
3352803
3352812
3352850
3352945
3353008
3353069
3353080
3353082
3353137
3353140
3353218
3353268
3353321
3353348
3353373
3353375
3353481
3353493
3353528
3353558
3353596
3353643
3353654
3353669
3353693
3353694
3353723
3353764
3353794
3353867
3353897
3353939
3353974
3353991
3354003
3354023
3354027
3354037
3354053
3354063
3354091
3354105
3354179
3354180
3354193
3354270
3354293
3354358
3354384
3354467
3354474
3354492
3354522
3354556
3354627
3354632
3354669
3354702
3354717
3354734
3354766
3354819
3354832
3354845
3354886
3354944
3354959
3354961
3354981
3354985
3355022
3355034
3355048
3355058
3355120
3355281
3355295
3356464
3356476
3356895
3356910
3356943
3356975
3357286
3357364
3357509
3357556
3357677
3358379
3358507
3358542
3358671
3358692
3358711
3358734
3358751
3358789
3358859
3358889
3358964
3359092
3359123
3359156
3359159
3359206
3359242
3359262
3359330
3359365
3359416
3359449
3359495
3359514
3359593
3359601
3359606
3359608
3359639
3359705
3359727
3359756
3359762
3359787
3359801
3359820
3359896
3360026
3360095
3360131
3360148
3360166
3360178
3360187
3360202
3360208
3360214
3360235
3360241
3360296
3360318
3360326
3360350
3360358
3360442
3360458
3360519
3360680
3360682
3360707
3360718
3360769
3360909
3360918
3360941
3360952
3360974
3361000
3361005
3361006
3361039
3361089
3361102
3361161
3361179
3361199
3361237
3361249
3361320
3361326
3361347
3361356
3361364
3361371
3361373
3361392
3361445
3361484
3361498
3361504
3361530
3361706
3361780
3361840
3362077
3362083
3362178
3362181
3362265
3362281
3362296
3362440
3362482
3362679
3362682
3362698
3362713
3362806
3362861
3362920
3362934
3362940
3363108
3363111
3363118
3363192
3363251
3363271
3363384
3363429
3363438
3363571
3363576
3363594
3363609
3363619
3363723
3363738
3363894
3363992
3364006
3364060
3364073
3364167
3364187
3364266
3364334
3364337
3364407
3364436
3364440
3364477
3364547
3364678
3364725
3364727
3364828
3364869
3364888
3364894
3364895
3364923
3364950
3364951
3364958
3365035
3365064
3365089
3365117
3365122
3365183
3365195
3365289
3365319
3365333
3365380
3365442
3365457
3365519
3365594
3365610
3365615
3365629
3365650
3365663
3365775
3365825
3365929
3365983
3365996
3366035
3366099
3366143
3366158
3366200
3366228
3366289
3366316
3366361
3366374
3366409
3366454
3366488
3366502
3366536
3366556
3366571
3366645
3366664
3366727
3366736
3366824
3366828
3366837
3366858
3366869
3366950
3366965
3366975
3367242
3367246
3367292
3367328
3367338
3367411
3367448
3367546
3367585
3367651
3367654
3367768
3367894
3367924
3367984
3368000
3368206
3368251
3368350
3368379
3368387
3368473
3368580
3368621
3373618
3373683
3373695
3373718
3373722
3373731
3373810
3373930
3373950
3374005
3374019
3374183
3374289
3374407
3374477
3374481
3374497
3374605
3374650
3374714
3374757
3374791
3374793
3374797
3374802
3374821
3374942
3374976
3374988
3375003
3375077
3375134
3375147
3375207
3375209
3375210
3375229
3375248
3375257
3375265
3375288
3375335
3375366
3375406
3375433
3375475
3375566
3375574
3375579
3375637
3375644
3375665
3375734
3375772
3375779
3375787
3375809
3375916
3375998
3376037
3376046
3376069
3376102
3376124
3376270
3376294
3376426
3376451
3376460
3376484
3376498
3376510
3376545
3376668
3376682
3376691
3376694
3376724
3376774
3376796
3376825
3376891
3376916
3377092
3377134
3377164
3377185
3377214
3377294
3377323
3377357
3377362
3377366
3377404
3377476
3377566
3377594
3377599
3377611
3377634
3377661
3377695
3377710
3377756
3377770
3377791
3377804
3377831
3377875
3377975
3378028
3378040
3378135
3378167
3378171
3378181
3378185
3378193
3378204
3378292
3378434
3378474
3378517
3378520
3378535
3378537
3378575
3378579
3378599
3378604
3378630
3378662
3378820
3378861
3378889
3378892
3378940
3379003
3379055
3379056
3379071
3379120
3379156
3379179
3379216
3379247
3379277
3379297
3379412
3379414
3379437
3379519
3379618
3379637
3379675
3379699
3379723
3379759
3379829
3379886
3379935
3380038
3380143
3380205
3380453
3380507
3380587
3380620
3380632
3380750
3380812
3380911
3380920
3381034
3381042
3381079
3381093
3381105
3381284
3381299
3381331
3381569
3381657
3381728
3381740
3381948
3381971
3381978
3382023
3382109
3382212
3382232
3382361
3382546
3382566
3382574
3382586
3382620
3382916
3382928
3383153
3383236
3383256
3383292
3383304
3383523
3383587
3383631
3383697
3383865
3383953
3384132
3384158
3384191
3384277
3384305
3384371
3384424
3384428
3384455
3384510
3384587
3384591
3384683
3384708
3384710
3384797
3384839
3384851
3384867
3384915
3385014
3385065
3385077
3385220
3385363
3385502
3385575
3385594
3385635
3385654
3385875
3385892
3385899
3385918
3385934
3385992
3385996
3386024
3386098
3386144
3386153
3386277
3386293
3386303
3386345
3386377
3386408
3386424
3386446
3386459
3386474
3386480
3386580
3386599
3386696
3386721
3386730
3386732
3386747
3386754
3386779
3386784
3386785
3386822
3386836
3386875
3386877
3386913
3386922
3387048
3387057
3387107
3387214
3387241
3387276
3387292
3387295
3387304
3387335
3387350
3387380
3387386
3387423
3387482
3387521
3387538
3387618
3387621
3387672
3387722
3387729
3387746
3387782
3387884
3387909
3387920
3388025
3388142
3388169
3388181
3388273
3388313
3388404
3388482
3388507
3388519
3388584
3388627
3388634
3388886
3388894
3388943
3388972
3389017
3389044
3389052
3389053
3389071
3389076
3389203
3389300
3389379
3389398
3389444
3389571
3389582
3389589
3389636
3389668
3389689
3389709
3389759
3389771
3389821
3389822
3389858
3389893
3389895
3389898
3389926
3389945
3389978
3390188
3390244
3390322
3390326
3390396
3390400
3390523
3390531
3390543
3390574
3390666
3390949
3390974
3391097
3391101
3391254
3391335
3391363
3391383
3391391
3391394
3395170
3395174
3395280
3395332
3395382
3395388
3395390
3395406
3395411
3395466
3395494
3395505
3395520
3395537
3395573
3395618
3395644
3395648
3395702
3395774
3395782
3395784
3395793
3395834
3395850
3395860
3395920
3395924
3395962
3396013
3396093
3396194
3396205
3396226
3396254
3396283
3396319
3396341
3396367
3396388
3396416
3396441
3396508
3396549
3396602
3396673
3396717
3396749
3396750
3396785
3396786
3396796
3396808
3396856
3396893
3396948
3396966
3396996
3396999
3397015
3397018
3397067
3397114
3397124
3397155
3397252
3397267
3397287
3397334
3397383
3397388
3397407
3397431
3397470
3397490
3397586
3397651
3397654
3397695
3397703
3397718
3397741
3397800
3397812
3397827
3397853
3397980
3397986
3398056
3398163
3398181
3398280
3398441
3398524
3398532
3398579
3398626
3398643
3398657
3398672
3398831
3398885
3398955
3399051
3399077
3399082
3399211
3399216
3399330
3399390
3399670
3399913
3399963
3399996
3400043
3400090
3400099
3400129
3400191
3400241
3400243
3400277
3400309
3400322
3400417
3400496
3400601
3400608
3400654
3400669
3400679
3400683
3400732
3400825
3400879
3400910
3401002
3401004
3401022
3401060
3401065
3401105
3401106
3401160
3401174
3401203
3401270
3401279
3401282
3401363
3401503
3401708
3401908
