2979167
2979200
2979233
2979287
2979660
2979695
2979780
2979788
2979789
2979843
2979848
2979956
3034939
3034951
3034972
3034978
3035000
3035016
3035017
3035037
3035058
3035063
3035135
3035152
3035176
3035234
3035692
3035693
3035702
3035713
3035793
3035817
3035821
3035863
3035889
3035898
3035899
3035934
3035939
3036005
3036052
3036117
3036129
3036183
3036242
3036273
3036276
3036278
3036288
3036317
3036373
3036382
3036470
3036472
3036494
3036499
3037754
3037873
3037951
3038048
3038138
3038164
3038167
3038168
3038197
3038217
3038232
3038245
3038260
3038275
3038327
3038332
3038333
3038465
3038469
3038483
3038492
3038523
3038562
3038604
3038636
3038670
3038739
3038806
3038815
3038821
3038845
3038855
3038873
3038904
3038943
3038977
3039008
3039072
3039086
3039121
3039193
3040353
3040379
3040380
3040398
3040401
3040424
3040488
3040504
3040512
3040564
3040592
3040634
3040671
3040683
3040705
3040737
3040750
3040762
3040789
3040972
3040989
3041019
3041036
3041053
3041112
3041115
3041140
3041144
3041154
3041197
3041267
3041284
3041301
3041328
3041367
3041408
3041432
3041449
3041467
3041509
3041552
3041587
3041616
3041681
3041775
3041790
3041824
3041838
3041947
3041990
3043110
3043184
3043195
3043206
3043230
3043280
3043360
3043363
3043390
3043422
3043431
3043440
3043448
3043478
3043563
3043575
3043579
3043614
3043618
3043620
3043642
3043644
3043696
3043697
3043706
3043736
3043756
3043799
3043800
3043823
3043837
3043854
3043881
3043900
3043976
3043990
3044044
3044101
3044139
3044161
3044167
3044178
3044205
3044219
3044251
3044420
3044427
3044428
3044438
3044460
3044468
3044529
3044531
3044590
3044596
3044607
3044612
3044617
3044651
3044655
3045716
3045717
3045730
3045790
3045803
3045868
3045871
3045876
3045936
3046058
3046066
3046068
3046139
3046148
3046182
3046195
3046207
3046249
3046267
3046307
3046346
3046352
3046359
3046440
3046486
3046526
3046552
3046572
3046577
3046582
3046598
3046606
3046612
3046630
3046635
3046668
3046675
3046707
3046720
3046747
3046755
3046787
3046789
3046796
3046798
3046819
3046826
3046830
3046916
3046939
3046954
3046965
3046969
3047005
3047012
3047105
3047111
3047161
3047171
3047184
3047185
3047195
3047206
3047252
3047256
3047312
3047331
3047393
3047432
3048470
3048479
3048505
3048515
3048674
3048680
3048683
3048696
3048775
3048857
3048861
3048878
3048944
3049008
3049035
3049064
3049082
3049086
3049094
3049148
3049158
3049170
3049204
3049215
3049237
3049255
3049297
3049499
3049512
3049555
3049568
3049648
3049696
3049705
3049840
3049854
3049968
3050000
3050004
3051140
3051146
3051320
3051329
3051397
3051506
3051574
3051601
3051630
3051632
3051647
3051698
3051705
3051915
3051946
3051947
3052012
3052037
3052041
3052111
3052113
3052261
3052301
3052346
3052502
3052561
3052565
3052609
3052625
3052626
3052648
3052668
3052724
3052746
3052777
3052787
3052820
3052825
3052829
3052849
3052900
3052903
3052986
3053032
3053036
3053108
3053146
3053168
3053214
3053220
3053266
3053269
3053289
3053301
3053325
3053326
3053379
3053380
3054462
3054473
3054495
3054528
3054537
3054560
3054562
3054566
3054616
3054656
3054657
3054698
3054734
3054782
3054810
3054868
3054952
3055013
3055030
3055040
3055058
3055081
3055343
3055348
3055785
3055797
3055946
3055956
3055981
3056006
3056594
3056603
3056645
3056646
3056659
3056674
3056685
3056694
3056696
3056728
3056792
3056820
3056828
3056832
3056842
3056862
3056864
3056871
3056880
3056976
3056982
3057074
3057084
3057114
3057120
3057166
3057267
3057389
3057403
3057466
3057518
3057547
3057548
3057561
3057571
3057578
3057618
3057680
3057821
3058709
3058710
3058758
3058801
3058807
3058917
3059081
3059159
3059191
3059195
3059212
3059218
3059309
3059394
3059431
3059448
3059461
3059495
3059513
3059520
3059551
3059565
3059572
3059586
3059605
3059628
3059644
3059716
3059726
3059732
3059795
3059808
3059830
3059831
3059835
3059842
3059959
3060019
3060046
3060089
3060141
3060149
3060158
3060202
3060258
3060263
3060326
3060341
3060350
3060353
3060380
3060387
3060391
3060405
3061638
3061673
3061686
3061688
3061765
3061767
3061790
3061795
3061836
3061855
3061879
3061882
3061914
3061977
3061986
3062008
3062081
3062092
3062096
3062159
3062170
3062214
3062230
3062249
3062252
3062258
3062265
3062278
3062289
3062349
3062447
3062486
3062495
3062504
3062559
3062571
3062590
3062686
3062687
3062701
3062740
3062827
3062859
3062912
3062921
3062934
3062978
3062989
3063018
3063022
3063114
3064250
3064262
3064273
3064280
3064332
3064335
3064357
3064365
3064501
3064503
3064520
3064568
3064581
3064599
3064627
3064635
3064649
3064652
3064768
3064837
3064842
3065036
3065062
3065073
3065349
3065370
3065400
3065469
3065561
3065682
3065685
3066808
3066881
3066895
3066987
3067023
3067033
3067057
3067062
3067109
3067230
3067304
3067311
3067320
3067331
3067366
3067389
3067434
3067446
3067459
3067492
3067506
3067519
3067624
3067694
3067727
3067741
3067758
3067821
3067849
3067877
3067889
3067919
3067961
3067982
3068009
3068043
3068125
3068150
3068152
3068173
3068185
3068192
3068210
3068243
3068260
3068261
3068287
3068316
3068371
3068403
3068411
3068459
3068491
3069507
3069543
3069578
3069694
3069795
3069831
3069856
3069947
3070050
3070052
3070252
3070378
3070472
3070517
3070518
3070527
3070602
3070641
3070645
3070751
3070760
3071084
3071110
3071144
3072318
3072440
3072469
3072481
3072538
3072608
3072638
3072641
3072687
3072704
3072769
3072819
3072835
3072838
3072843
3072924
3073016
3073034
3073037
3073046
3073084
3073149
3073179
3073244
3073250
3073254
3073289
3073333
3073362
3073422
3073445
3073469
3073535
3073582
3073605
3073633
3073663
3073675
3073676
3073699
3073761
3073796
3073827
3073854
3073859
3073879
3073886
3073895
3074931
3075029
3075108
3075115
3075123
3075131
3075144
3075179
3075181
3075207
3075213
3075270
3075277
3075350
3075356
3075370
3075429
3075468
3075492
3075578
3075644
3075723
3075724
3075764
3075788
3075792
3075806
3075836
3075837
3075879
3075897
3075902
3075904
3075918
3075934
3075948
3075960
3075986
3076020
3076037
3076038
3076041
3076055
3076170
3076174
3076195
3076229
3076298
3076300
3076352
3076387
3076442
3076462
3076470
3076483
3076510
3077694
3077774
3077827
3077890
3077912
3077963
3077980
3078027
3078046
3078058
3078060
3078111
3078128
3078134
3078192
3078203
3078204
3078207
3078212
3078222
3078268
3078270
3078286
3078290
3078305
3078308
3078315
3078368
3078420
3078463
3078514
3078527
3078536
3078545
3078570
3078587
3078590
3078628
3078656
3078657
3078673
3078680
3078689
3078691
3078695
3078696
3078735
3078744
3078750
3078761
3078765
3078784
3078791
3078795
3078841
3078853
3078863
3078883
3078888
3078900
3078929
3078934
3078941
3078988
3078992
3079028
3079031
3079044
3079045
3079131
3079156
3079177
3079254
3079284
3079299
3079308
3079358
3079372
3080429
3080551
3080671
3080720
3080726
3080743
3080754
3080756
3080793
3080802
3080822
3080824
3080831
3080838
3080855
3080874
3080875
3080915
3080939
3080950
3080958
3080962
3080974
3080975
3080980
3080985
3080997
3081012
3081059
3081061
3081073
3081181
3081183
3081203
3081206
3081263
3081279
3081344
3081392
3081579
3081597
3081610
3081620
3081709
3081712
3081828
3081831
3081879
3081884
3081902
3081926
3082001
3082003
3082006
3082127
3082380
3082487
3083118
3083168
3083201
3083239
3083252
3083324
3083342
3083384
3083450
3083453
3083464
3083496
3083509
3083512
3083522
3083554
3083663
3083676
3083735
3083763
3083814
3083832
3083844
3083855
3083887
3083899
3083919
3083983
3083987
3083988
3084051
3084053
3084092
3084111
3084125
3084143
3084229
3084271
3084275
3084281
3084314
3084387
3084517
3084520
3084523
3084528
3084607
3084615
3084757
3085750
3085751
3085757
3085843
3085854
3085887
3085897
3085928
3085977
3086024
3086084
3086111
3086123
3086163
3086207
3086215
3086227
3086235
3086241
3086253
3086255
3086316
3086337
3086461
3086474
3086476
3086516
3086542
3086562
3086575
3086577
3086587
3086588
3086591
3086615
3086620
3086629
3086722
3086725
3086746
3086749
3086803
3086805
3086812
3086824
3086845
3086864
3086906
3086911
3086924
3086959
3086965
3086977
3086982
3086990
3087014
3087018
3087039
3087043
3087070
3087161
3087171
3087211
3087259
3087271
3087274
3087432
3087436
3088490
3088522
3088529
3088594
3088596
3088611
3088621
3088680
3088693
3088718
3088782
3088795
3088809
3088830
3088865
3088884
3088940
3088968
3088972
3088999
3089010
3089018
3089068
3089094
3089114
3089168
3089198
3089201
3089225
3089232
3089254
3089268
3089269
3089276
3089315
3089334
3089347
3089351
3089423
3089436
3089452
3089467
3089495
3089528
3089547
3089568
3089580
3089643
3089663
3089719
3089776
3089795
3089808
3089819
3089925
3089928
3089948
3089964
3089983
3090002
3090010
3090029
3090052
3090069
3090116
3090138
3090154
3090167
3090195
3091270
3091290
3091301
3091302
3091312
3091334
3091335
3091372
3091382
3091446
3091505
3091507
3091511
3091512
3091549
3091550
3091567
3091569
3091583
3091611
3091623
3091708
3091722
3091736
3091767
3091772
3091844
3091861
3091887
3091891
3091897
3091913
3091916
3091963
3091988
3092110
3092120
3092125
3092149
3092182
3092244
3092351
3092352
3092363
3092377
3092392
3092399
3092401
3092415
3092417
3092455
3092544
3092563
3092626
3092647
3092651
3092656
3092687
3092689
3092727
3092734
3092740
3092745
3092785
3092919
3093909
3093910
3093911
3093924
3093951
3093956
3093996
3094104
3094114
3094205
3094255
3094258
3094276
3094285
3094379
3094392
3094429
3094493
3094512
3094554
3094556
3094667
3094680
3094733
3094759
3094793
3094859
3094918
3094926
3095028
3095041
3095155
3095183
3095230
3095247
3095286
3095309
3095351
3095388
3095412
3095430
3095458
3095473
3096716
3096734
3096823
3096835
3096902
3096904
3096971
3096977
3096991
3097000
3097064
3097075
3097093
3097098
3097140
3097152
3097168
3097169
3097171
3097231
3097305
3097308
3097318
3097319
3097323
3097341
3097356
3097378
3097395
3097396
3097445
3097453
3097486
3097512
3097585
3097594
3097615
3097644
3097690
3097700
3097704
3097749
3097768
3097824
3097838
3097864
3097884
3097948
3098007
3098008
3098011
3098023
3098054
3098157
3098173
3098182
3098250
3098252
3098254
3098287
3098439
3099360
3099407
3099408
3099413
3099422
3099473
3099500
3099532
3099542
3099545
3099596
3099644
3099649
3099665
3099674
3099702
3099714
3099771
3099809
3099815
3099895
3099914
3099988
3100018
3100026
3100046
3100081
3100084
3100099
3100131
3100151
3100164
3100207
3100247
3100256
3100285
3100365
3100390
3100425
3100430
3100433
3100455
3100487
3100532
3100549
3100550
3100602
3100697
3100700
3100706
3100757
3100796
3100809
3100843
3100850
3100892
3101041
3101046
3101051
3102077
3102079
3102109
3102116
3102130
3102144
3102243
3102286
3102372
3102394
3102403
3102450
3102451
3102460
3102541
3102548
3102623
3102640
3102700
3102704
3102732
3102829
3102839
3102883
3102921
3102925
3102955
3102998
3103000
3103170
3103231
3103242
3103267
3103311
3103314
3103333
3103340
3103369
3103413
3103422
3103437
3103466
3103601
3103603
3103610
3103634
3103637
3103669
3103679
3103680
3103706
3104901
3104942
3104957
3105012
3105024
3105090
3105098
3105103
3105114
3105119
3105128
3105135
3105141
3105144
3105145
3105234
3105246
3105270
3105275
3105278
3105282
3105308
3105328
3105334
3105408
3105421
3105443
3105530
3105537
3105570
3105595
3105602
3105608
3105625
3105640
3105686
3105753
3105828
3105835
3105859
3105891
3105915
3105940
3105968
3106027
3106066
3106125
3106163
3106248
3106292
3106303
3106318
3106360
3107218
3107253
3107266
3107285
3107286
3107370
3107377
3107409
3107420
3107481
3107505
3107509
3107511
3107528
3107543
3107649
3107658
3107659
3107662
3107670
3107840
3108020
3108028
3108511
3108513
3108556
3108576
3108602
3108613
3108631
3108664
3108679
3108694
3108734
3108957
3108970
3109002
3109050
3109059
3109277
3110511
3110549
3110564
3110570
3110609
3110649
3110732
3110842
3110939
3110942
3110988
3111011
3111014
3111114
3111135
3111140
3111169
3111255
3111276
3111324
3111359
3111391
3111406
3111425
3111461
3111462
3111502
3111514
3111550
3111665
3111735
3111788
3111813
3111902
3111910
3111920
3111954
3111991
3112019
3112026
3112029
3112139
3112147
3112153
3113232
3113253
3113291
3113328
3113348
3113352
3113388
3113419
3113432
3113447
3113456
3113462
3113490
3113566
3113587
3113591
3113627
3113647
3113679
3113699
3113708
3113782
3113792
3113878
3113880
3113962
3113990
3114001
3114020
3114028
3114229
3114321
3114332
3114377
3114408
3114445
3114483
3114502
3114624
3115811
3115827
3115838
3115934
3116107
3117025
3117067
3117093
3117267
3117279
3117336
3117379
3117401
3117445
3117447
3117471
3117561
3117563
3117625
3117645
3117650
3117666
3117685
3117696
3117727
3117761
3117770
3117815
3117863
3117934
3117954
3117960
3117973
3117977
3117989
3117993
3118002
3118025
3118056
3118097
3118116
3118123
3118185
3118199
3118210
3118212
3118277
3118287
3118301
3118406
3118439
3118534
3118548
3118662
3119691
3119703
3119770
3119784
3119795
3119804
3119812
3119867
3119877
3119913
3119920
3120010
3120091
3120108
3120111
3120186
3120215
3120216
3120274
3120282
3120288
3120318
3120377
3120379
3120507
3120508
3120556
3120710
3120800
3120819
3120850
3120934
3120944
3120966
3120994
3121008
3121028
3121086
3121112
3121135
3121255
3121268
3121795
3121826
3122432
3122488
3122521
3122524
3122557
3122605
3122619
3122663
3122683
3122705
3122769
3122786
3122789
3122805
3122823
3122839
3122898
3122913
3122915
3122972
3123022
3123106
3123136
3123142
3123175
3123179
3123181
3123207
3123238
3123276
3123371
3123383
3123388
3123400
3123408
3123439
3123445
3123457
3123500
3123506
3123509
3123558
3123595
3123604
3123621
3123625
3123637
3123671
3123683
3123703
3123722
3123746
3123788
3123876
3123934
3124000
3124058
3124063
3124072
3124074
3124398
3125145
3125161
3125175
3125180
3125210
3125246
3125259
3125276
3125277
3125285
3125310
3125315
3125327
3125333
3125343
3125353
3125386
3125405
3125456
3125471
3125527
3125595
3125639
3125645
3125698
3125725
3125748
3125752
3125764
3125807
3125843
3125844
3125907
3125913
3125964
3125973
3125983
3126043
3126051
3126115
3126178
3126190
3126208
3126237
3126336
3126337
3126397
3126494
3126502
3126522
3126532
3126542
3126584
3126591
3126596
3126618
3126680
3126690
3126709
3126751
3126788
3126804
3127862
3127863
3127903
3127927
3127940
3127942
3127946
3127968
3127997
3128053
3128084
3128088
3128127
3128161
3128165
3128168
3128174
3128202
3128213
3128260
3128277
3128281
3128288
3128298
3128325
3128341
3128357
3128360
3128385
3128416
3128450
3128453
3128475
3128516
3128547
3128593
3128633
3128643
3128663
3128664
3128667
3128689
3128716
3128757
3128780
3128796
3128803
3128822
3128823
3128835
3128895
3128898
3128905
3128909
3128926
3128943
3128968
3129106
3129109
3129114
3129163
3129188
3129210
3129212
3129230
3129361
3129362
3129382
3130612
3130676
3130813
3130845
3130866
3130881
3130904
3130924
3131010
3131060
3131113
3131120
3131131
3131140
3131142
3131150
3131171
3131172
3131198
3131216
3131239
3131346
3131398
3131406
3131449
3131452
3131453
3131462
3131465
3131471
3131478
3131507
3131509
3131589
3131593
3131610
3131626
3131670
3131682
3131705
3131719
3131725
3131745
3131798
3131839
3131856
3131885
3131916
3131960
3131962
3131965
3131978
3131989
3131991
3132001
3132093
3132146
3132192
3133299
3133331
3133415
3133529
3133591
3133652
3133665
3133666
3133689
3133695
3133703
3133710
3133746
3133770
3133772
3133776
3133825
3133827
3133839
3133869
3133905
3133919
3133928
3133950
3133974
3134010
3134033
3134041
3134052
3134062
3134071
3134074
3134130
3134165
3134189
3134195
3134200
3134214
3134219
3134229
3134315
3134433
3134454
3134470
3134497
3134508
3134554
3134564
3134573
3134619
3134703
3134727
3134744
3134751
3134762
3134785
3134796
3134831
3134852
3134864
3134909
3134926
3135943
3135973
3135997
3136009
3136029
3136037
3136049
3136051
3136056
3136081
3136104
3136108
3136208
3136387
3136440
3136447
3136452
3136460
3136469
3136478
3136574
3136584
3136596
3136821
3136825
3136826
3136828
3136841
3136863
3136902
3136908
3136916
3136945
3136949
3136954
3137047
3137079
3137112
3137176
3137238
3137295
3137313
3137336
3137346
3137378
3137383
3137384
3137388
3137403
3137426
3137440
3137469
3137474
3137477
3137488
3137524
3137539
3137573
3137577
3137618
3138848
3138922
3138944
3139255
3139324
3139368
3139410
3139425
3139476
3139480
3139506
3139522
3139534
3139556
3139582
3139584
3139592
3139609
3139620
3139645
3139670
3139731
3139744
3139918
3139987
3140010
3140091
3140177
3140178
3140246
3140264
3140294
3142126
3142128
3142148
3142152
3142248
3142282
3142333
3142335
3142347
3142380
3142413
3142441
3142695
3142709
3142747
3142798
3142819
3142827
3142857
3142862
3142920
3142956
3142964
3143017
3143250
3143271
3143280
3143309
3143392
3143401
3143425
3143429
3143486
3143554
3143565
3143573
3143691
3143720
3143747
3143767
3143777
3143853
3143903
3143956
3143971
3144241
3144266
3144382
3144397
3144467
3144473
3144502
3144575
3144610
3144673
3144799
3144822
3144844
3144865
3144980
3145207
3147171
3147217
3147226
3147242
3147295
3147351
3147353
3147717
3147756
3147769
3147857
3147859
3147873
3147982
3148005
3148127
3148145
3148156
3148164
3148309
3148509
3148565
3148640
3148768
3148816
3148943
3148970
3149019
3149191
3149194
3149225
3149248
3149296
3149333
3149358
3149458
3149519
3149566
3149639
3149737
3150126
3150270
3150293
3150329
3150333
3150352
3152360
3152397
3152402
3152452
3152460
3152473
3152477
3152500
3152632
3152663
3152671
3152736
3152843
3152872
3152889
3152904
3152914
3152946
3152977
3152983
3153012
3153145
3153205
3153251
3153286
3153301
3153359
3153404
3153535
3153537
3153573
3153594
3153631
3153784
3153790
3153832
3153978
3153980
3153982
3154031
3154056
3154074
3154135
3154147
3154172
3154175
3154181
3154206
3154452
3154462
3154471
3154477
3154506
3154538
3154647
3154670
3154713
3154781
3154826
3154865
3154874
3154956
3155049
3155050
3155083
3155115
3155127
3155152
3155172
3155204
3155206
3155228
3156364
3156459
3156471
3156485
3156498
3156505
3156537
3156543
3156705
3156708
3156710
3156804
3156825
3156863
3156899
3156933
3156992
3157042
3157047
3157067
3157094
3157176
3157181
3157229
3157292
3157295
3157296
3157312
3157321
3157361
3157375
3157402
3157500
3157508
3157604
3157609
3157637
3157643
3157645
3157660
3157783
3157798
3157804
3157832
3157835
3157861
3157869
3157943
3159247
3159255
3159276
3159296
3159306
3159359
3159408
3159421
3159440
3159459
3159502
3159514
3159517
3159551
3159556
3159604
3159618
3159634
3159654
3159688
3159694
3159729
3159732
3159736
3159739
3159746
3159766
3159775
3159809
3159834
3159849
3159868
3159899
3159903
3159993
3160036
3160054
3160060
3160061
3160222
3160224
3160235
3160264
3160285
3160320
3160400
3160410
3160448
3160468
3160501
3160502
3160521
3160527
3160528
3160543
3160570
3160585
3160591
3160605
3160682
3160703
3160773
3160774
3160798
3161875
3161968
3162057
3162128
3162142
3162155
3162188
3162212
3162252
3162267
3162271
3162282
3162291
3162324
3162329
3162447
3162453
3162485
3162544
3162623
3162637
3162670
3162692
3162698
3162705
3162706
3162719
3162751
3162787
3162818
3162825
3162926
3162942
3162993
3162998
3163077
3163087
3163109
3163119
3163137
3163184
3163224
3163234
3163270
3163294
3163311
3163331
3163369
3163373
3163385
3163398
3164550
3164625
3164696
3164740
3164744
3164746
3164786
3164838
3164846
3164858
3164861
3164895
3164940
3165001
3165054
3165109
3165166
3165257
3165259
3165269
3165365
3165379
3165384
3165404
3165478
3165481
3165510
3165514
3165608
3165622
3165628
3165654
3165657
3165659
3165666
3165694
3165723
3165920
3165950
3165951
3166017
3166047
3166099
3166179
3166190
3167448
3167472
3167482
3167492
3167507
3167515
3167557
3167569
3167600
3167624
3167641
3167728
3167740
3167745
3167775
3167795
3167797
3167824
3167831
3167834
3167836
3167845
3167857
3167875
3167884
3167902
3167955
3168004
3168019
3168029
3168038
3168049
3168071
3168086
3168123
3168220
3168227
3168234
3168257
3168277
3168280
3168286
3168300
3168323
3168343
3168455
3168517
3168536
3168556
3168557
3168588
3168624
3168627
3168634
3168647
3168669
3168722
3168836
3168839
3168871
3168891
3168972
3168976
3170232
3170266
3170270
3170289
3170355
3170361
3170366
3170371
3170449
3170500
3170532
3170571
3170585
3170602
3170609
3170662
3170679
3170683
3170700
3170711
3170723
3170749
3170795
3170802
3170938
3170964
3171172
3171267
3171297
3171468
3171529
3171533
3171569
3171611
3171625
3172894
3172900
3172916
3172934
3172937
3172942
3172949
3172988
3172994
3173109
3173112
3173231
3173260
3173264
3173283
3173320
3173375
3173417
3173422
3173505
3173564
3173569
3173624
3173664
3173694
3173754
3173810
3173857
3173900
3174036
3174065
3174067
3174075
3174109
3174112
3174140
3174181
3174235
3174242
3174265
3174334
3174335
3174348
3174366
3174372
3174411
3174484
3175576
3175602
3175648
3175672
3175738
3175739
3175742
3175782
3175825
3175829
3175854
3175865
3175899
3175908
3175939
3175968
3175970
3176011
3176029
3176037
3176043
3176063
3176064
3176081
3176085
3176096
3176128
3176156
3176193
3176194
3176205
3176239
3176271
3176336
3176338
3176344
3176365
3176376
3176432
3176433
3176484
3176577
3176601
3176625
3176651
3176666
3176672
3176705
3176750
3176754
3176805
3176846
3176859
3176869
3176878
3176901
3176951
3176974
3176978
3177040
3177089
3177090
3177095
3177115
3177137
3177149
3178335
3178339
3178433
3178438
3178452
3178473
3178479
3178522
3178525
3178546
3178565
3178611
3178617
3178625
3178655
3178679
3178685
3178690
3178727
3178765
3178769
3178772
3178800
3178824
3178889
3178954
3178992
3179025
3179031
3179034
3179172
3179192
3179206
3179291
3179330
3179361
3179440
3179466
3179512
3179517
3179518
3179524
3179546
3179567
3179575
3179639
3179661
3179680
3179690
3179697
3179707
3179798
3179954
3179967
3179972
3179974
3180987
3181138
3181187
3181253
3181297
3181399
3181422
3181520
3181566
3181587
3181595
3181615
3181619
3181659
3181694
3181700
3181709
3181734
3181799
3181829
3181860
3181919
3181955
3181972
3182003
3182021
3182031
3182043
3182070
3182106
3182118
3182123
3182143
3182147
3182167
3182177
3182184
3182273
3182294
3182323
3182331
3182335
3182344
3182365
3182372
3182391
3182393
3182397
3182450
3182451
3182463
3182558
3183862
3183900
3183910
3183917
3183968
3183993
3184022
3184024
3184025
3184030
3184042
3184050
3184052
3184076
3184089
3184107
3184108
3184125
3184155
3184219
3184224
3184229
3184268
3184326
3184339
3184349
3184382
3184384
3184401
3184414
3184449
3184512
3184531
3184555
3184576
3184598
3184617
3184625
3184633
3184675
3184718
3184721
3184775
3184785
3184789
3184796
3184802
3184848
3184893
3184900
3184912
3184935
3184951
3184960
3184984
3185000
3185042
3185046
3185105
3185108
3185118
3185135
3185155
3185165
3185195
3185203
3185209
3185246
3185337
3186443
3186518
3186557
3186558
3186561
3186597
3186605
3186615
3186650
3186660
3186681
3186713
3186725
3186839
3186849
3186949
3187026
3187122
3187158
3187200
3187212
3187224
3187245
3187263
3187273
3187375
3187461
3187475
3187512
3187533
3187539
3187544
3187573
3187591
3187624
3187634
3187643
3187660
3187665
3187705
3187713
3187731
3187741
3187756
3187780
3187794
3187813
3187827
3187837
3187860
3187868
3188025
3188041
3188088
3190236
3190470
3190476
3190714
3190764
3190802
3192048
3192060
3192076
3192077
3192160
3192196
3192278
3192381
3192388
3192448
3192453
3192531
3192629
3192643
3192644
3192725
3192735
3192743
3192753
3192866
3192884
3192888
3192902
3192953
3192963
3193188
3193509
3193639
3194734
3194813
3194861
3195005
3195116
3195143
3195169
3195195
3195220
3195282
3195297
3195298
3195303
3195320
3195368
3195402
3195420
3195454
3195472
3195509
3195596
3195653
3195761
3195804
3195816
3195840
3195943
3195993
3196004
3196009
3196020
3196031
3196048
3196118
3196178
3196189
3196211
3196226
3196300
3196309
3196358
3196402
3197689
3197784
3197790
3197836
3197838
3197853
3197915
3198069
3198127
3198144
3198336
3198347
3198386
3198498
3198686
3198754
3198883
3198896
3198942
3198999
3199033
3199041
3199094
3199098
3199134
3199759
3199810
3199881
3199891
3199910
3200523
3200549
3200832
3202948
3202966
3203045
3203048
3203086
3203088
3203167
3203224
3203242
3203870
3203935
3203947
3203981
3203985
3203992
3204006
3204100
3204133
3204220
3204244
3204281
3204310
3204409
3204452
3208187
3208289
3208295
3208422
3208470
3208791
3208921
3209149
3209224
3209268
3209370
3209522
3209528
3209636
3213655
3213684
3213702
3213935
3213982
3214116
3214194
3214202
3214264
3214270
3214353
3214429
3214538
3214554
3214573
3214600
3214602
3214663
3214702
3214813
3214829
3214951
3214956
3214970
3215019
3215062
3215082
3215275
3215406
3215445
3215478
3215548
3215623
3215774
3215810
3215834
3215870
3215937
3216033
3216059
3216068
3216171
3216263
3216298
3216302
3216332
3216408
3216493
3216514
3218707
3218895
3218901
3218954
3218960
3218974
3218989
3219019
3219109
3219149
3219262
3219345
3219471
3219527
3219558
3219560
3219573
3219594
3219642
3219734
3219765
3219767
3219918
3219953
3219967
3219998
3220121
3220191
3220216
3220252
3220260
3220333
3220345
3220565
3220653
3220680
3220684
3220686
3220688
3220714
3220716
3220812
3220963
3220988
3221070
3221074
3221088
3221134
3221207
3221250
3221310
3221411
3221434
3221524
3221580
3221659
3221733
3221808
3223916
3223922
3224077
3224096
3224783
3224788
3224854
3224866
3224941
3224964
3224984
3225003
3225005
3225013
3225054
3225141
3225170
3225243
3225264
3225283
3225291
3225319
3225389
3225545
3225576
3225601
3225810
3225848
3225936
3226044
3226069
3226087
3226141
3226154
3226225
3226274
3226287
3226412
3226431
3226447
3226576
3226584
3226590
3226599
3226766
3226768
3226770
3226865
3226986
3226998
3227014
3227078
3227087
3227091
3228966
3229082
3229119
3229151
3229180
3229182
3229273
3229274
3229282
3229361
3229370
3229376
3229452
3229468
3229568
3229635
3229672
3229733
3229815
3229866
3229874
3229897
3229944
3230059
3230121
3230151
3230476
3230609
3230701
3230742
3230828
3230830
3230977
3231010
3231018
3231082
3231128
3231134
3231199
3231259
3231286
3231323
3231413
3231508
3231522
3231606
3231717
3231882
3231896
3231953
3231983
3232008
3232042
3232062
3232077
3232081
3232128
3232171
3234289
3234480
3234554
3234719
3234732
3234736
3234750
3234857
3234936
3234973
3235128
3235177
3235216
3235246
3235316
3235351
3235360
3235366
3235377
3235383
3235445
3235531
3235552
3235564
3235575
3235665
3235700
3235731
3235741
3235779
3235784
3235805
3235874
3235901
3235937
3235939
3235962
3236007
3236030
3236036
3236263
3236303
3236372
3236615
3236699
3236707
3236750
3236815
3236824
3236880
3236913
3236966
3236976
3237056
3237079
3237222
3239477
3239496
3239511
3239715
3239758
3239804
3239830
3239844
3240029
3240097
3240111
3240162
3240210
3240280
3240381
3240389
3240393
3240422
3240430
3240438
3240442
3240444
3240486
3240582
3240655
3240731
3240764
3240801
3240816
3240820
3240824
3240914
3240980
3241043
3241178
3241202
3241204
3241242
3241298
3241308
3241329
3241414
3241563
3241621
3241815
3241897
3241978
3242000
3242057
3242072
3242090
3242135
3242251
3242275
3244403
3244471
3244530
3244534
3244543
3244563
3244568
3244576
3244580
3244594
3244666
3244712
3244737
3244742
3244755
3244757
3244791
3244879
3244886
3244915
3244971
3244977
3245013
3245033
3245039
3245047
3245056
3245074
3245083
3245090
3245094
3245234
3245346
3245347
3245349
3245410
3245583
3245597
3245618
3245626
3245637
3245640
3245651
3245678
3245690
3245693
3245707
3245709
3245723
3245739
3245751
3245765
3245770
3245777
3245784
3245791
3245874
3245908
3245986
3246017
3246028
3246034
3246064
3246090
3247206
3247314
3247366
3247420
3247461
3247478
3247507
3247521
3247526
3247545
3247564
3247572
3247643
3247646
3247692
3247696
3247724
3247876
3247882
3247883
3247893
3247900
3247943
3247956
3247960
3247961
3247988
3247992
3247996
3248029
3248058
3248081
3248118
3248133
3248135
3248164
3248174
3248258
3248274
3248290
3248328
3248334
3248335
3248340
3248347
3248364
3248376
3248387
3248513
3248540
3248553
3248596
3248641
3248675
3248678
3248709
3248713
3248760
3249953
3249965
3249969
3249992
3250065
3250075
3250130
3250148
3250186
3250232
3250252
3250291
3250325
3250332
3250335
3250383
3250415
3250485
3250500
3250580
3250588
3250599
3250605
3250612
3250648
3250657
3250698
3250718
3250739
3250740
3250767
3250771
3250801
3250828
3250836
3250866
3250887
3250888
3250902
3250939
3250960
3250985
3251013
3251014
3251023
3251125
3251155
3251172
3251220
3251221
3251242
3251302
3251378
3251401
3251509
3252724
3252821
3253067
3253161
3253218
3253315
3253323
3253389
3253559
3253570
3253591
3253668
3253698
3253715
3253785
3253809
3253835
3253852
3253857
3253893
3253911
3253956
3253970
3253973
3253985
3253986
3254017
3254037
3254040
3254080
3254086
3254088
3254123
3254135
3254150
3254165
3254178
3254224
3254279
3255380
3255382
3255401
3255475
3255476
3255478
3255494
3255602
3255626
3255658
3255660
3255670
3255746
3255812
3255828
3255841
3255860
3255919
3255957
3255958
3255962
3255973
3256008
3256036
3256057
3256066
3256067
3256082
3256103
3256192
3256213
3256248
3256268
3256292
3256399
3256402
3256421
3256458
3256461
3256471
3256489
3256505
3256510
3256514
3256563
3256606
3256632
3256658
3256700
3256822
3256838
3256871
3256874
3256888
3256921
3256962
3258022
3258093
3258120
3258126
3258156
3258189
3258262
3258284
3258309
3258315
3258330
3258342
3258345
3258355
3258387
3258461
3258498
3258510
3258531
3258570
3258652
3258692
3259169
3259199
3259222
3259226
3259238
3259246
3259277
3259331
3259357
3259403
3259415
3259439
3259459
3259507
3259581
3259582
3259598
3259613
3259799
3260877
3261062
3261068
3261086
3261544
3261561
3261607
3261634
3261648
3261686
3261719
3261839
3261844
3261853
3261935
3261980
3261998
3262007
3262049
3262064
3262078
3262091
3262105
3262108
3262131
3262156
3262197
3262206
3262215
3262222
3262224
3262257
3262262
3262263
3262283
3262307
3262352
3262397
3262405
3262491
3263671
3263753
3263841
3263921
3263953
3263982
3263997
3264123
3264164
3264171
3264186
3264188
3264197
3264232
3264254
3264255
3264273
3264289
3264290
3264328
3264332
3264338
3264349
3264350
3264354
3264360
3264393
3264427
3264564
3264623
3264701
3264744
3264855
3264999
3265227
3265310
3265390
3265435
3265441
3265544
3265551
3265561
3265690
3265732
3265801
3265954
3267967
3268092
3268140
3268329
3268343
3268433
3268485
3268531
3268570
3268614
3268668
3268768
3268893
3268966
3269217
3269299
3269314
3269328
3269332
3269491
3269578
3269767
3269860
3269872
3269876
3269908
3269912
3270017
3270206
3270214
3270244
3270260
3270279
3270399
3270420
3270475
3270520
3270685
3270725
3270733
3270771
3270925
3271008
3271018
3271039
3271082
3273300
3273306
3273350
3273486
3273507
3273509
3273515
3273525
3273558
3273589
3273614
3273682
3273703
3273761
3273816
3273830
3273853
3273864
3273930
3273980
3273996
3274009
3274066
3274097
3274196
3274231
3274287
3274344
3274377
3274476
3274482
3274568
3274576
3274630
3274655
3274663
3274694
3274696
3274708
3274718
3274722
3274805
3274807
3274827
3274860
3274866
3275038
3275077
3275081
3275093
3275104
3275172
3275203
3275217
3275235
3275268
3275321
3275328
3275438
3275503
3275568
3275629
3275740
3275746
3275750
3275852
3275929
3276023
3276068
3276152
3276181
3276189
3276242
3278700
3278725
3322456
3322514
3323156
3324167
3330396
3330514
3331279
3331426
3331446
3331744
3332404
3332454
3334627
3334707
3334757
3334834
3336116
3340350
3340358
3340362
3341675
3341692
3341844
3341854
3341885
3341955
3341960
3341976
3342017
3342031
3342099
3342130
3342166
3342223
3342235
3342288
3342342
3342406
3342421
3342433
3342443
3342486
3342608
3342611
3342653
3342711
3342785
3342879
3342956
3343022
3343070
3343092
3343096
3343100
3343137
3343158
3343183
3343203
3343217
3343221
3343225
3343228
3343235
3343238
3343275
3343307
3343402
3343412
3343576
3343581
3343590
3343609
3343628
3343653
3343663
3343721
3343765
3343776
3343813
3343830
3343881
3343882
3343889
3343910
3343930
3343933
3344004
3344005
3344024
3344028
3344030
3344040
3344107
3344146
3344160
3344180
3344210
3344297
3344342
3344346
3344362
3344380
3344393
3344477
3344509
3344513
3344548
3344558
3344586
3344618
3344702
3344708
3344755
3344783
3344784
3344805
3344823
3344834
3344839
3344850
3344853
3344914
3344934
3344944
3345050
3345068
3345090
3345193
3345197
3345217
3345234
3345242
3345280
3345307
3345323
3345343
3345361
3345458
3345475
3345478
3345553
3345574
3345595
3345671
3345678
3345753
3345791
3345796
3345811
3345815
3345846
3345892
3345894
3345907
3345908
3345953
3345979
3345985
3345986
3345992
3346012
3346028
3346060
3346080
3346118
3346151
3346174
3346187
3346198
3346245
3346264
3346313
3346343
3346405
3346419
3346441
3346517
3346528
3346540
3346563
3346569
3346638
3346644
3346752
3346794
3346839
3346888
3346889
3346909
3346912
3346939
3346952
3346999
3347010
3347029
3347032
3347041
3347077
3347093
3347118
3347132
3347142
3347168
3347212
3347218
3347224
3347230
3347358
3347393
3347482
3347522
3347533
3347562
3347611
3347619
3347673
3347681
3347821
3347822
3347826
3347865
3347870
3347898
3347903
3347907
3347918
3347932
3347965
3347994
3348098
3348116
3348204
3348228
3351779
3351785
3351812
3351836
3351854
3351881
3351892
3351923
3351988
3352026
3352059
3352093
3352109
3352112
3352141
3352153
3352231
3352249
3352304
3352308
3352336
3352370
3352448
3352496
3352553
3352576
3352595
3352597
3352601
3352603
3352623
3352681
3352686
3352699
3352713
3352742
3352743
3352744
3352760
3352794
3352810
3352826
3352833
3352858
3352873
3352920
3352926
3352965
3352994
3353026
3353078
3353086
3353128
3353163
3353272
3353298
3353315
3353316
3353324
3353385
3353393
3353401
3353405
3353422
3353432
3353468
3353471
3353587
3353595
3353610
3353652
3353660
3353680
3353690
3353767
3353848
3353899
3353911
3353965
3353980
3353987
3353994
3354019
3354020
3354024
3354031
3354055
3354074
3354184
3354191
3354230
3354246
3354248
3354252
3354298
3354308
3354339
3354490
3354533
3354554
3354607
3354610
3354615
3354643
3354645
3354654
3354705
3354706
3354715
3354743
3354778
3354789
3354790
3354797
3354798
3354808
3354829
3354860
3354879
3354914
3354921
3354935
3355000
3355004
3355054
3355058
3355064
3356426
3356646
3356857
3357183
3357254
3357258
3357378
3357599
3357899
3358100
3358210
3358417
3358469
3358505
3358542
3358595
3358613
3358660
3358696
3358730
3358769
3358813
3358834
3358840
3358855
3358920
3358981
3359063
3359085
3359088
3359110
3359138
3359204
3359224
3359239
3359265
3359268
3359279
3359296
3359300
3359398
3359413
3359486
3359490
3359494
3359581
3359617
3359679
3359729
3359751
3359778
3359814
3359945
3359975
3360036
3360098
3360156
3360163
3360236
3360248
3360263
3360265
3360296
3360367
3360452
3360480
3360495
3360513
3360514
3360569
3360665
3360721
3360736
3360802
3360860
3360876
3360897
3360937
3361026
3361107
3361117
3361241
3361341
3361365
3361380
3361426
3361478
3361481
3361499
3361539
3361623
3361638
3361701
3361707
3361733
3361795
3361877
3362062
3362065
3362194
3362247
3362259
3362265
3362298
3362309
3362425
3362434
3362494
3362500
3362595
3362842
3362932
3362958
3363018
3363022
3363025
3363031
3363052
3363130
3363134
3363138
3363192
3363332
3363461
3363531
3363540
3363567
3363579
3363607
3363622
3363660
3363734
3363735
3363738
3363778
3363779
3363808
3363831
3363846
3363908
3363924
3364018
3364091
3364211
3364241
3364308
3364404
3364500
3364548
3364605
3364661
3364706
3364733
3364785
3364808
3364839
3364844
3364906
3364971
3364996
3365045
3365074
3365172
3365199
3365212
3365225
3365229
3365412
3365450
3365506
3365512
3365521
3365522
3365537
3365541
3365542
3365581
3365587
3365717
3365876
3365879
3365891
3365920
3365963
3365965
3365968
3366011
3366016
3366091
3366095
3366138
3366201
3366220
3366242
3366292
3366326
3366347
3366361
3366411
3366427
3366589
3366707
3366750
3366794
3366798
3366829
3366845
3366865
3366952
3366964
3366994
3367026
3367038
3367059
3367115
3367192
3367194
3367239
3367264
3367268
3367269
3367315
3367345
3367383
3367448
3367458
3367496
3367525
3367530
3367541
3367636
3367656
3367681
3367688
3367706
3367735
3367859
3367965
3367984
3368004
3368139
3368140
3368155
3368186
3368271
3368324
3368335
3368359
3368607
3368655
3368658
3368718
3368738
3373600
3373624
3373667
3373679
3373681
3373711
3373788
3373796
3373813
3373814
3373888
3373942
3373947
3373972
3374001
3374067
3374079
3374097
3374119
3374257
3374306
3374330
3374342
3374383
3374429
3374433
3374478
3374488
3374504
3374524
3374530
3374561
3374614
3374655
3374689
3374710
3374735
3374745
3374755
3374841
3374846
3374857
3374867
3374873
3374885
3375023
3375122
3375124
3375151
3375179
3375193
3375202
3375234
3375294
3375323
3375399
3375402
3375404
3375408
3375425
3375437
3375463
3375488
3375525
3375532
3375547
3375553
3375636
3375684
3375694
3375721
3375761
3375832
3375855
3375909
3376013
3376082
3376128
3376139
3376155
3376240
3376270
3376277
3376357
3376384
3376389
3376397
3376422
3376439
3376471
3376543
3376609
3376632
3376663
3376701
3376702
3376749
3376753
3376773
3376794
3376928
3377081
3377159
3377162
3377182
3377194
3377259
3377317
3377322
3377329
3377373
3377391
3377412
3377488
3377501
3377581
3377617
3377621
3377622
3377644
3377664
3377691
3377706
3377738
3377809
3377843
3377922
3377933
3377939
3378049
3378181
3378184
3378231
3378232
3378293
3378379
3378393
3378407
3378446
3378509
3378516
3378560
3378645
3378654
3378687
3378694
3378716
3378724
3378743
3378771
3378775
3378803
3378805
3378835
3378918
3379003
3379043
3379078
3379118
3379132
3379200
3379205
3379252
3379268
3379316
3379329
3379348
3379382
3379388
3379417
3379630
3379649
3379670
3379671
3379687
3379817
3379833
3379906
3380350
3380370
3380503
3380537
3380798
3381010
3381095
3381158
3381281
3381288
3381331
3381332
3381391
3381435
3381514
3381751
3381999
3382015
3382113
3382173
3382197
3382244
3382341
3382460
3382598
3382602
3382853
3382921
3382948
3382963
3383028
3383236
3383288
3383442
3383519
3383651
3383736
3383740
3383756
3383809
3383832
3383850
3383913
3383942
3383945
3383950
3384014
3384052
3384078
3384156
3384187
3384222
3384223
3384333
3384369
3384379
3384381
3384567
3384645
3384683
3384854
3384969
3384980
3385044
3385082
3385103
3385182
3385194
3385196
3385262
3385269
3385335
3385355
3385356
3385392
3385443
3385466
3385478
3385518
3385525
3385570
3385580
3385635
3385648
3385656
3385662
3385710
3385784
3385818
3385843
3385852
3385934
3386094
3386112
3386122
3386131
3386149
3386160
3386168
3386237
3386363
3386436
3386466
3386497
3386602
3386604
3386618
3386626
3386661
3386717
3386723
3386759
3386761
3386792
3386871
3386875
3386884
3386939
3386964
3386975
3386984
3387057
3387107
3387245
3387295
3387315
3387329
3387386
3387410
3387482
3387497
3387501
3387545
3387589
3387608
3387626
3387661
3387792
3387798
3387814
3387881
3387903
3387909
3387962
3388089
3388196
3388280
3388281
3388330
3388367
3388390
3388410
3388425
3388429
3388447
3388480
3388499
3388533
3388577
3388586
3388624
3388641
3388723
3388761
3388828
3388848
3388857
3388869
3388881
3388907
3388912
3388930
3389039
3389048
3389080
3389083
3389130
3389153
3389172
3389177
3389349
3389350
3389460
3389483
3389623
3389639
3389656
3389660
3389756
3389769
3389770
3389777
3389850
3389921
3389940
3389954
3389995
3390049
3390241
3390272
3390283
3390352
3390441
3390449
3390527
3390562
3390614
3390657
3390670
3390684
3390767
3390865
3390993
3391116
3391210
3391242
3391398
3395271
3395311
3395323
3395335
3395408
3395544
3395547
3395644
3395782
3395804
3395818
3395838
3395926
3395948
3395957
3395964
3395974
3396020
3396073
3396153
3396172
3396191
3396192
3396248
3396279
3396305
3396368
3396375
3396409
3396416
3396488
3396495
3396533
3396542
3396548
3396571
3396577
3396587
3396642
3396665
3396695
3396720
3396734
3396825
3396865
3396897
3396943
3396947
3396998
3397007
3397014
3397019
3397023
3397108
3397114
3397161
3397178
3397182
3397239
3397288
3397292
3397387
3397474
3397491
3397556
3397646
3397660
3397664
3397718
3397822
3397868
3397872
3397885
3397890
3398020
3398029
3398073
3398126
3398168
3398212
3398274
3398360
3398450
3398510
3398623
3398733
3398804
3399092
3399112
3399129
3399181
3399216
3399357
3399411
3399537
3400058
3400142
3400234
3400273
3400278
3400342
3400471
3400509
3400515
3400553
3400558
3400603
3400613
3400618
3400757
3400767
3400863
3400932
3400945
3400995
3401029
3401120
3401124
3401150
3401184
3401191
3401321
3401360
3401383
3401503
3401530
3401559
3401771
3401787
3401919
3402104
