0.000000 0.666667 0.705357 0.705357
0.025000 0.650847 0.705357 0.705357
0.050000 0.632013 0.686616 0.686616
0.075000 0.584944 0.664095 0.664095
0.100000 0.549427 0.629426 0.629426
0.125000 0.521786 0.595921 0.595921
0.150000 0.491663 0.574507 0.574507
0.175000 0.464979 0.545702 0.545702
0.200000 0.433909 0.512487 0.512487
0.225000 0.408381 0.485304 0.485304
0.250000 0.385513 0.444679 0.444679
0.275000 0.345630 0.404027 0.404027
0.300000 0.308798 0.357170 0.357170
0.325000 0.270408 0.304348 0.304348
0.350000 0.228691 0.239430 0.239430
0.375000 0.178921 0.155354 0.155354
0.400000 0.122263 0.067067 0.067067
0.425000 0.055575 0.032298 0.032298
0.450000 0.021341 0.000000 0.000000
0.475000 0.000000 0.000000 0.000000
0.500000 0.000000 0.000000 0.000000
0.525000 0.000000 0.000000 0.000000
0.550000 0.000000 0.000000 0.000000
0.575000 0.000000 0.000000 0.000000
0.600000 0.000000 0.000000 0.000000
0.625000 0.000000 0.000000 0.000000
0.650000 0.000000 0.000000 0.000000
0.675000 0.000000 0.000000 0.000000
0.700000 0.000000 0.000000 0.000000
0.725000 0.000000 0.000000 0.000000
0.750000 0.000000 0.000000 0.000000
0.775000 0.000000 0.000000 0.000000
0.800000 0.000000 0.000000 0.000000
0.825000 0.000000 0.000000 0.000000
0.850000 0.000000 0.000000 0.000000
0.875000 0.000000 0.000000 0.000000
0.900000 0.000000 0.000000 0.000000
0.925000 0.000000 0.000000 0.000000
0.950000 0.000000 0.000000 0.000000
0.975000 0.000000 0.000000 0.000000
1.000000 0.000000 0.000000 0.000000
