0.000000 1.000000 1.000000 1.000000
0.025000 0.662069 0.705100 0.705100
0.050000 0.643697 0.680896 0.680896
0.075000 0.594008 0.658385 0.658385
0.100000 0.552518 0.623835 0.623835
0.125000 0.526374 0.594837 0.594837
0.150000 0.496975 0.569382 0.569382
0.175000 0.467759 0.530997 0.530997
0.200000 0.428571 0.498629 0.498629
0.225000 0.396096 0.469421 0.469421
0.250000 0.368958 0.434444 0.434444
0.275000 0.337496 0.389167 0.389167
0.300000 0.296354 0.341872 0.341872
0.325000 0.257414 0.291382 0.291382
0.350000 0.218770 0.227240 0.227240
0.375000 0.174211 0.139904 0.139904
0.400000 0.110367 0.054812 0.054812
0.425000 0.044429 0.032394 0.032394
0.450000 0.021270 0.000000 0.000000
0.475000 0.000000 0.000000 0.000000
0.500000 0.000000 0.000000 0.000000
0.525000 0.000000 0.000000 0.000000
0.550000 0.000000 0.000000 0.000000
0.575000 0.000000 0.000000 0.000000
0.600000 0.000000 0.000000 0.000000
0.625000 0.000000 0.000000 0.000000
0.650000 0.000000 0.000000 0.000000
0.675000 0.000000 0.000000 0.000000
0.700000 0.000000 0.000000 0.000000
0.725000 0.000000 0.000000 0.000000
0.750000 0.000000 0.000000 0.000000
0.775000 0.000000 0.000000 0.000000
0.800000 0.000000 0.000000 0.000000
0.825000 0.000000 0.000000 0.000000
0.850000 0.000000 0.000000 0.000000
0.875000 0.000000 0.000000 0.000000
0.900000 0.000000 0.000000 0.000000
0.925000 0.000000 0.000000 0.000000
0.950000 0.000000 0.000000 0.000000
0.975000 0.000000 0.000000 0.000000
1.000000 0.000000 0.000000 0.000000
