2979741
3035100
3035248
3035783
3036489
3037897
3038414
3038530
3038889
3039214
3040503
3040850
3041463
3041472
3041512
3043390
3044027
3044101
3044386
3046467
3046571
3046576
3046758
3048870
3048878
3049038
3049080
3049484
3049511
3049516
3049576
3049713
3049741
3051552
3051802
3052260
3052302
3052311
3052655
3052946
3053306
3055019
3055799
3056796
3056827
3056832
3057042
3057090
3057277
3057294
3057590
3057594
3059657
3060017
3060199
3060266
3060328
3062850
3063074
3064184
3064204
3064316
3064457
3064483
3065350
3065494
3065602
3066879
3067054
3067273
3067506
3068232
3068559
3070774
3071200
3072708
3073168
3073288
3073669
3075683
3075968
3075972
3077730
3077758
3077994
3078260
3078269
3078320
3078327
3078457
3078486
3078492
3078736
3078804
3079062
3079358
3080781
3081138
3081575
3083129
3083267
3083815
3083949
3084405
3086232
3086259
3086516
3086521
3087126
3089289
3089680
3090171
3091543
3091570
3092091
3092230
3094334
3094544
3095189
3095313
3095363
3096968
3097089
3097893
3098090
3098255
3099440
3099714
3099776
3100325
3100666
3101068
3101069
3102081
3102107
3102314
3102716
3102802
3102866
3103031
3103236
3103334
3103637
3104854
3104890
3105008
3105179
3105198
3105320
3105536
3105589
3105647
3105905
3106015
3107339
3107792
3108558
3108684
3110769
3111058
3111061
3111067
3111422
3111955
3113773
3113903
3113989
3114345
3117258
3117477
3117680
3117689
3117773
3117834
3117950
3118004
3118300
3118621
3119919
3119968
3120206
3120405
3120500
3121062
3121233
3122647
3122753
3123200
3123586
3123699
3123888
3124005
3124065
3124100
3125323
3125656
3125687
3125916
3125930
3126806
3128110
3128225
3128474
3128577
3128632
3128910
3128958
3128999
3129291
3130818
3130826
3131134
3133409
3133624
3134241
3134389
3134556
3134735
3134830
3136036
3136044
3136211
3136275
3136521
3137217
3137464
3138948
3139463
3139573
3139718
3140181
3143170
3143484
3144378
3147232
3148968
3149944
3150216
3153437
3153562
3153972
3154160
3154179
3154507
3156805
3159362
3159456
3159838
3160103
3160160
3162399
3164627
3165104
3165207
3165413
3165768
3165918
3167701
3168227
3168494
3168803
3170077
3170296
3170490
3170702
3170711
3170783
3171138
3171231
3171325
3171544
3173230
3173247
3173500
3173739
3173766
3174135
3174259
3175706
3175935
3176191
3176210
3176289
3176711
3176762
3177044
3177114
3178474
3178677
3178735
3178819
3178838
3179929
3181265
3181337
3181353
3182190
3182345
3182446
3183927
3184123
3184323
3184702
3184942
3186831
3187022
3187249
3187452
3187584
3187830
3188095
3190856
3193102
3195037
3195448
3198486
3199560
3200527
3200806
3203174
3203889
3204054
3208349
3213811
3214262
3214478
3214900
3215201
3215569
3216445
3216596
3219504
3219888
3221184
3224062
3224461
3224891
3227049
3229936
3230646
3231095
3231210
3231692
3231697
3231709
3234355
3235054
3235393
3235431
3240982
3244518
3245030
3245806
3247388
3247590
3247902
3248510
3248995
3250661
3252676
3253346
3253944
3254279
3256208
3256810
3256951
3258020
3258368
3258370
3259380
3259630
3260845
3261593
3263925
3264044
3264088
3264093
3264488
3264533
3265461
3267955
3268109
3268344
3268406
3268660
3269714
3270246
3270710
3273329
3273556
3273836
3273961
3275519
3323539
3331461
3331618
3341811
3342940
3343352
3343812
3343855
3343876
3344064
3344876
3345373
3345468
3345829
3345852
3345860
3346428
3347017
3347062
3349016
3351821
3351833
3351991
3352332
3352637
3352923
3353276
3353538
3354234
3354688
3356954
3357006
3358242
3359065
3359110
3359234
3359249
3360283
3360609
3361321
3363363
3363843
3364091
3365257
3365441
3366008
3366106
3366257
3366540
3366546
3366741
3366854
3367043
3367668
3373817
3373952
3374141
3374413
3374698
3375751
3375847
3375953
3376651
3377886
3378214
3379520
3380159
3381199
3381296
3381311
3382932
3383153
3383603
3385421
3385460
3385720
3385784
3386168
3386494
3386710
3387364
3387901
3388208
3388230
3388642
3388707
3388762
3389452
3389523
3389619
3389899
3390309
3395714
3395883
3396159
3396412
3396498
3396613
3397376
3397433
3398754
3400001
3400054
3400252
3400938
3401368
3402031
