0.000000 1.000000 1.000000 1.000000
0.025000 0.585586 0.655031 0.655031
0.050000 0.571010 0.640562 0.640562
0.075000 0.550329 0.624674 0.624674
0.100000 0.520374 0.604927 0.604927
0.125000 0.487000 0.557692 0.557692
0.150000 0.455218 0.528859 0.528859
0.175000 0.427184 0.502700 0.502700
0.200000 0.397501 0.472515 0.472515
0.225000 0.373509 0.440221 0.440221
0.250000 0.347857 0.401131 0.401131
0.275000 0.310770 0.364637 0.364637
0.300000 0.276916 0.321360 0.321360
0.325000 0.245565 0.269648 0.269648
0.350000 0.203052 0.203963 0.203963
0.375000 0.158506 0.125206 0.125206
0.400000 0.098946 0.045432 0.045432
0.425000 0.037464 0.032190 0.032190
0.450000 0.021359 0.000000 0.000000
0.475000 0.000000 0.000000 0.000000
0.500000 0.000000 0.000000 0.000000
0.525000 0.000000 0.000000 0.000000
0.550000 0.000000 0.000000 0.000000
0.575000 0.000000 0.000000 0.000000
0.600000 0.000000 0.000000 0.000000
0.625000 0.000000 0.000000 0.000000
0.650000 0.000000 0.000000 0.000000
0.675000 0.000000 0.000000 0.000000
0.700000 0.000000 0.000000 0.000000
0.725000 0.000000 0.000000 0.000000
0.750000 0.000000 0.000000 0.000000
0.775000 0.000000 0.000000 0.000000
0.800000 0.000000 0.000000 0.000000
0.825000 0.000000 0.000000 0.000000
0.850000 0.000000 0.000000 0.000000
0.875000 0.000000 0.000000 0.000000
0.900000 0.000000 0.000000 0.000000
0.925000 0.000000 0.000000 0.000000
0.950000 0.000000 0.000000 0.000000
0.975000 0.000000 0.000000 0.000000
1.000000 0.000000 0.000000 0.000000
