2979193
2979233
2979265
2979300
2979687
2979850
3035244
3035744
3035921
3036344
3036347
3038855
3038965
3040541
3040681
3041002
3041091
3041541
3043156
3043334
3044525
3044622
3047348
3049841
3049979
3051789
3051803
3051951
3051955
3052141
3052870
3053113
3054656
3054715
3056868
3057386
3058796
3058976
3059363
3059460
3059470
3059513
3059662
3059755
3059857
3060220
3060341
3061701
3061760
3061963
3062363
3062606
3062845
3064332
3064443
3064539
3064816
3064897
3064934
3065434
3066810
3066946
3067244
3067323
3067740
3069698
3069806
3069863
3070143
3070645
3072776
3072783
3072794
3072855
3073089
3075878
3075905
3076084
3076333
3076455
3077724
3077911
3078203
3078350
3078825
3078905
3080492
3080751
3080758
3081138
3081894
3083528
3083634
3083673
3084306
3084377
3086249
3086435
3086592
3086600
3086725
3086812
3089444
3089931
3091784
3092155
3094261
3094284
3094481
3094830
3094832
3095043
3097057
3097346
3097706
3098097
3099794
3099838
3099926
3100003
3100019
3100706
3100761
3102225
3102384
3102433
3102937
3103015
3103249
3103313
3103521
3103560
3103615
3104878
3104979
3105036
3105414
3105557
3105622
3105654
3105737
3105865
3106368
3107325
3107439
3107506
3107653
3107774
3108492
3108567
3108569
3108639
3108941
3110506
3110911
3110949
3111189
3111195
3113667
3113825
3113914
3114046
3114062
3114478
3115901
3117186
3118004
3118042
3120809
3121252
3122629
3122878
3122960
3123111
3123123
3123280
3125077
3125181
3125494
3125719
3125779
3125890
3128081
3128243
3128714
3128915
3128973
3129112
3130894
3131260
3131329
3131887
3131935
3134471
3134680
3134724
3136374
3136505
3137135
3137309
3137450
3139028
3139113
3139546
3139654
3139731
3140368
3142190
3142382
3142439
3143859
3145052
3145056
3145097
3147270
3147353
3147372
3147575
3148118
3148565
3149681
3153577
3154001
3154385
3154602
3154945
3155232
3156691
3156836
3157152
3157202
3157298
3157585
3157828
3159322
3159874
3160119
3160491
3160594
3162114
3162258
3162280
3162452
3162633
3162719
3162868
3163106
3163255
3164841
3165217
3165514
3166059
3166064
3166119
3168049
3168200
3168214
3168431
3168459
3168654
3170498
3170576
3170792
3170837
3171260
3171410
3173071
3173523
3173783
3174190
3175835
3176081
3176381
3176557
3176574
3176578
3177098
3178776
3178839
3179614
3181197
3181460
3181543
3181591
3181786
3182037
3182042
3182298
3184005
3184297
3184509
3184818
3185030
3185344
3186687
3187014
3187067
3187178
3187263
3187402
3187715
3187835
3192446
3193273
3193284
3193528
3193630
3195016
3195275
3195346
3195440
3195446
3195467
3195868
3197743
3199856
3200551
3202967
3203066
3203215
3204082
3204137
3208191
3208426
3208567
3209226
3214058
3215331
3215843
3215876
3216479
3216557
3220233
3220310
3220986
3221754
3224394
3225677
3225786
3229263
3229644
3229811
3230453
3230590
3231300
3232020
3234936
3235133
3235458
3235999
3237047
3240418
3241258
3241488
3241621
3241730
3241896
3244555
3244627
3244807
3247733
3247753
3248132
3250849
3253576
3253776
3253895
3255456
3255510
3256029
3256452
3256533
3256788
3256970
3258247
3258548
3258716
3259811
3261666
3261977
3264174
3264370
3264673
3268238
3268343
3269065
3269405
3269505
3269826
3270067
3270220
3270470
3270746
3271008
3273742
3273769
3275471
3275793
3322446
3323143
3323925
3330450
3334846
3342320
3342965
3343188
3343848
3344026
3344101
3344104
3344739
3344766
3345435
3345564
3346151
3346919
3346998
3347239
3347328
3347787
3351991
3352074
3353102
3353197
3353362
3353688
3354846
3357114
3357161
3358112
3358587
3358866
3359067
3359178
3359216
3360145
3360187
3360323
3360797
3361542
3361579
3364127
3364142
3364616
3365124
3365729
3365940
3366152
3366234
3366656
3366807
3367059
3367084
3367192
3367745
3368095
3368269
3368626
3373848
3373968
3374237
3374245
3375301
3376304
3377102
3377290
3377388
3377997
3378295
3378345
3379761
3380453
3381435
3382086
3382090
3382456
3382953
3384124
3384321
3385002
3385062
3385297
3385614
3385691
3385820
3386921
3387000
3387517
3388800
3388888
3389518
3389808
3390038
3390940
3397500
3397605
3398059
3398223
3398495
3400194
