0.000000 1.000000 1.000000 1.000000
0.025000 0.869565 0.837838 0.837838
0.050000 0.606061 0.700000 0.700000
0.075000 0.590000 0.643836 0.643836
0.100000 0.572464 0.636364 0.636364
0.125000 0.562500 0.610895 0.610895
0.150000 0.515152 0.564179 0.564179
0.175000 0.461794 0.514019 0.514019
0.200000 0.410853 0.476281 0.476281
0.225000 0.367010 0.451356 0.451356
0.250000 0.337308 0.412073 0.412073
0.275000 0.287220 0.364594 0.364594
0.300000 0.264739 0.340560 0.340560
0.325000 0.221269 0.284621 0.284621
0.350000 0.193999 0.232558 0.232558
0.375000 0.145232 0.176404 0.176404
0.400000 0.090961 0.075639 0.075639
0.425000 0.022866 0.032235 0.032235
0.450000 0.020985 0.000000 0.000000
0.475000 0.000000 0.000000 0.000000
0.500000 0.000000 0.000000 0.000000
0.525000 0.000000 0.000000 0.000000
0.550000 0.000000 0.000000 0.000000
0.575000 0.000000 0.000000 0.000000
0.600000 0.000000 0.000000 0.000000
0.625000 0.000000 0.000000 0.000000
0.650000 0.000000 0.000000 0.000000
0.675000 0.000000 0.000000 0.000000
0.700000 0.000000 0.000000 0.000000
0.725000 0.000000 0.000000 0.000000
0.750000 0.000000 0.000000 0.000000
0.775000 0.000000 0.000000 0.000000
0.800000 0.000000 0.000000 0.000000
0.825000 0.000000 0.000000 0.000000
0.850000 0.000000 0.000000 0.000000
0.875000 0.000000 0.000000 0.000000
0.900000 0.000000 0.000000 0.000000
0.925000 0.000000 0.000000 0.000000
0.950000 0.000000 0.000000 0.000000
0.975000 0.000000 0.000000 0.000000
1.000000 0.000000 0.000000 0.000000
