2979120
2979184
2979188
2979192
2979206
2979216
2979233
2979247
2979253
2979289
2979310
2979320
2979707
2979713
2979717
2979739
2979760
2979769
2979772
2979790
2979793
2979798
2979811
3034939
3034941
3034956
3034958
3034981
3034989
3035002
3035039
3035046
3035052
3035055
3035062
3035073
3035117
3035121
3035129
3035154
3035181
3035185
3035189
3035253
3035257
3035266
3035362
3035370
3035373
3035691
3035707
3035709
3035715
3035733
3035736
3035745
3035747
3035787
3035809
3035815
3035839
3035843
3035847
3035873
3035879
3035886
3035902
3035910
3035913
3035967
3035988
3035996
3036004
3036034
3036054
3036083
3036106
3036112
3036118
3036129
3036142
3036158
3036159
3036197
3036231
3036233
3036241
3036260
3036265
3036266
3036292
3036296
3036311
3036323
3036330
3036372
3036374
3036417
3036418
3036422
3036425
3036431
3036442
3036449
3036461
3036500
3036502
3037689
3037869
3037891
3037923
3037929
3037941
3037952
3037988
3038112
3038123
3038137
3038143
3038145
3038211
3038215
3038229
3038247
3038269
3038276
3038302
3038303
3038310
3038316
3038322
3038332
3038348
3038364
3038371
3038401
3038418
3038490
3038510
3038545
3038585
3038598
3038603
3038631
3038634
3038637
3038652
3038655
3038657
3038700
3038702
3038707
3038709
3038745
3038775
3038785
3038787
3038790
3038795
3038797
3038805
3038808
3038812
3038813
3038823
3038827
3038830
3038839
3038845
3038864
3038876
3038877
3038892
3038894
3038920
3038935
3038943
3038949
3038950
3038965
3038966
3038975
3038982
3038991
3039031
3039038
3039051
3039055
3039075
3039085
3039108
3039124
3039160
3039180
3039188
3039195
3039244
3039250
3040353
3040357
3040361
3040365
3040366
3040379
3040401
3040406
3040409
3040411
3040430
3040432
3040440
3040453
3040459
3040473
3040497
3040507
3040510
3040526
3040562
3040581
3040603
3040631
3040637
3040651
3040660
3040672
3040674
3040690
3040711
3040716
3040724
3040758
3040759
3040760
3040772
3040801
3040874
3040889
3040914
3040916
3040917
3040935
3040940
3040960
3040962
3040963
3040969
3040974
3040979
3041016
3041041
3041047
3041051
3041071
3041080
3041100
3041106
3041114
3041122
3041128
3041160
3041165
3041170
3041174
3041198
3041231
3041248
3041254
3041260
3041272
3041278
3041288
3041302
3041317
3041320
3041322
3041343
3041371
3041390
3041394
3041432
3041441
3041445
3041460
3041469
3041470
3041475
3041483
3041486
3041492
3041497
3041512
3041517
3041533
3041547
3041563
3041579
3041584
3041586
3041595
3041598
3041608
3041637
3041662
3041700
3041716
3041725
3041770
3041787
3041793
3041814
3041816
3041817
3041944
3041948
3041949
3041984
3041985
3041987
3041990
3043098
3043157
3043194
3043200
3043275
3043285
3043308
3043309
3043312
3043316
3043328
3043373
3043406
3043409
3043441
3043449
3043459
3043463
3043487
3043490
3043527
3043537
3043587
3043605
3043609
3043610
3043621
3043628
3043630
3043642
3043656
3043667
3043681
3043701
3043750
3043753
3043759
3043786
3043789
3043793
3043794
3043829
3043839
3043849
3043861
3043862
3043863
3043881
3043886
3043896
3043901
3043938
3043945
3043959
3043961
3043965
3043967
3043976
3043990
3044016
3044021
3044049
3044062
3044100
3044103
3044138
3044161
3044163
3044178
3044186
3044191
3044197
3044222
3044226
3044233
3044238
3044243
3044246
3044256
3044382
3044389
3044391
3044407
3044460
3044492
3044502
3044618
3044633
3044638
3044656
3045688
3045703
3045708
3045742
3045753
3045801
3045876
3045886
3045901
3045902
3045924
3045929
3045945
3045959
3045967
3045984
3046013
3046015
3046025
3046038
3046053
3046062
3046069
3046082
3046084
3046095
3046103
3046105
3046148
3046169
3046185
3046204
3046232
3046245
3046290
3046325
3046339
3046357
3046369
3046371
3046388
3046410
3046413
3046421
3046439
3046469
3046471
3046536
3046542
3046547
3046551
3046593
3046597
3046611
3046617
3046628
3046633
3046634
3046678
3046682
3046684
3046697
3046717
3046720
3046734
3046739
3046745
3046769
3046775
3046785
3046797
3046801
3046831
3046856
3046859
3046877
3046881
3046889
3046921
3046930
3046934
3046939
3046957
3046961
3046967
3046973
3047002
3047025
3047069
3047073
3047084
3047123
3047138
3047142
3047149
3047153
3047165
3047167
3047168
3047177
3047190
3047191
3047196
3047205
3047214
3047239
3047243
3047255
3047266
3047279
3047290
3047296
3047297
3047314
3047319
3047323
3047340
3047380
3047426
3048421
3048439
3048473
3048525
3048532
3048559
3048595
3048614
3048665
3048695
3048726
3048729
3048730
3048731
3048784
3048826
3048831
3048835
3048851
3048857
3048881
3048887
3048919
3048929
3048977
3048990
3049010
3049011
3049018
3049054
3049073
3049081
3049104
3049108
3049113
3049115
3049124
3049141
3049186
3049195
3049220
3049251
3049252
3049260
3049291
3049306
3049308
3049310
3049326
3049349
3049396
3049403
3049418
3049425
3049456
3049457
3049469
3049491
3049495
3049501
3049512
3049516
3049523
3049525
3049527
3049538
3049548
3049551
3049576
3049581
3049644
3049657
3049658
3049659
3049690
3049691
3049693
3049717
3049720
3049721
3049734
3049750
3049752
3049762
3049766
3049769
3049778
3049782
3049833
3049836
3049853
3049867
3049881
3049887
3049914
3049952
3049955
3049956
3049977
3049982
3050003
3051124
3051138
3051143
3051151
3051166
3051233
3051238
3051285
3051326
3051330
3051338
3051347
3051348
3051349
3051370
3051395
3051402
3051410
3051470
3051482
3051496
3051538
3051549
3051553
3051601
3051633
3051637
3051653
3051656
3051689
3051692
3051705
3051714
3051721
3051728
3051737
3051739
3051747
3051752
3051753
3051761
3051778
3051788
3051802
3051806
3051829
3051834
3051858
3051862
3051863
3051864
3051876
3051881
3051885
3051936
3051940
3051941
3051952
3051959
3051978
3051979
3051989
3051998
3052014
3052017
3052038
3052066
3052072
3052096
3052111
3052116
3052118
3052120
3052124
3052128
3052143
3052181
3052206
3052215
3052226
3052231
3052238
3052243
3052259
3052262
3052270
3052288
3052301
3052308
3052310
3052317
3052330
3052356
3052368
3052369
3052383
3052391
3052402
3052414
3052423
3052434
3052439
3052452
3052453
3052456
3052457
3052468
3052473
3052475
3052476
3052478
3052489
3052490
3052497
3052502
3052506
3052516
3052523
3052537
3052540
3052547
3052559
3052563
3052565
3052588
3052593
3052596
3052624
3052640
3052644
3052645
3052655
3052660
3052667
3052675
3052695
3052707
3052749
3052756
3052771
3052792
3052808
3052838
3052842
3052876
3052884
3052950
3052986
3053016
3053022
3053037
3053048
3053067
3053089
3053095
3053142
3053154
3053162
3053179
3053182
3053197
3053224
3053263
3053280
3053343
3053352
3053362
3053374
3054434
3054450
3054464
3054483
3054502
3054519
3054525
3054537
3054540
3054544
3054568
3054570
3054582
3054583
3054585
3054612
3054626
3054644
3054671
3054683
3054725
3054726
3054743
3054757
3054776
3054834
3054871
3054875
3054893
3054901
3055013
3055028
3055036
3055038
3055042
3055049
3055051
3055069
3055083
3055179
3055246
3055344
3055346
3055511
3055519
3055521
3055522
3055659
3055749
3055796
3055808
3055841
3055885
3055887
3055896
3055905
3055964
3055977
3055988
3055989
3055992
3056010
3056032
3056033
3056609
3056611
3056616
3056619
3056625
3056632
3056635
3056648
3056651
3056657
3056678
3056712
3056715
3056735
3056750
3056751
3056774
3056781
3056797
3056806
3056807
3056811
3056819
3056826
3056833
3056858
3056893
3056897
3056906
3056926
3056928
3056929
3056933
3056937
3056943
3056952
3056954
3056963
3056964
3056967
3056973
3056976
3056982
3056990
3057016
3057020
3057029
3057032
3057036
3057051
3057053
3057058
3057071
3057080
3057082
3057117
3057123
3057144
3057151
3057153
3057176
3057196
3057200
3057246
3057264
3057269
3057274
3057277
3057289
3057293
3057300
3057301
3057308
3057313
3057317
3057337
3057338
3057339
3057342
3057349
3057374
3057421
3057456
3057506
3057515
3057532
3057542
3057562
3057563
3057568
3057582
3057585
3057590
3057626
3057644
3057655
3057672
3058700
3058706
3058709
3058718
3058719
3058724
3058741
3058743
3058753
3058770
3058789
3058794
3058796
3058802
3058820
3058826
3058830
3058875
3058877
3058879
3058897
3058899
3058926
3059008
3059071
3059079
3059086
3059089
3059161
3059219
3059264
3059273
3059274
3059319
3059473
3059489
3059490
3059497
3059506
3059531
3059546
3059587
3059629
3059651
3059683
3059688
3059703
3059706
3059722
3059741
3059747
3059772
3059783
3059797
3059845
3059862
3059873
3059881
3059888
3059987
3059989
3060050
3060085
3060087
3060100
3060112
3060133
3060136
3060139
3060152
3060160
3060166
3060171
3060172
3060185
3060189
3060193
3060197
3060204
3060210
3060214
3060216
3060217
3060223
3060229
3060235
3060247
3060249
3060254
3060257
3060307
3060319
3060322
3060329
3060330
3060333
3060337
3060340
3060352
3060360
3060363
3060390
3061022
3061420
3061487
3061492
3061506
3061525
3061544
3061559
3061560
3061613
3061614
3061631
3061656
3061662
3061667
3061673
3061681
3061689
3061729
3061750
3061754
3061775
3061792
3061834
3061843
3061860
3061867
3061872
3061874
3061877
3061890
3061895
3061908
3061940
3061966
3061978
3061986
3061989
3062017
3062022
3062060
3062064
3062067
3062075
3062095
3062134
3062135
3062138
3062159
3062174
3062176
3062187
3062196
3062228
3062242
3062247
3062272
3062274
3062277
3062286
3062296
3062332
3062336
3062343
3062345
3062347
3062362
3062367
3062394
3062411
3062422
3062452
3062456
3062461
3062465
3062469
3062479
3062553
3062569
3062573
3062580
3062628
3062630
3062651
3062656
3062670
3062672
3062677
3062794
3062806
3062823
3062830
3062845
3062857
3062867
3062904
3062921
3062922
3062997
3063007
3063008
3063017
3063019
3063028
3063058
3063066
3063080
3063082
3063091
3063110
3063121
3063170
3063210
3063982
3064084
3064166
3064171
3064208
3064229
3064281
3064294
3064297
3064333
3064342
3064358
3064368
3064400
3064402
3064447
3064454
3064483
3064502
3064505
3064528
3064534
3064541
3064543
3064552
3064555
3064558
3064560
3064581
3064595
3064608
3064616
3064623
3064630
3064646
3064648
3064671
3064672
3064674
3064702
3064769
3064795
3064798
3064832
3064837
3064841
3064846
3064856
3064864
3064883
3064895
3064926
3064931
3064933
3064935
3064940
3064956
3064968
3064988
3065025
3065045
3065050
3065081
3065106
3065324
3065387
3065414
3065421
3065439
3065441
3065442
3065447
3065460
3065464
3065475
3065489
3065509
3065523
3065532
3065536
3065559
3065583
3065590
3065615
3065685
3065714
3065789
3065873
3066861
3066871
3066876
3066890
3066922
3066932
3066952
3066958
3066986
3067014
3067021
3067039
3067052
3067096
3067123
3067129
3067143
3067149
3067154
3067165
3067176
3067232
3067236
3067255
3067272
3067293
3067324
3067328
3067363
3067385
3067386
3067388
3067393
3067403
3067404
3067414
3067420
3067451
3067454
3067455
3067483
3067492
3067498
3067516
3067524
3067531
3067540
3067545
3067553
3067591
3067592
3067607
3067608
3067613
3067635
3067682
3067702
3067707
3067711
3067748
3067752
3067753
3067815
3067833
3067854
3067865
3067881
3067895
3067901
3067954
3067968
3068008
3068010
3068025
3068048
3068057
3068078
3068096
3068097
3068100
3068106
3068124
3068150
3068151
3068167
3068178
3068192
3068220
3068229
3068266
3068269
3068272
3068293
3068295
3068296
3068309
3068318
3068356
3068361
3068364
3068390
3068399
3068400
3068404
3068406
3068420
3068425
3068429
3068444
3068445
3068454
3068455
3068459
3068470
3068503
3068506
3069502
3069508
3069515
3069574
3069575
3069576
3069580
3069616
3069646
3069696
3069697
3069848
3069859
3069862
3069883
3069896
3069908
3069957
3070202
3070214
3070251
3070300
3070316
3070321
3070322
3070368
3070405
3070418
3070419
3070433
3070435
3070436
3070444
3070482
3070485
3070527
3070531
3070578
3070597
3070598
3070599
3070632
3070758
3070830
3070882
3070883
3070910
3070923
3070930
3070965
3071027
3071121
3071200
3072232
3072349
3072446
3072450
3072452
3072462
3072501
3072505
3072514
3072544
3072553
3072610
3072628
3072637
3072697
3072700
3072713
3072728
3072729
3072736
3072766
3072777
3072780
3072796
3072804
3072818
3072828
3072848
3072865
3072885
3072900
3072915
3072929
3072947
3072948
3072952
3072973
3072979
3072982
3072984
3072994
3073006
3073012
3073013
3073020
3073032
3073042
3073059
3073078
3073087
3073107
3073151
3073163
3073178
3073189
3073245
3073278
3073317
3073320
3073332
3073335
3073345
3073370
3073395
3073401
3073424
3073433
3073439
3073441
3073452
3073456
3073479
3073499
3073506
3073521
3073523
3073539
3073565
3073577
3073592
3073593
3073605
3073609
3073643
3073652
3073671
3073740
3073747
3073748
3073800
3073815
3073817
3073842
3073857
3073873
3073876
3073882
3073904
3073913
3073918
3073938
3073958
3074946
3074948
3074996
3075002
3075005
3075065
3075078
3075080
3075091
3075093
3075113
3075136
3075163
3075172
3075175
3075193
3075231
3075252
3075256
3075267
3075268
3075277
3075282
3075289
3075316
3075354
3075360
3075368
3075372
3075373
3075405
3075428
3075432
3075433
3075437
3075459
3075463
3075504
3075522
3075532
3075541
3075542
3075557
3075565
3075610
3075613
3075631
3075651
3075652
3075683
3075699
3075702
3075721
3075730
3075768
3075781
3075784
3075792
3075796
3075810
3075856
3075858
3075861
3075865
3075880
3075885
3075891
3075903
3075908
3075921
3075938
3075940
3075946
3076012
3076015
3076018
3076028
3076031
3076035
3076048
3076069
3076086
3076120
3076188
3076190
3076192
3076194
3076196
3076199
3076221
3076228
3076266
3076267
3076278
3076285
3076301
3076336
3076352
3076388
3076399
3076400
3076405
3076409
3076453
3076454
3077651
3077662
3077677
3077683
3077685
3077686
3077693
3077694
3077706
3077726
3077727
3077766
3077781
3077785
3077816
3077829
3077844
3077845
3077856
3077865
3077877
3077918
3077933
3077959
3077962
3077965
3077988
3077994
3078003
3078007
3078039
3078041
3078059
3078083
3078104
3078122
3078123
3078139
3078150
3078159
3078184
3078203
3078223
3078227
3078228
3078243
3078253
3078254
3078256
3078259
3078260
3078270
3078279
3078287
3078289
3078291
3078300
3078308
3078311
3078313
3078375
3078390
3078421
3078433
3078439
3078445
3078457
3078465
3078473
3078533
3078547
3078553
3078575
3078582
3078597
3078607
3078614
3078653
3078669
3078677
3078685
3078687
3078688
3078696
3078743
3078746
3078765
3078777
3078803
3078837
3078864
3078867
3078878
3078893
3078901
3078919
3078939
3078963
3078965
3078970
3078972
3078987
3078993
3079009
3079011
3079014
3079038
3079040
3079055
3079058
3079098
3079105
3079111
3079132
3079144
3079159
3079163
3079189
3079206
3079220
3079222
3079247
3079254
3079260
3079270
3079276
3079280
3079282
3079305
3079314
3079358
3079371
3080401
3080422
3080424
3080436
3080451
3080533
3080538
3080547
3080565
3080572
3080581
3080587
3080612
3080664
3080670
3080672
3080703
3080726
3080748
3080756
3080777
3080801
3080833
3080877
3080909
3080923
3080928
3080940
3080948
3081019
3081023
3081058
3081063
3081081
3081100
3081138
3081141
3081174
3081180
3081207
3081220
3081232
3081233
3081234
3081267
3081273
3081283
3081305
3081357
3081358
3081375
3081376
3081378
3081379
3081388
3081432
3081479
3081517
3081530
3081533
3081568
3081596
3081623
3081624
3081641
3081668
3081739
3081741
3081753
3081758
3081808
3081818
3081828
3081844
3081871
3081885
3081916
3081918
3081922
3081939
3081948
3081966
3081968
3081993
3081999
3082008
3082010
3082070
3082073
3082088
3082123
3082264
3082477
3083169
3083170
3083195
3083199
3083228
3083232
3083242
3083243
3083262
3083279
3083293
3083310
3083321
3083339
3083357
3083361
3083388
3083390
3083401
3083410
3083422
3083437
3083452
3083459
3083468
3083495
3083499
3083500
3083505
3083521
3083536
3083553
3083554
3083568
3083571
3083598
3083618
3083640
3083709
3083742
3083760
3083790
3083813
3083820
3083821
3083822
3083880
3083897
3083901
3083914
3083945
3083949
3083968
3083988
3084008
3084022
3084026
3084055
3084075
3084103
3084105
3084128
3084131
3084138
3084139
3084140
3084144
3084158
3084162
3084173
3084193
3084195
3084196
3084205
3084213
3084236
3084244
3084254
3084272
3084276
3084283
3084286
3084301
3084303
3084310
3084311
3084316
3084321
3084328
3084379
3084383
3084386
3084404
3084406
3084424
3084480
3084516
3084517
3084531
3084537
3084539
3084546
3084555
3084573
3084637
3084690
3084698
3084724
3084795
3085750
3085822
3085841
3085855
3085893
3085903
3085907
3085910
3085953
3085974
3085991
3085993
3086022
3086028
3086041
3086047
3086049
3086050
3086061
3086081
3086104
3086110
3086121
3086123
3086149
3086161
3086163
3086167
3086192
3086197
3086210
3086218
3086227
3086234
3086256
3086269
3086274
3086280
3086284
3086288
3086309
3086335
3086342
3086364
3086373
3086375
3086390
3086401
3086412
3086421
3086451
3086459
3086496
3086502
3086506
3086513
3086536
3086567
3086569
3086573
3086603
3086606
3086607
3086620
3086621
3086626
3086678
3086688
3086691
3086713
3086718
3086731
3086762
3086795
3086811
3086814
3086820
3086828
3086835
3086837
3086852
3086867
3086891
3086921
3086953
3086967
3086996
3086999
3087027
3087038
3087042
3087054
3087075
3087078
3087099
3087102
3087123
3087125
3087158
3087165
3087169
3087202
3087221
3087229
3087230
3087246
3087265
3087316
3087368
3087425
3087435
3088569
3088616
3088619
3088633
3088651
3088654
3088689
3088697
3088701
3088707
3088709
3088715
3088732
3088734
3088768
3088781
3088799
3088806
3088812
3088832
3088854
3088855
3088860
3088867
3088882
3088895
3088937
3088941
3088942
3088955
3088956
3088958
3088960
3088981
3088988
3089003
3089011
3089012
3089034
3089042
3089078
3089079
3089094
3089096
3089103
3089135
3089166
3089169
3089179
3089197
3089208
3089256
3089260
3089264
3089299
3089305
3089321
3089336
3089423
3089436
3089438
3089443
3089483
3089493
3089510
3089514
3089524
3089539
3089547
3089561
3089580
3089614
3089625
3089638
3089656
3089679
3089680
3089698
3089712
3089733
3089749
3089757
3089765
3089775
3089778
3089782
3089785
3089795
3089796
3089805
3089806
3089809
3089834
3089853
3089875
3089906
3089951
3089958
3089970
3090033
3090118
3090152
3090177
3090197
3090201
3091236
3091240
3091242
3091250
3091256
3091262
3091265
3091284
3091327
3091358
3091374
3091402
3091405
3091409
3091423
3091429
3091439
3091447
3091449
3091463
3091482
3091486
3091492
3091493
3091497
3091512
3091542
3091566
3091574
3091578
3091579
3091623
3091626
3091635
3091688
3091689
3091694
3091705
3091709
3091711
3091735
3091740
3091748
3091749
3091754
3091765
3091776
3091786
3091805
3091817
3091818
3091848
3091856
3091857
3091862
3091874
3091878
3091887
3091894
3091912
3091927
3091943
3091995
3091999
3092005
3092008
3092019
3092029
3092036
3092047
3092070
3092143
3092152
3092172
3092205
3092215
3092237
3092272
3092282
3092287
3092306
3092319
3092338
3092341
3092352
3092419
3092421
3092425
3092454
3092457
3092496
3092509
3092522
3092525
3092535
3092561
3092573
3092584
3092612
3092657
3092661
3092691
3092712
3092714
3092716
3092735
3092740
3092752
3092785
3092795
3092797
3092800
3092825
3092834
3092845
3092866
3092871
3092898
3092929
3092947
3093901
3093946
3093947
3093950
3093955
3094110
3094113
3094150
3094293
3094297
3094305
3094308
3094319
3094325
3094326
3094334
3094343
3094349
3094356
3094374
3094375
3094410
3094413
3094415
3094418
3094425
3094448
3094453
3094462
3094488
3094494
3094503
3094528
3094552
3094565
3094583
3094644
3094657
3094662
3094663
3094671
3094674
3094692
3094701
3094714
3094740
3094747
3094752
3094759
3094762
3094763
3094780
3094785
3094788
3094790
3094791
3094793
3094797
3094812
3094814
3094830
3094837
3094870
3094879
3094887
3094890
3094944
3094946
3095109
3095121
3095125
3095155
3095174
3095175
3095195
3095214
3095218
3095258
3095260
3095277
3095281
3095294
3095298
3095315
3095323
3095324
3095369
3095374
3095375
3095385
3095393
3095413
3095424
3095430
3095441
3095462
3095471
3095483
3095491
3095497
3095503
3095510
3095583
3095585
3096683
3096686
3096700
3096713
3096726
3096729
3096738
3096751
3096789
3096800
3096808
3096809
3096833
3096846
3096880
3096891
3096928
3096935
3096948
3096949
3096976
3096996
3097000
3097031
3097034
3097038
3097081
3097082
3097083
3097111
3097113
3097116
3097123
3097135
3097137
3097146
3097149
3097156
3097193
3097195
3097200
3097214
3097228
3097246
3097248
3097253
3097262
3097269
3097287
3097289
3097290
3097294
3097319
3097320
3097329
3097330
3097341
3097357
3097361
3097381
3097396
3097408
3097415
3097427
3097450
3097451
3097474
3097488
3097493
3097502
3097514
3097533
3097542
3097544
3097587
3097591
3097599
3097605
3097611
3097622
3097623
3097633
3097649
3097679
3097690
3097710
3097714
3097720
3097726
3097735
3097749
3097791
3097802
3097810
3097824
3097828
3097835
3097863
3097882
3097884
3097887
3097913
3097916
3097920
3097939
3097951
3097999
3098004
3098013
3098023
3098061
3098062
3098072
3098074
3098080
3098099
3098118
3098122
3098123
3098161
3098164
3098174
3098178
3098234
3098246
3098304
3099360
3099411
3099438
3099504
3099515
3099532
3099534
3099590
3099608
3099618
3099646
3099656
3099658
3099685
3099695
3099704
3099731
3099737
3099738
3099761
3099793
3099795
3099807
3099809
3099814
3099822
3099839
3099886
3099887
3099888
3099890
3099916
3099928
3099953
3099967
3099994
3100016
3100064
3100083
3100095
3100126
3100170
3100180
3100187
3100216
3100243
3100274
3100288
3100293
3100316
3100329
3100347
3100358
3100363
3100368
3100375
3100398
3100400
3100414
3100420
3100424
3100431
3100450
3100454
3100466
3100479
3100514
3100519
3100523
3100534
3100537
3100567
3100605
3100613
3100626
3100634
3100654
3100685
3100716
3100717
3100720
3100749
3100755
3100773
3100782
3100785
3100796
3100808
3100809
3100824
3100851
3100860
3100865
3100882
3100886
3100892
3100912
3100922
3100938
3101012
3101073
3102080
3102086
3102091
3102134
3102147
3102158
3102177
3102179
3102188
3102193
3102211
3102227
3102253
3102263
3102274
3102276
3102278
3102293
3102301
3102307
3102316
3102322
3102324
3102340
3102344
3102361
3102372
3102389
3102391
3102398
3102422
3102455
3102484
3102489
3102498
3102508
3102522
3102537
3102556
3102595
3102597
3102636
3102645
3102651
3102670
3102675
3102678
3102685
3102695
3102728
3102733
3102737
3102829
3102860
3102861
3102892
3102895
3102945
3102992
3102995
3103039
3103047
3103151
3103161
3103168
3103192
3103222
3103237
3103248
3103273
3103304
3103339
3103376
3103386
3103397
3103418
3103436
3103437
3103448
3103470
3103475
3103480
3103486
3103498
3103525
3103527
3103532
3103583
3103604
3103608
3103610
3103617
3103620
3103684
3103685
3103700
3103708
3103715
3104782
3104790
3104843
3104849
3104860
3104872
3104896
3104914
3104916
3104938
3104939
3104985
3104989
3105039
3105076
3105116
3105120
3105171
3105211
3105212
3105219
3105234
3105258
3105264
3105271
3105288
3105289
3105303
3105310
3105340
3105345
3105373
3105382
3105426
3105443
3105468
3105475
3105506
3105512
3105520
3105521
3105536
3105541
3105549
3105552
3105559
3105562
3105581
3105588
3105644
3105682
3105686
3105689
3105695
3105716
3105740
3105741
3105742
3105746
3105772
3105775
3105778
3105784
3105846
3105854
3105856
3105879
3105883
3105890
3105958
3105966
3105968
3106038
3106060
3106066
3106122
3106132
3106148
3106234
3106243
3106267
3106318
3106332
3106352
3106354
3106356
3107179
3107187
3107192
3107213
3107222
3107260
3107271
3107276
3107281
3107315
3107320
3107331
3107354
3107408
3107425
3107438
3107441
3107449
3107450
3107451
3107473
3107483
3107485
3107500
3107511
3107523
3107527
3107530
3107536
3107553
3107560
3107577
3107593
3107632
3107713
3107731
3107733
3107747
3107760
3107788
3107819
3107836
3107842
3107844
3107848
3107854
3107857
3107869
3107878
3107882
3107886
3107957
3107958
3107982
3108002
3108073
3108502
3108511
3108525
3108547
3108549
3108554
3108558
3108569
3108572
3108580
3108608
3108622
3108626
3108629
3108645
3108654
3108655
3108663
3108664
3108665
3108670
3108731
3108926
3108927
3108951
3108957
3108974
3108993
3109019
3109042
3109061
3109074
3109077
3109088
3109106
3109122
3109123
3109127
3109131
3109137
3109278
3109299
3109309
3109446
3109447
3109462
3109464
3109465
3109469
3110503
3110515
3110516
3110517
3110521
3110528
3110540
3110542
3110560
3110563
3110564
3110577
3110579
3110596
3110599
3110617
3110633
3110642
3110734
3110780
3110809
3110827
3110830
3110833
3110854
3110882
3110884
3110894
3110897
3110922
3110958
3110959
3110972
3110978
3111017
3111018
3111020
3111024
3111061
3111081
3111102
3111103
3111108
3111116
3111122
3111145
3111157
3111164
3111171
3111172
3111174
3111183
3111191
3111194
3111204
3111220
3111223
3111234
3111252
3111276
3111292
3111303
3111306
3111314
3111325
3111351
3111357
3111362
3111372
3111406
3111407
3111417
3111420
3111422
3111439
3111441
3111476
3111495
3111497
3111505
3111509
3111511
3111520
3111546
3111549
3111585
3111591
3111605
3111607
3111608
3111620
3111622
3111639
3111643
3111665
3111677
3111687
3111696
3111709
3111710
3111735
3111746
3111808
3111821
3111857
3111882
3111889
3111897
3111900
3111904
3111909
3111911
3111920
3111927
3111930
3111936
3111967
3111969
3111987
3112006
3112016
3112025
3112040
3112047
3112048
3112050
3112142
3113195
3113319
3113326
3113330
3113346
3113363
3113372
3113380
3113384
3113404
3113412
3113418
3113424
3113425
3113434
3113456
3113462
3113470
3113526
3113539
3113543
3113545
3113551
3113565
3113593
3113595
3113597
3113604
3113605
3113606
3113634
3113635
3113646
3113652
3113670
3113676
3113693
3113703
3113707
3113732
3113736
3113743
3113745
3113769
3113779
3113799
3113818
3113839
3113843
3113869
3113871
3113884
3113897
3113927
3113930
3113954
3113956
3113991
3114003
3114019
3114023
3114035
3114040
3114041
3114123
3114126
3114157
3114184
3114244
3114258
3114278
3114279
3114281
3114295
3114302
3114308
3114311
3114313
3114315
3114318
3114337
3114352
3114357
3114361
3114400
3114403
3114442
3114450
3114502
3114511
3114512
3114656
3114664
3115815
3115824
3115837
3115874
3115877
3115880
3115891
3115893
3115894
3115896
3116100
3116115
3116122
3116659
3117022
3117044
3117047
3117059
3117082
3117096
3117101
3117104
3117186
3117190
3117272
3117274
3117325
3117328
3117332
3117334
3117345
3117348
3117360
3117397
3117401
3117420
3117440
3117453
3117455
3117459
3117630
3117643
3117646
3117658
3117674
3117688
3117703
3117713
3117734
3117735
3117739
3117742
3117779
3117783
3117841
3117845
3117853
3117860
3117865
3117870
3117898
3117902
3117934
3117940
3117945
3117947
3117951
3117961
3117963
3117974
3117975
3118002
3118003
3118028
3118040
3118053
3118066
3118090
3118107
3118112
3118118
3118139
3118159
3118176
3118206
3118208
3118237
3118258
3118260
3118262
3118263
3118288
3118290
3118325
3118344
3118368
3118385
3118392
3118399
3118417
3118430
3118446
3118527
3118529
3118538
3118549
3118551
3118566
3118577
3118603
3118639
3118640
3118653
3118656
3119693
3119734
3119774
3119791
3119834
3119839
3119842
3119850
3119854
3119861
3119903
3119945
3119978
3119997
3120019
3120051
3120071
3120111
3120122
3120134
3120135
3120139
3120186
3120202
3120210
3120218
3120233
3120236
3120261
3120293
3120323
3120348
3120352
3120359
3120368
3120378
3120386
3120402
3120443
3120453
3120462
3120476
3120478
3120482
3120483
3120537
3120695
3120792
3120858
3120863
3120864
3120870
3120873
3120896
3120923
3120967
3120972
3120986
3121004
3121021
3121093
3121112
3121142
3121144
3121150
3121160
3121169
3121182
3121220
3121235
3121247
3121270
3121274
3121308
3121339
3121795
3121803
3121807
3121824
3122402
3122423
3122428
3122433
3122465
3122501
3122511
3122525
3122532
3122548
3122564
3122565
3122595
3122610
3122629
3122648
3122672
3122697
3122698
3122704
3122752
3122753
3122787
3122854
3122857
3122888
3122902
3122909
3122913
3122920
3122931
3122935
3122943
3122954
3122973
3122977
3122979
3122999
3123009
3123033
3123036
3123040
3123047
3123049
3123052
3123063
3123066
3123068
3123075
3123077
3123090
3123119
3123126
3123136
3123170
3123173
3123183
3123203
3123206
3123246
3123254
3123266
3123284
3123292
3123293
3123311
3123319
3123336
3123374
3123396
3123430
3123432
3123452
3123465
3123477
3123479
3123480
3123489
3123491
3123493
3123504
3123521
3123536
3123548
3123568
3123580
3123606
3123615
3123639
3123685
3123704
3123727
3123739
3123743
3123746
3123764
3123771
3123786
3123795
3123813
3123824
3123838
3123840
3123841
3123847
3123857
3123871
3123875
3123880
3123889
3123899
3123904
3123918
3123923
3123954
3123956
3123957
3123967
3123969
3123994
3124029
3124047
3124057
3124080
3124082
3124381
3125077
3125094
3125098
3125135
3125170
3125211
3125249
3125257
3125260
3125262
3125275
3125286
3125299
3125307
3125325
3125337
3125384
3125435
3125441
3125446
3125462
3125484
3125497
3125498
3125502
3125507
3125516
3125527
3125544
3125562
3125568
3125570
3125576
3125583
3125594
3125604
3125610
3125613
3125646
3125681
3125690
3125702
3125708
3125713
3125725
3125729
3125750
3125765
3125766
3125769
3125778
3125795
3125796
3125805
3125810
3125824
3125834
3125845
3125848
3125870
3125876
3125879
3125905
3125909
3125922
3125936
3125963
3125969
3125984
3125996
3126011
3126012
3126021
3126026
3126028
3126081
3126083
3126088
3126096
3126127
3126142
3126151
3126166
3126178
3126208
3126221
3126222
3126253
3126260
3126268
3126270
3126290
3126308
3126344
3126347
3126365
3126372
3126375
3126378
3126390
3126437
3126461
3126481
3126482
3126497
3126499
3126502
3126511
3126514
3126526
3126531
3126551
3126565
3126568
3126576
3126590
3126594
3126613
3126640
3126664
3126699
3126700
3126708
3126802
3126811
3126824
3126825
3126827
3126829
3126830
3127813
3127818
3127823
3127831
3127856
3127867
3127877
3127890
3127897
3127907
3127943
3127959
3127968
3127974
3127975
3127989
3127992
3127993
3127996
3128028
3128030
3128045
3128046
3128070
3128083
3128100
3128111
3128113
3128153
3128195
3128200
3128201
3128219
3128220
3128225
3128271
3128277
3128283
3128299
3128320
3128332
3128352
3128367
3128370
3128399
3128400
3128405
3128431
3128440
3128462
3128470
3128505
3128522
3128523
3128593
3128598
3128633
3128636
3128653
3128677
3128689
3128700
3128708
3128713
3128734
3128785
3128804
3128822
3128837
3128850
3128858
3128890
3128904
3128918
3128930
3128957
3128966
3128974
3128996
3129008
3129015
3129019
3129020
3129051
3129100
3129162
3129168
3129169
3129174
3129191
3129199
3129217
3129255
3129296
3129309
3129355
3129360
3129363
3129368
3129370
3129393
3129395
3129403
3130610
3130628
3130641
3130643
3130653
3130666
3130712
3130715
3130731
3130734
3130742
3130748
3130775
3130810
3130823
3130835
3130838
3130858
3130876
3130877
3130903
3130913
3130923
3130937
3130969
3130973
3131010
3131042
3131043
3131048
3131056
3131094
3131095
3131103
3131112
3131118
3131139
3131150
3131194
3131195
3131230
3131232
3131244
3131247
3131250
3131321
3131329
3131337
3131365
3131382
3131386
3131393
3131397
3131416
3131417
3131434
3131436
3131449
3131466
3131479
3131497
3131528
3131542
3131543
3131544
3131546
3131550
3131563
3131571
3131573
3131579
3131589
3131610
3131613
3131614
3131616
3131625
3131632
3131675
3131684
3131691
3131694
3131711
3131712
3131740
3131762
3131779
3131787
3131794
3131797
3131804
3131838
3131844
3131860
3131895
3131926
3131927
3131948
3131951
3131955
3131958
3131986
3132018
3132021
3132032
3132045
3132059
3132063
3132067
3132081
3132083
3132097
3132117
3132121
3132129
3132152
3132173
3132181
3132222
3132224
3132229
3132349
3133228
3133260
3133261
3133264
3133350
3133359
3133360
3133402
3133405
3133409
3133412
3133466
3133476
3133484
3133486
3133512
3133540
3133561
3133577
3133580
3133590
3133633
3133643
3133667
3133672
3133687
3133702
3133704
3133712
3133784
3133827
3133828
3133831
3133875
3133888
3133894
3133937
3133986
3134005
3134067
3134134
3134144
3134172
3134199
3134218
3134219
3134243
3134260
3134281
3134315
3134335
3134384
3134405
3134427
3134443
3134446
3134473
3134478
3134480
3134485
3134493
3134532
3134551
3134560
3134568
3134579
3134582
3134586
3134592
3134595
3134615
3134622
3134645
3134655
3134660
3134666
3134673
3134681
3134704
3134722
3134733
3134735
3134740
3134767
3134779
3134781
3134782
3134800
3134801
3134807
3134871
3134874
3134883
3134892
3134901
3134907
3134928
3135940
3135991
3136009
3136033
3136058
3136074
3136127
3136128
3136137
3136138
3136154
3136156
3136174
3136175
3136192
3136198
3136207
3136224
3136244
3136278
3136281
3136291
3136294
3136319
3136324
3136351
3136417
3136421
3136427
3136431
3136432
3136443
3136453
3136485
3136490
3136509
3136517
3136526
3136527
3136530
3136541
3136549
3136555
3136567
3136574
3136578
3136611
3136827
3136829
3136831
3136836
3136837
3136863
3136864
3136885
3136906
3136914
3136929
3136934
3136936
3136946
3136962
3136965
3136978
3136996
3137023
3137036
3137040
3137042
3137048
3137059
3137167
3137168
3137173
3137181
3137192
3137202
3137206
3137227
3137272
3137298
3137316
3137352
3137378
3137390
3137397
3137439
3137447
3137456
3137459
3137486
3137487
3137498
3137521
3137530
3137535
3137538
3137542
3137560
3137573
3137583
3137586
3137592
3137604
3137606
3138775
3138801
3138825
3138833
3138871
3138872
3138904
3138911
3138932
3138944
3138962
3139025
3139030
3139035
3139043
3139046
3139079
3139081
3139125
3139263
3139269
3139273
3139278
3139293
3139297
3139328
3139336
3139413
3139439
3139475
3139495
3139502
3139510
3139539
3139565
3139566
3139574
3139578
3139616
3139622
3139643
3139649
3139650
3139654
3139655
3139687
3139713
3139834
3139844
3139864
3139882
3139895
3139935
3139967
3139978
3139980
3139994
3140009
3140026
3140030
3140049
3140066
3140092
3140207
3140210
3140220
3140227
3140240
3140286
3140293
3140297
3140300
3140308
3140313
3140323
3140333
3140336
3140353
3140363
3140374
3140388
3142165
3142167
3142201
3142215
3142227
3142237
3142299
3142345
3142361
3142378
3142389
3142572
3142576
3142601
3142603
3142654
3142670
3142678
3142682
3142692
3142711
3142721
3142782
3142792
3142796
3142812
3142827
3142844
3142876
3142879
3142890
3142896
3142931
3142944
3142948
3143023
3143067
3143143
3143155
3143164
3143187
3143191
3143226
3143262
3143275
3143302
3143346
3143406
3143416
3143437
3143453
3143549
3143554
3143585
3143618
3143637
3143662
3143668
3143690
3143693
3143697
3143792
3143853
3143868
3143896
3143907
3143915
3143934
3143969
3143991
3143995
3144013
3144061
3144156
3144167
3144181
3144211
3144252
3144266
3144275
3144278
3144300
3144315
3144333
3144352
3144364
3144399
3144430
3144445
3144471
3144477
3144479
3144481
3144491
3144514
3144528
3144547
3144553
3144555
3144600
3144606
3144613
3144621
3144641
3144644
3144654
3144671
3144673
3144675
3144700
3144726
3144739
3144749
3144776
3144784
3144844
3144890
3144892
3144936
3144980
3145011
3145027
3145034
3145046
3145069
3145077
3145081
3145095
3145116
3145128
3145132
3145151
3145163
3145176
3145180
3147219
3147257
3147278
3147286
3147322
3147334
3147342
3147421
3147425
3147433
3147681
3147690
3147773
3147805
3147840
3147857
3147974
3147984
3147992
3148013
3148099
3148154
3148234
3148238
3148248
3148267
3148376
3148380
3148384
3148454
3148473
3148475
3148480
3148492
3148507
3148578
3148588
3148601
3148619
3148630
3148652
3148660
3148664
3148671
3148677
3148681
3148683
3148687
3148693
3148743
3148745
3148768
3148772
3148775
3148785
3148864
3148959
3148963
3149141
3149162
3149177
3149181
3149194
3149231
3149281
3149337
3149345
3149406
3149462
3149466
3149533
3149558
3149566
3149744
3149746
3149752
3149842
3149884
3149919
3149946
3150051
3150214
3150239
3150312
3150331
3150350
3150377
3152328
3152358
3152391
3152416
3152418
3152423
3152530
3152605
3152615
3152623
3152628
3152648
3152665
3152724
3152734
3152759
3152822
3152883
3152889
3152914
3152931
3152985
3152994
3153023
3153041
3153066
3153101
3153164
3153182
3153190
3153192
3153193
3153207
3153211
3153213
3153257
3153273
3153278
3153282
3153294
3153338
3153344
3153368
3153406
3153422
3153529
3153560
3153571
3153629
3153640
3153690
3153788
3153792
3153838
3153958
3153989
3154031
3154037
3154118
3154145
3154191
3154360
3154375
3154389
3154416
3154458
3154462
3154565
3154581
3154583
3154602
3154606
3154612
3154614
3154637
3154691
3154742
3154758
3154769
3154802
3154816
3154822
3154830
3154872
3154937
3154957
3154963
3154964
3155003
3155010
3155011
3155013
3155022
3155040
3155051
3155053
3155064
3155073
3155088
3155101
3155103
3155116
3155122
3155148
3155185
3155186
3155247
3155263
3156412
3156430
3156482
3156483
3156495
3156557
3156580
3156596
3156605
3156629
3156651
3156663
3156682
3156683
3156699
3156706
3156717
3156731
3156733
3156735
3156736
3156747
3156757
3156795
3156814
3156822
3156826
3156870
3156925
3156985
3157002
3157034
3157044
3157046
3157050
3157093
3157111
3157135
3157142
3157153
3157154
3157161
3157183
3157198
3157243
3157264
3157305
3157307
3157319
3157322
3157343
3157349
3157354
3157361
3157366
3157375
3157410
3157415
3157440
3157450
3157463
3157464
3157485
3157490
3157511
3157517
3157526
3157541
3157549
3157587
3157599
3157601
3157622
3157624
3157633
3157647
3157694
3157695
3157704
3157705
3157713
3157721
3157751
3157770
3157783
3157790
3157791
3157817
3157823
3157826
3157830
3157834
3157855
3157872
3157891
3157900
3157917
3157936
3157962
3157969
3159162
3159248
3159260
3159275
3159276
3159301
3159317
3159338
3159357
3159372
3159375
3159377
3159396
3159446
3159448
3159455
3159461
3159462
3159494
3159496
3159497
3159507
3159517
3159548
3159557
3159560
3159572
3159587
3159591
3159610
3159623
3159624
3159628
3159629
3159646
3159664
3159671
3159695
3159697
3159729
3159743
3159745
3159746
3159774
3159787
3159792
3159801
3159805
3159827
3159829
3159843
3159846
3159852
3159857
3159874
3159877
3159891
3159929
3159952
3159963
3159989
3159997
3160011
3160030
3160035
3160057
3160071
3160109
3160127
3160138
3160144
3160154
3160164
3160168
3160177
3160184
3160189
3160208
3160215
3160216
3160233
3160241
3160247
3160253
3160259
3160266
3160301
3160303
3160359
3160372
3160386
3160404
3160408
3160418
3160420
3160424
3160426
3160465
3160470
3160519
3160538
3160539
3160552
3160569
3160582
3160584
3160600
3160604
3160621
3160623
3160625
3160678
3160702
3160705
3160803
3160811
3160813
3161873
3161876
3161887
3161921
3161927
3161933
3161952
3161953
3161970
3161971
3161997
3162003
3162015
3162025
3162030
3162036
3162041
3162056
3162088
3162114
3162122
3162157
3162162
3162169
3162208
3162223
3162239
3162242
3162247
3162274
3162297
3162320
3162350
3162382
3162417
3162421
3162464
3162471
3162476
3162487
3162492
3162502
3162558
3162564
3162566
3162584
3162589
3162605
3162611
3162634
3162643
3162646
3162663
3162690
3162694
3162698
3162709
3162715
3162766
3162787
3162793
3162798
3162806
3162840
3162842
3162851
3162858
3162878
3162893
3162897
3162900
3162911
3162970
3162979
3162990
3162996
3163007
3163016
3163019
3163043
3163044
3163086
3163121
3163131
3163182
3163185
3163189
3163213
3163216
3163235
3163250
3163345
3163346
3163365
3163398
3163421
3163432
3163448
3163457
3163468
3163479
3164631
3164635
3164683
3164696
3164741
3164761
3164783
3164794
3164807
3164837
3164858
3164860
3164895
3164897
3164908
3164926
3164946
3164956
3164960
3164978
3164992
3165014
3165016
3165029
3165049
3165057
3165078
3165102
3165110
3165113
3165139
3165171
3165183
3165194
3165196
3165198
3165204
3165211
3165237
3165260
3165261
3165266
3165272
3165306
3165369
3165380
3165389
3165432
3165445
3165447
3165469
3165472
3165537
3165553
3165558
3165561
3165608
3165620
3165643
3165660
3165671
3165674
3165711
3165735
3165739
3165754
3165794
3165827
3165857
3165874
3165887
3165890
3165897
3165905
3165909
3165923
3165927
3165935
3165950
3165964
3165969
3165972
3166007
3166008
3166010
3166017
3166027
3166070
3166074
3166088
3166100
3166104
3166107
3166108
3166111
3166121
3166129
3166136
3166154
3166157
3166160
3166172
3166181
3166188
3166257
3166260
3166267
3166299
3167349
3167361
3167366
3167382
3167390
3167410
3167424
3167443
3167453
3167477
3167479
3167493
3167527
3167528
3167536
3167579
3167583
3167613
3167625
3167642
3167653
3167659
3167662
3167688
3167690
3167705
3167709
3167711
3167758
3167775
3167798
3167801
3167820
3167837
3167844
3167870
3167876
3167878
3167900
3167915
3167919
3167947
3167953
3167960
3167968
3167972
3167990
3167995
3168002
3168012
3168037
3168058
3168066
3168070
3168103
3168128
3168197
3168205
3168208
3168230
3168235
3168238
3168239
3168240
3168262
3168270
3168272
3168274
3168286
3168292
3168304
3168327
3168336
3168341
3168342
3168348
3168349
3168359
3168376
3168378
3168382
3168385
3168436
3168447
3168469
3168515
3168530
3168597
3168634
3168635
3168664
3168700
3168713
3168719
3168731
3168738
3168748
3168759
3168812
3168826
3168866
3168899
3168913
3168914
3168917
3168922
3168927
3168958
3168981
3168992
3169003
3169018
3170085
3170133
3170138
3170208
3170214
3170215
3170218
3170228
3170280
3170285
3170292
3170299
3170301
3170312
3170323
3170357
3170371
3170382
3170384
3170385
3170406
3170420
3170465
3170483
3170523
3170524
3170548
3170564
3170573
3170615
3170639
3170667
3170674
3170685
3170687
3170704
3170716
3170722
3170735
3170753
3170763
3170791
3170800
3170803
3170804
3170806
3170822
3170833
3170852
3170875
3170905
3170916
3170946
3170975
3170995
3171005
3171022
3171037
3171107
3171123
3171125
3171134
3171148
3171153
3171154
3171165
3171176
3171204
3171242
3171253
3171254
3171255
3171259
3171270
3171275
3171278
3171307
3171362
3171367
3171398
3171424
3171437
3171466
3171482
3171487
3171488
3171492
3171544
3171565
3171566
3171568
3171622
3171647
3171649
3171654
3171663
3172921
3172924
3172940
3172942
3172972
3172976
3172982
3172983
3173005
3173011
3173028
3173036
3173051
3173065
3173066
3173074
3173101
3173103
3173107
3173122
3173127
3173131
3173140
3173160
3173163
3173175
3173188
3173189
3173202
3173223
3173247
3173263
3173264
3173269
3173284
3173291
3173300
3173308
3173316
3173339
3173346
3173348
3173349
3173364
3173369
3173377
3173394
3173395
3173401
3173406
3173413
3173468
3173469
3173472
3173478
3173493
3173496
3173519
3173523
3173542
3173579
3173585
3173602
3173603
3173611
3173619
3173637
3173672
3173694
3173695
3173734
3173751
3173765
3173773
3173788
3173816
3173817
3173824
3173841
3173861
3173864
3173873
3173899
3173900
3173918
3173927
3173947
3173959
3174003
3174029
3174033
3174036
3174041
3174080
3174084
3174091
3174108
3174122
3174180
3174244
3174265
3174272
3174311
3174328
3174346
3174347
3174387
3174427
3174465
3174466
3174470
3174476
3175576
3175598
3175647
3175761
3175769
3175775
3175780
3175794
3175823
3175825
3175847
3175906
3175915
3175922
3175928
3175946
3175959
3175974
3175979
3175986
3175997
3176000
3176039
3176053
3176055
3176082
3176084
3176088
3176101
3176103
3176105
3176108
3176110
3176121
3176123
3176129
3176136
3176144
3176150
3176156
3176161
3176162
3176163
3176171
3176196
3176276
3176294
3176299
3176310
3176323
3176329
3176362
3176392
3176399
3176438
3176449
3176485
3176486
3176493
3176499
3176520
3176527
3176561
3176566
3176571
3176584
3176589
3176592
3176607
3176613
3176647
3176654
3176655
3176668
3176696
3176703
3176717
3176726
3176768
3176772
3176777
3176807
3176832
3176845
3176850
3176868
3176870
3176876
3176904
3176919
3176967
3176995
3177002
3177005
3177014
3177018
3177036
3177038
3177043
3177065
3177104
3177111
3177117
3177122
3177135
3177136
3177137
3177139
3177142
3177144
3177151
3178295
3178361
3178421
3178446
3178459
3178496
3178558
3178564
3178586
3178597
3178601
3178602
3178604
3178615
3178620
3178621
3178625
3178627
3178641
3178652
3178687
3178700
3178723
3178731
3178742
3178758
3178772
3178798
3178803
3178846
3178847
3178861
3178902
3178903
3178918
3178969
3178980
3178996
3179014
3179015
3179016
3179021
3179022
3179055
3179059
3179067
3179096
3179106
3179139
3179141
3179143
3179153
3179160
3179169
3179180
3179194
3179200
3179202
3179226
3179233
3179273
3179275
3179277
3179292
3179315
3179320
3179327
3179332
3179339
3179348
3179350
3179351
3179353
3179371
3179372
3179381
3179479
3179491
3179494
3179506
3179516
3179517
3179547
3179548
3179552
3179564
3179598
3179618
3179621
3179623
3179645
3179652
3179684
3179691
3179702
3179711
3179713
3179717
3179722
3179728
3179761
3179771
3179772
3179776
3179802
3179816
3179822
3179874
3179931
3179956
3179966
3179990
3179991
3180019
3180985
3180987
3180999
3181060
3181065
3181113
3181124
3181127
3181145
3181151
3181168
3181235
3181256
3181262
3181265
3181302
3181318
3181338
3181343
3181355
3181371
3181381
3181450
3181478
3181480
3181485
3181504
3181506
3181512
3181513
3181521
3181532
3181535
3181581
3181601
3181610
3181625
3181626
3181643
3181662
3181664
3181667
3181687
3181708
3181732
3181738
3181761
3181789
3181818
3181843
3181844
3181849
3181861
3181899
3181905
3181911
3181913
3181914
3181959
3181970
3181978
3181989
3182036
3182063
3182076
3182115
3182121
3182123
3182131
3182138
3182178
3182191
3182194
3182203
3182204
3182205
3182212
3182237
3182244
3182256
3182261
3182278
3182290
3182294
3182298
3182309
3182330
3182334
3182341
3182345
3182369
3182413
3182425
3182432
3182436
3182472
3182481
3182485
3182536
3182538
3182560
3182577
3182580
3182615
3182616
3182626
3182648
3182654
3182661
3182675
3182676
3183852
3183897
3183901
3183931
3183932
3183952
3183956
3183972
3183975
3184009
3184019
3184045
3184047
3184060
3184062
3184081
3184096
3184115
3184134
3184162
3184163
3184232
3184241
3184250
3184257
3184266
3184274
3184293
3184297
3184302
3184357
3184361
3184362
3184374
3184378
3184388
3184410
3184431
3184442
3184450
3184456
3184465
3184470
3184473
3184481
3184500
3184507
3184525
3184529
3184532
3184549
3184584
3184592
3184603
3184613
3184646
3184675
3184677
3184679
3184694
3184708
3184716
3184717
3184729
3184745
3184758
3184761
3184787
3184796
3184835
3184836
3184839
3184849
3184850
3184858
3184864
3184884
3184895
3184902
3184923
3184955
3184979
3185000
3185007
3185060
3185094
3185099
3185102
3185109
3185141
3185145
3185156
3185161
3185165
3185177
3185231
3185236
3185237
3185239
3185248
3185264
3185277
3185278
3185280
3185319
3185328
3185332
3185333
3185350
3185425
3185453
3186520
3186524
3186614
3186619
3186631
3186647
3186653
3186654
3186660
3186661
3186669
3186681
3186696
3186698
3186743
3186752
3186787
3186810
3186835
3186850
3186860
3186890
3186972
3186993
3187005
3187016
3187058
3187076
3187089
3187095
3187096
3187135
3187151
3187191
3187212
3187229
3187231
3187239
3187259
3187262
3187265
3187286
3187298
3187316
3187353
3187376
3187384
3187390
3187391
3187394
3187431
3187438
3187449
3187475
3187504
3187514
3187516
3187524
3187525
3187526
3187530
3187544
3187559
3187560
3187582
3187624
3187646
3187648
3187649
3187653
3187668
3187705
3187735
3187740
3187756
3187773
3187775
3187779
3187783
3187811
3187822
3187839
3187840
3187843
3187846
3187869
3187871
3187876
3187882
3187895
3187988
3187992
3187993
3188005
3188007
3188008
3188042
3188059
3188070
3188081
3188083
3188090
3188103
3190228
3190231
3190254
3190255
3190256
3190257
3190401
3190416
3190472
3190479
3190485
3190499
3190503
3190689
3190743
3190752
3190755
3190811
3191957
3192018
3192092
3192098
3192138
3192161
3192196
3192291
3192401
3192415
3192447
3192475
3192484
3192496
3192520
3192526
3192550
3192551
3192554
3192607
3192644
3192706
3192733
3192756
3192761
3192769
3192810
3192815
3192816
3192838
3192846
3192863
3192867
3192871
3192887
3192896
3192910
3192941
3192945
3192952
3193081
3193092
3193121
3193123
3193133
3193134
3193152
3193201
3193227
3193376
3193420
3193530
3193538
3193540
3193541
3193626
3193632
3193670
3193696
3194699
3194700
3194747
3194750
3194771
3194789
3194816
3194843
3194858
3194869
3194874
3194876
3194902
3194909
3194912
3194934
3194939
3194941
3194953
3195014
3195102
3195104
3195144
3195153
3195169
3195180
3195202
3195219
3195231
3195281
3195285
3195293
3195320
3195329
3195334
3195335
3195343
3195345
3195354
3195407
3195423
3195436
3195442
3195493
3195496
3195499
3195512
3195514
3195520
3195529
3195535
3195546
3195558
3195561
3195570
3195583
3195598
3195600
3195606
3195629
3195642
3195651
3195675
3195693
3195695
3195701
3195706
3195711
3195733
3195774
3195797
3195837
3195840
3195843
3195848
3195897
3195898
3195903
3195919
3195929
3195932
3195954
3195974
3195990
3195991
3195996
3195997
3196007
3196011
3196014
3196016
3196029
3196044
3196051
3196060
3196064
3196079
3196089
3196091
3196113
3196126
3196179
3196198
3196205
3196208
3196265
3196281
3196285
3196300
3196307
3196313
3196315
3196350
3196358
3197666
3197672
3197740
3197853
3197869
3197890
3198017
3198026
3198061
3198063
3198065
3198144
3198210
3198212
3198216
3198233
3198293
3198297
3198314
3198355
3198415
3198423
3198480
3198538
3198566
3198574
3198688
3198734
3198885
3198895
3198908
3198925
3198951
3198993
3198997
3199023
3199077
3199127
3199134
3199239
3199243
3199262
3199284
3199326
3199330
3199334
3199337
3199362
3199364
3199370
3199720
3199807
3199878
3199908
3199969
3200050
3200056
3200092
3200192
3200213
3200233
3200261
3200326
3200382
3200401
3200456
3200474
3200516
3200535
3200536
3200540
3200601
3200621
3200634
3200649
3200658
3200683
3200775
3200790
3200798
3200834
3202948
3202967
3203029
3203031
3203042
3203043
3203058
3203141
3203144
3203150
3203169
3203178
3203194
3203220
3203228
3203229
3203350
3203366
3203376
3203426
3203438
3203862
3203931
3203977
3204007
3204037
3204040
3204046
3204052
3204063
3204090
3204094
3204096
3204109
3204123
3204147
3204164
3204175
3204189
3204196
3204201
3204221
3204269
3204279
3204314
3204330
3204354
3204378
3204418
3208152
3208200
3208295
3208297
3208380
3208384
3208386
3208393
3208399
3208424
3208526
3208530
3208538
3208552
3208561
3208606
3208631
3208734
3208774
3208781
3208906
3208911
3209291
3209364
3209530
3209541
3209747
3209787
3210486
3210493
3210629
3210712
3210774
3213604
3213642
3213659
3213661
3213677
3213698
3213711
3213715
3213762
3213779
3213791
3213811
3213842
3213846
3213852
3213860
3213895
3213904
3213916
3213918
3213922
3213945
3213996
3214019
3214046
3214052
3214060
3214066
3214071
3214114
3214155
3214171
3214243
3214278
3214280
3214297
3214316
3214343
3214361
3214390
3214398
3214443
3214451
3214452
3214496
3214550
3214567
3214581
3214595
3214604
3214608
3214731
3214735
3214745
3214768
3214776
3214825
3214840
3214860
3214862
3214877
3214902
3214916
3214943
3214966
3215025
3215064
3215176
3215197
3215238
3215244
3215250
3215252
3215263
3215294
3215298
3215325
3215362
3215371
3215383
3215406
3215445
3215465
3215490
3215507
3215515
3215521
3215594
3215602
3215613
3215617
3215644
3215714
3215733
3215789
3215806
3215870
3215874
3215893
3215901
3215967
3215997
3216045
3216052
3216068
3216076
3216099
3216107
3216122
3216128
3216189
3216191
3216192
3216223
3216237
3216292
3216330
3216383
3216393
3216399
3216424
3216443
3216447
3216503
3216550
3216582
3216584
3216586
3218709
3218711
3218716
3218844
3218852
3218855
3218886
3218964
3219019
3219029
3219036
3219109
3219132
3219172
3219188
3219218
3219274
3219282
3219291
3219320
3219337
3219389
3219406
3219485
3219560
3219563
3219567
3219573
3219608
3219629
3219631
3219644
3219658
3219705
3219719
3219767
3219830
3219832
3219853
3219857
3219953
3219963
3220042
3220054
3220087
3220108
3220110
3220116
3220121
3220125
3220156
3220171
3220223
3220225
3220229
3220322
3220331
3220356
3220398
3220414
3220416
3220435
3220437
3220456
3220469
3220502
3220542
3220569
3220590
3220592
3220663
3220688
3220690
3220728
3220825
3220827
3220846
3220908
3220944
3220959
3220975
3220977
3221000
3221003
3221103
3221113
3221170
3221172
3221215
3221277
3221341
3221355
3221405
3221425
3221427
3221438
3221448
3221454
3221462
3221496
3221512
3221539
3221588
3221646
3221649
3221661
3221758
3221760
3221766
3221772
3223895
3223916
3223920
3223922
3224031
3224033
3224060
3224065
3224067
3224113
3224338
3224357
3224397
3224436
3224459
3224501
3224530
3224682
3224711
3224763
3224825
3224835
3224850
3224874
3224896
3224904
3224964
3224999
3225017
3225025
3225060
3225113
3225126
3225141
3225143
3225175
3225176
3225186
3225229
3225250
3225268
3225309
3225313
3225371
3225437
3225457
3225476
3225478
3225517
3225527
3225537
3225562
3225578
3225586
3225654
3225656
3225677
3225681
3225685
3225747
3225800
3225817
3225844
3225918
3225930
3225973
3225996
3226011
3226017
3226025
3226073
3226150
3226164
3226190
3226200
3226235
3226262
3226264
3226274
3226287
3226299
3226360
3226362
3226378
3226483
3226491
3226512
3226559
3226586
3226650
3226662
3226676
3226696
3226764
3226776
3226782
3226832
3226863
3226869
3226959
3226988
3226998
3227003
3227025
3227032
3227048
3227114
3227165
3227178
3228979
3229086
3229124
3229128
3229265
3229288
3229290
3229367
3229376
3229395
3229426
3229429
3229452
3229454
3229487
3229491
3229497
3229507
3229552
3229667
3229678
3229684
3229744
3229746
3229815
3229836
3229860
3229864
3229907
3229916
3229922
3230084
3230086
3230092
3230101
3230113
3230137
3230157
3230190
3230243
3230245
3230266
3230272
3230412
3230422
3230428
3230570
3230578
3230586
3230594
3230640
3230664
3230691
3230705
3230728
3230732
3230746
3230748
3230750
3230754
3230760
3230791
3230793
3230805
3230841
3230851
3230863
3230864
3230884
3231022
3231045
3231060
3231064
3231132
3231150
3231171
3231179
3231191
3231193
3231199
3231200
3231230
3231265
3231307
3231340
3231388
3231442
3231452
3231489
3231520
3231566
3231606
3231612
3231647
3231657
3231709
3231715
3231744
3231767
3231793
3231798
3231808
3231818
3231837
3231845
3231894
3231896
3231909
3231918
3231992
3232073
3232075
3232093
3232106
3232134
3232136
3232155
3232221
3234212
3234224
3234332
3234334
3234351
3234373
3234375
3234377
3234396
3234450
3234523
3234554
3234599
3234621
3234640
3234648
3234649
3234650
3234700
3234721
3234769
3234795
3234797
3234816
3234818
3234827
3234914
3234928
3234954
3234979
3234980
3234994
3235004
3235032
3235034
3235060
3235066
3235112
3235141
3235154
3235162
3235179
3235239
3235270
3235277
3235389
3235400
3235402
3235412
3235414
3235416
3235510
3235518
3235545
3235554
3235562
3235604
3235630
3235645
3235658
3235665
3235692
3235696
3235700
3235723
3235734
3235752
3235812
3235816
3235834
3235835
3235836
3235843
3235885
3235910
3235931
3235935
3236011
3236032
3236040
3236052
3236064
3236092
3236099
3236115
3236120
3236141
3236162
3236181
3236242
3236272
3236294
3236326
3236342
3236344
3236445
3236528
3236537
3236588
3236601
3236636
3236653
3236690
3236746
3236780
3236793
3236813
3236824
3236891
3236926
3237016
3237039
3237054
3237108
3237127
3237152
3237183
3237226
3237311
3237336
3237348
3237359
3237383
3239395
3239400
3239402
3239426
3239439
3239490
3239515
3239529
3239577
3239589
3239622
3239636
3239646
3239655
3239682
3239694
3239713
3239769
3239860
3239885
3239902
3239933
3239959
3239990
3240003
3240035
3240061
3240065
3240074
3240087
3240091
3240101
3240123
3240125
3240129
3240247
3240270
3240282
3240364
3240381
3240385
3240405
3240407
3240496
3240533
3240621
3240631
3240641
3240651
3240660
3240676
3240682
3240715
3240727
3240785
3240791
3240795
3240797
3240826
3240832
3240861
3240863
3240891
3240906
3240935
3241010
3241027
3241062
3241116
3241147
3241163
3241186
3241221
3241260
3241289
3241314
3241331
3241349
3241395
3241408
3241410
3241557
3241621
3241639
3241672
3241695
3241706
3241714
3241747
3241774
3241790
3241832
3241835
3241870
3241882
3241886
3241897
3242015
3242031
3242035
3242092
3242119
3242121
3242127
3242143
3242151
3242155
3242161
3242168
3242216
3242218
3242223
3242243
3242381
3242398
3242406
3242412
3244425
3244430
3244433
3244441
3244470
3244502
3244503
3244506
3244527
3244528
3244537
3244538
3244540
3244564
3244577
3244594
3244595
3244629
3244641
3244675
3244676
3244690
3244700
3244744
3244756
3244760
3244763
3244764
3244778
3244782
3244802
3244829
3244833
3244846
3244850
3244876
3244888
3244902
3244903
3244936
3245033
3245055
3245061
3245062
3245068
3245077
3245083
3245095
3245113
3245153
3245160
3245201
3245202
3245204
3245223
3245325
3245333
3245336
3245441
3245443
3245449
3245479
3245494
3245495
3245501
3245512
3245530
3245532
3245599
3245618
3245623
3245641
3245647
3245659
3245662
3245671
3245678
3245690
3245698
3245703
3245709
3245735
3245736
3245746
3245747
3245767
3245768
3245777
3245794
3245815
3245851
3245859
3245872
3245873
3245894
3245900
3245946
3245964
3245965
3246028
3246032
3246067
3246081
3246088
3247108
3247196
3247204
3247209
3247299
3247310
3247314
3247336
3247357
3247389
3247393
3247415
3247417
3247420
3247434
3247459
3247466
3247467
3247475
3247493
3247523
3247529
3247541
3247548
3247549
3247566
3247584
3247590
3247596
3247609
3247611
3247618
3247621
3247630
3247669
3247672
3247673
3247683
3247690
3247700
3247702
3247709
3247716
3247718
3247729
3247742
3247775
3247799
3247808
3247809
3247813
3247844
3247865
3247881
3247895
3247914
3247919
3247939
3247943
3247966
3247982
3247990
3247993
3247999
3248003
3248039
3248066
3248086
3248092
3248095
3248101
3248131
3248135
3248140
3248172
3248206
3248221
3248234
3248236
3248245
3248249
3248252
3248257
3248266
3248323
3248345
3248346
3248348
3248391
3248449
3248452
3248471
3248478
3248507
3248512
3248519
3248521
3248533
3248538
3248550
3248563
3248585
3248599
3248605
3248650
3248674
3248678
3248684
3248693
3248704
3248710
3248734
3248740
3248754
3248762
3249928
3249953
3249960
3249962
3249994
3250021
3250063
3250097
3250132
3250138
3250170
3250207
3250242
3250246
3250275
3250289
3250296
3250311
3250320
3250329
3250381
3250388
3250391
3250392
3250406
3250415
3250454
3250496
3250519
3250563
3250581
3250584
3250602
3250605
3250609
3250626
3250639
3250646
3250651
3250668
3250672
3250698
3250739
3250765
3250785
3250810
3250812
3250854
3250857
3250862
3250892
3250914
3250937
3250940
3250941
3250945
3250968
3250998
3251003
3251019
3251026
3251037
3251054
3251063
3251086
3251094
3251117
3251156
3251164
3251180
3251195
3251206
3251217
3251259
3251269
3251276
3251291
3251313
3251325
3251351
3251389
3251457
3251473
3251505
3251518
3251610
3252673
3252704
3252792
3252821
3252836
3252863
3252903
3252967
3253040
3253065
3253118
3253143
3253146
3253221
3253317
3253333
3253388
3253438
3253442
3253445
3253462
3253529
3253559
3253588
3253596
3253597
3253598
3253608
3253621
3253667
3253670
3253674
3253690
3253697
3253719
3253742
3253746
3253755
3253765
3253778
3253793
3253796
3253799
3253804
3253846
3253859
3253886
3253914
3253918
3253921
3253942
3253946
3253951
3253955
3253958
3253960
3253967
3253973
3253975
3253992
3253996
3254048
3254052
3254088
3254124
3254147
3254154
3254161
3254168
3254182
3254185
3254186
3254189
3254216
3254257
3254261
3254276
3254356
3255370
3255392
3255407
3255408
3255436
3255441
3255466
3255469
3255475
3255498
3255502
3255511
3255561
3255578
3255595
3255602
3255611
3255617
3255629
3255634
3255643
3255654
3255670
3255678
3255690
3255715
3255718
3255737
3255751
3255764
3255803
3255804
3255807
3255817
3255825
3255858
3255866
3255883
3255893
3255895
3255910
3255914
3255928
3255936
3255944
3255947
3255956
3255965
3255967
3255974
3255979
3256046
3256054
3256066
3256073
3256134
3256212
3256249
3256267
3256270
3256289
3256290
3256324
3256360
3256363
3256366
3256370
3256378
3256384
3256389
3256397
3256402
3256405
3256407
3256420
3256433
3256458
3256459
3256476
3256487
3256494
3256505
3256545
3256563
3256593
3256601
3256602
3256606
3256608
3256628
3256638
3256643
3256653
3256669
3256671
3256704
3256737
3256739
3256752
3256753
3256758
3256774
3256782
3256799
3256819
3256830
3256831
3256844
3256845
3256869
3256888
3256890
3256925
3256946
3256957
3256962
3257059
3258025
3258062
3258078
3258100
3258163
3258174
3258175
3258186
3258237
3258241
3258263
3258277
3258279
3258315
3258316
3258336
3258346
3258355
3258359
3258385
3258438
3258440
3258442
3258493
3258497
3258502
3258511
3258517
3258523
3258525
3258545
3258551
3258560
3258580
3258591
3258592
3258593
3258600
3258603
3258610
3258614
3258619
3258624
3258626
3258630
3258649
3258656
3258664
3258666
3258679
3258707
3258711
3258746
3258793
3258800
3258831
3258838
3259105
3259109
3259177
3259182
3259187
3259192
3259198
3259204
3259237
3259278
3259287
3259309
3259315
3259317
3259321
3259322
3259327
3259335
3259372
3259392
3259420
3259428
3259439
3259447
3259486
3259488
3259500
3259502
3259504
3259508
3259520
3259523
3259541
3259586
3259588
3259597
3259598
3259615
3259629
3259635
3259651
3259660
3259717
3259718
3259721
3259763
3260846
3260852
3260998
3261004
3261029
3261030
3261037
3261100
3261102
3261529
3261530
3261536
3261542
3261552
3261583
3261587
3261588
3261590
3261591
3261642
3261644
3261675
3261683
3261688
3261694
3261734
3261736
3261738
3261748
3261749
3261751
3261780
3261793
3261799
3261812
3261830
3261848
3261870
3261890
3261935
3261936
3261944
3261947
3261955
3261963
3261975
3261979
3261983
3261986
3262004
3262024
3262029
3262032
3262042
3262047
3262069
3262072
3262076
3262077
3262084
3262086
3262088
3262089
3262120
3262125
3262132
3262143
3262153
3262166
3262208
3262214
3262235
3262269
3262294
3262295
3262345
3262370
3262377
3262378
3262394
3262489
3263666
3263668
3263671
3263714
3263775
3263782
3263821
3263825
3263826
3263833
3263862
3263882
3263883
3263884
3263889
3263913
3263921
3263929
3263952
3263979
3263999
3264001
3264004
3264008
3264025
3264033
3264038
3264042
3264048
3264055
3264079
3264103
3264129
3264155
3264178
3264184
3264186
3264210
3264225
3264228
3264238
3264240
3264248
3264267
3264290
3264310
3264313
3264327
3264330
3264342
3264374
3264421
3264447
3264478
3264492
3264499
3264503
3264593
3264615
3264619
3264638
3264665
3264693
3264791
3264795
3264873
3264896
3264904
3264925
3264937
3264968
3264997
3265011
3265023
3265067
3265104
3265124
3265180
3265184
3265186
3265229
3265279
3265322
3265361
3265455
3265518
3265531
3265553
3265558
3265560
3265653
3265708
3265732
3265789
3265802
3265812
3265814
3265903
3267953
3267992
3268044
3268073
3268084
3268107
3268121
3268161
3268171
3268173
3268184
3268217
3268225
3268229
3268250
3268256
3268261
3268265
3268289
3268312
3268321
3268325
3268339
3268404
3268429
3268437
3268445
3268524
3268535
3268539
3268556
3268641
3268648
3268660
3268662
3268768
3268855
3268952
3268954
3268960
3268979
3268985
3269008
3269088
3269121
3269249
3269339
3269386
3269464
3269473
3269477
3269580
3269591
3269626
3269661
3269747
3269750
3269767
3269806
3269835
3269880
3269887
3269888
3269910
3269912
3269925
3269963
3269980
3269986
3270013
3270040
3270071
3270074
3270076
3270112
3270130
3270140
3270281
3270294
3270334
3270378
3270401
3270411
3270454
3270487
3270506
3270521
3270543
3270562
3270582
3270683
3270700
3270731
3270803
3270822
3270977
3271019
3271037
3271090
3271182
3273362
3273517
3273519
3273548
3273583
3273639
3273664
3273701
3273705
3273723
3273771
3273773
3273779
3273837
3273843
3273884
3273888
3273999
3274027
3274038
3274064
3274109
3274128
3274147
3274151
3274159
3274180
3274202
3274227
3274283
3274290
3274302
3274335
3274362
3274398
3274412
3274431
3274449
3274451
3274523
3274527
3274543
3274556
3274592
3274643
3274657
3274663
3274680
3274710
3274718
3274722
3274752
3274760
3274792
3274843
3274847
3274871
3274921
3275026
3275042
3275167
3275174
3275186
3275190
3275213
3275282
3275299
3275317
3275338
3275344
3275346
3275371
3275395
3275428
3275430
3275451
3275570
3275589
3275593
3275639
3275643
3275697
3275712
3275714
3275718
3275744
3275761
3275774
3275783
3275832
3275895
3275931
3275954
3275960
3275966
3276008
3276049
3276064
3276078
3276084
3276085
3276087
3276156
3276207
3276507
3276513
3278733
3278735
3322382
3322402
3322427
3322486
3322490
3322505
3322514
3322658
3323051
3323138
3323534
3323625
3323868
3323897
3323912
3323916
3323965
3324045
3324094
3324123
3330406
3330441
3330509
3331289
3331481
3331549
3331573
3331643
3331724
3331744
3332303
3332341
3332424
3332443
3334539
3334563
3334567
3334753
3334906
3335464
3335671
3335728
3335744
3336093
3336097
3336105
3336132
3336164
3336310
3336370
3339480
3340370
3340378
3340390
3341543
3341707
3341708
3341726
3341874
3341898
3341932
3341935
3341971
3341972
3341984
3342000
3342060
3342062
3342090
3342138
3342182
3342217
3342256
3342282
3342288
3342301
3342318
3342324
3342397
3342398
3342401
3342404
3342429
3342443
3342447
3342534
3342562
3342579
3342582
3342591
3342618
3342635
3342648
3342651
3342656
3342663
3342666
3342691
3342734
3342767
3342793
3342817
3342821
3342832
3342859
3342877
3342886
3342888
3342900
3342904
3342906
3342926
3342969
3342981
3342998
3343046
3343058
3343133
3343137
3343139
3343157
3343169
3343178
3343179
3343187
3343201
3343221
3343237
3343263
3343264
3343267
3343272
3343275
3343277
3343333
3343339
3343348
3343358
3343372
3343374
3343382
3343391
3343424
3343450
3343470
3343474
3343479
3343485
3343499
3343507
3343521
3343535
3343562
3343581
3343584
3343587
3343606
3343628
3343635
3343661
3343674
3343683
3343725
3343728
3343742
3343753
3343762
3343781
3343783
3343796
3343800
3343804
3343836
3343842
3343859
3343868
3343885
3343889
3343890
3343891
3343906
3343929
3343930
3343954
3344021
3344043
3344048
3344063
3344064
3344097
3344098
3344112
3344130
3344137
3344139
3344142
3344143
3344163
3344221
3344244
3344271
3344300
3344337
3344341
3344347
3344392
3344408
3344409
3344411
3344465
3344477
3344496
3344500
3344518
3344522
3344523
3344529
3344569
3344586
3344597
3344598
3344602
3344632
3344674
3344680
3344698
3344700
3344733
3344736
3344737
3344752
3344763
3344766
3344771
3344787
3344800
3344820
3344822
3344848
3344856
3344861
3344888
3344933
3344961
3344963
3345037
3345050
3345052
3345059
3345063
3345065
3345074
3345121
3345153
3345169
3345176
3345201
3345208
3345223
3345253
3345274
3345278
3345311
3345340
3345345
3345353
3345362
3345379
3345383
3345405
3345408
3345448
3345452
3345453
3345459
3345483
3345509
3345539
3345573
3345581
3345582
3345594
3345596
3345623
3345624
3345661
3345662
3345685
3345723
3345757
3345777
3345817
3345848
3345872
3345875
3345887
3345899
3345992
3346034
3346035
3346044
3346058
3346075
3346081
3346094
3346101
3346113
3346138
3346147
3346155
3346191
3346210
3346219
3346282
3346291
3346295
3346316
3346324
3346328
3346330
3346352
3346370
3346378
3346425
3346462
3346514
3346515
3346563
3346580
3346616
3346623
3346635
3346644
3346658
3346662
3346675
3346689
3346720
3346721
3346731
3346733
3346779
3346780
3346799
3346829
3346845
3346846
3346853
3346875
3346893
3346924
3346939
3346942
3346948
3346983
3347023
3347060
3347079
3347093
3347099
3347103
3347121
3347122
3347133
3347134
3347135
3347149
3347161
3347191
3347198
3347219
3347265
3347266
3347278
3347280
3347295
3347320
3347330
3347344
3347345
3347353
3347361
3347368
3347397
3347421
3347461
3347463
3347475
3347478
3347479
3347498
3347513
3347557
3347597
3347600
3347606
3347619
3347632
3347633
3347635
3347639
3347643
3347661
3347680
3347706
3347715
3347729
3347759
3347775
3347787
3347802
3347843
3347866
3347869
3347897
3347905
3347919
3347936
3347955
3347962
3348031
3348075
3348083
3348098
3348108
3348121
3348130
3348158
3348172
3348189
3348196
3348234
3348240
3348251
3348266
3348284
3348292
3348542
3348546
3348644
3348651
3348703
3348918
3348962
3350855
3351794
3351798
3351807
3351845
3351919
3351941
3351956
3351962
3352013
3352039
3352043
3352050
3352091
3352103
3352119
3352127
3352130
3352138
3352141
3352150
3352157
3352163
3352234
3352257
3352261
3352263
3352269
3352286
3352321
3352342
3352351
3352362
3352374
3352382
3352403
3352466
3352517
3352529
3352537
3352539
3352542
3352545
3352547
3352563
3352586
3352611
3352629
3352657
3352661
3352663
3352683
3352689
3352696
3352731
3352734
3352742
3352747
3352757
3352776
3352806
3352809
3352821
3352828
3352834
3352852
3352856
3352859
3352881
3352907
3352920
3352940
3352949
3352950
3352954
3352955
3352957
3352964
3352971
3352972
3352999
3353047
3353056
3353059
3353076
3353082
3353089
3353097
3353098
3353101
3353103
3353104
3353117
3353121
3353131
3353146
3353176
3353180
3353181
3353214
3353245
3353249
3353254
3353255
3353258
3353265
3353269
3353278
3353288
3353317
3353353
3353360
3353365
3353372
3353406
3353421
3353422
3353432
3353446
3353475
3353499
3353504
3353513
3353518
3353543
3353546
3353560
3353583
3353586
3353611
3353614
3353634
3353637
3353638
3353657
3353658
3353665
3353668
3353674
3353686
3353707
3353717
3353740
3353749
3353757
3353762
3353766
3353773
3353783
3353788
3353790
3353794
3353823
3353872
3353886
3353905
3353908
3353909
3353920
3353973
3353983
3353984
3353992
3354015
3354023
3354028
3354036
3354055
3354059
3354063
3354076
3354077
3354080
3354101
3354104
3354109
3354118
3354145
3354172
3354173
3354181
3354207
3354262
3354269
3354289
3354334
3354341
3354424
3354446
3354451
3354473
3354486
3354521
3354540
3354560
3354590
3354605
3354622
3354637
3354639
3354661
3354675
3354686
3354700
3354763
3354771
3354775
3354781
3354786
3354801
3354804
3354811
3354822
3354837
3354838
3354842
3354845
3354858
3354873
3354924
3354927
3354930
3354943
3354954
3354979
3354983
3355019
3355033
3355038
3355050
3355066
3355100
3355120
3355144
3355165
3355253
3355299
3355376
3356025
3356161
3356444
3356484
3356509
3356666
3356678
3356702
3356833
3356888
3356967
3357022
3357057
3357130
3357145
3357219
3357223
3357767
3357807
3357923
3357943
3357975
3357995
3358044
3358202
3358364
3358398
3358421
3358425
3358485
3358529
3358538
3358561
3358577
3358579
3358621
3358660
3358678
3358758
3358762
3358792
3358825
3358830
3358832
3358841
3358871
3358906
3358928
3358944
3358953
3358972
3358997
3359001
3359017
3359067
3359101
3359103
3359126
3359133
3359140
3359147
3359214
3359256
3359260
3359268
3359272
3359287
3359327
3359328
3359333
3359377
3359451
3359464
3359465
3359471
3359472
3359480
3359529
3359553
3359572
3359577
3359582
3359600
3359603
3359614
3359639
3359655
3359676
3359678
3359681
3359716
3359731
3359746
3359783
3359805
3359814
3359837
3359840
3359848
3359891
3359902
3359906
3359929
3359943
3359946
3359971
3360033
3360092
3360096
3360122
3360131
3360132
3360140
3360160
3360167
3360184
3360212
3360241
3360253
3360275
3360305
3360310
3360334
3360349
3360358
3360362
3360401
3360403
3360442
3360477
3360516
3360526
3360538
3360539
3360581
3360588
3360591
3360593
3360612
3360673
3360680
3360742
3360758
3360763
3360802
3360813
3360818
3360834
3360848
3360851
3360861
3360867
3360894
3360911
3360918
3360935
3360947
3360983
3360994
3361008
3361033
3361069
3361120
3361158
3361194
3361212
3361261
3361262
3361287
3361315
3361326
3361349
3361352
3361355
3361370
3361374
3361414
3361442
3361558
3361570
3361599
3361614
3361636
3361665
3361674
3361678
3361694
3361799
3361850
3361853
3361865
3361921
3361983
3362059
3362106
3362124
3362181
3362194
3362217
3362226
3362262
3362263
3362272
3362298
3362313
3362317
3362318
3362428
3362455
3362506
3362512
3362554
3362688
3362691
3362720
3362726
3362732
3362741
3362759
3362787
3362793
3362842
3362897
3362899
3362911
3362918
3362940
3362979
3362980
3362982
3363012
3363096
3363116
3363125
3363128
3363130
3363145
3363180
3363191
3363233
3363252
3363254
3363269
3363275
3363281
3363308
3363317
3363363
3363381
3363445
3363466
3363473
3363484
3363501
3363508
3363522
3363537
3363598
3363618
3363634
3363639
3363696
3363699
3363715
3363760
3363840
3363852
3363857
3363868
3363872
3363881
3363887
3363897
3363926
3363959
3363962
3364013
3364016
3364033
3364055
3364072
3364078
3364103
3364105
3364145
3364161
3364184
3364229
3364238
3364246
3364261
3364293
3364339
3364346
3364352
3364363
3364387
3364392
3364418
3364427
3364446
3364461
3364465
3364466
3364467
3364483
3364484
3364503
3364509
3364515
3364547
3364591
3364598
3364599
3364608
3364609
3364617
3364622
3364634
3364639
3364643
3364658
3364678
3364687
3364717
3364721
3364722
3364746
3364747
3364748
3364751
3364758
3364762
3364770
3364793
3364814
3364816
3364851
3364855
3364865
3364868
3364879
3364880
3364918
3364923
3364973
3364975
3364984
3365024
3365058
3365069
3365074
3365083
3365084
3365094
3365105
3365144
3365174
3365200
3365202
3365240
3365252
3365268
3365293
3365343
3365359
3365402
3365414
3365419
3365429
3365479
3365496
3365499
3365505
3365608
3365620
3365633
3365647
3365652
3365659
3365693
3365697
3365721
3365724
3365739
3365742
3365749
3365760
3365764
3365773
3365796
3365801
3365848
3365896
3365920
3365926
3365949
3365958
3365966
3365984
3365999
3366001
3366003
3366046
3366086
3366101
3366114
3366153
3366160
3366165
3366243
3366257
3366261
3366262
3366297
3366347
3366364
3366376
3366385
3366409
3366424
3366426
3366461
3366473
3366488
3366490
3366509
3366542
3366552
3366557
3366571
3366609
3366614
3366615
3366621
3366635
3366651
3366671
3366674
3366699
3366706
3366727
3366732
3366737
3366741
3366742
3366775
3366805
3366854
3366860
3366873
3366882
3366905
3366977
3366987
3367011
3367039
3367059
3367060
3367064
3367074
3367110
3367116
3367121
3367125
3367143
3367151
3367160
3367170
3367194
3367196
3367209
3367215
3367222
3367307
3367318
3367343
3367365
3367375
3367386
3367416
3367441
3367454
3367470
3367493
3367496
3367512
3367514
3367515
3367559
3367576
3367627
3367691
3367740
3367745
3367758
3367763
3367808
3367885
3367955
3367983
3367994
3368008
3368028
3368029
3368054
3368056
3368085
3368108
3368124
3368125
3368236
3368259
3368264
3368309
3368328
3368334
3368339
3368357
3368362
3368395
3368424
3368454
3368455
3368504
3368544
3368551
3368558
3368680
3368719
3368734
3368738
3368786
3368886
3368894
3373637
3373669
3373693
3373699
3373710
3373714
3373721
3373769
3373793
3373810
3373833
3373857
3373877
3373907
3373934
3373958
3373974
3373999
3374031
3374036
3374056
3374107
3374126
3374151
3374173
3374182
3374183
3374235
3374241
3374259
3374280
3374330
3374362
3374366
3374367
3374377
3374382
3374402
3374417
3374421
3374437
3374449
3374477
3374504
3374509
3374541
3374553
3374566
3374569
3374571
3374583
3374591
3374598
3374611
3374617
3374631
3374670
3374698
3374726
3374739
3374754
3374755
3374769
3374801
3374822
3374830
3374854
3374869
3374875
3374877
3374920
3374931
3374933
3374950
3374980
3374981
3375000
3375018
3375043
3375053
3375062
3375069
3375092
3375111
3375120
3375137
3375144
3375156
3375164
3375167
3375177
3375179
3375187
3375194
3375204
3375217
3375226
3375262
3375274
3375320
3375327
3375359
3375368
3375374
3375376
3375380
3375405
3375406
3375409
3375440
3375512
3375514
3375515
3375528
3375537
3375551
3375558
3375568
3375581
3375586
3375609
3375612
3375636
3375648
3375726
3375733
3375787
3375792
3375810
3375840
3375853
3375856
3375859
3375911
3375931
3375943
3375952
3375960
3375986
3375994
3376027
3376049
3376065
3376080
3376090
3376175
3376183
3376207
3376224
3376231
3376232
3376267
3376269
3376274
3376280
3376342
3376370
3376372
3376482
3376501
3376502
3376542
3376565
3376570
3376596
3376601
3376622
3376634
3376638
3376642
3376668
3376681
3376686
3376701
3376720
3376747
3376789
3376808
3376816
3376854
3376879
3376891
3376972
3376988
3377034
3377082
3377116
3377164
3377185
3377251
3377264
3377272
3377284
3377298
3377330
3377357
3377359
3377366
3377372
3377392
3377417
3377425
3377443
3377466
3377497
3377512
3377514
3377515
3377522
3377524
3377552
3377575
3377625
3377664
3377687
3377762
3377820
3377827
3377839
3377855
3377857
3377862
3377883
3377891
3377913
3377942
3377970
3377987
3377993
3377997
3378021
3378024
3378030
3378045
3378054
3378086
3378092
3378095
3378152
3378159
3378186
3378206
3378314
3378321
3378325
3378329
3378337
3378369
3378428
3378435
3378438
3378463
3378466
3378479
3378482
3378495
3378508
3378551
3378562
3378587
3378607
3378612
3378620
3378647
3378704
3378732
3378746
3378762
3378777
3378815
3378837
3378839
3378863
3378943
3378946
3378958
3379022
3379039
3379048
3379068
3379076
3379082
3379090
3379104
3379107
3379126
3379154
3379156
3379165
3379200
3379204
3379258
3379260
3379280
3379292
3379296
3379352
3379353
3379384
3379392
3379418
3379430
3379459
3379469
3379473
3379485
3379505
3379508
3379536
3379559
3379639
3379670
3379674
3379703
3379774
3379778
3379847
3379882
3379901
3379913
3379987
3380046
3380050
3380201
3380263
3380275
3380404
3380424
3380478
3380491
3380520
3380620
3380703
3380778
3380861
3380915
3381034
3381038
3381048
3381119
3381150
3381151
3381170
3381175
3381179
3381182
3381195
3381203
3381233
3381241
3381261
3381300
3381379
3381414
3381456
3381462
3381465
3381486
3381561
3381573
3381672
3381693
3381759
3381773
3381825
3381954
3381997
3382007
3382025
3382039
3382043
3382169
3382189
3382272
3382381
3382396
3382432
3382526
3382566
3382648
3382693
3382713
3382853
3382861
3382913
3382993
3383092
3383116
3383232
3383344
3383387
3383519
3383530
3383559
3383643
3383681
3383754
3383809
3383867
3383887
3383957
3383992
3384003
3384012
3384114
3384119
3384122
3384135
3384160
3384191
3384222
3384250
3384297
3384351
3384383
3384399
3384444
3384471
3384502
3384518
3384534
3384610
3384638
3384680
3384684
3384702
3384714
3384716
3384851
3384948
3384967
3384976
3384984
3384990
3385024
3385102
3385130
3385139
3385221
3385245
3385255
3385279
3385317
3385321
3385323
3385343
3385363
3385364
3385403
3385415
3385417
3385425
3385433
3385441
3385490
3385549
3385584
3385586
3385594
3385602
3385624
3385631
3385639
3385656
3385725
3385828
3385840
3385864
3385905
3385915
3385934
3385961
3385962
3385969
3385990
3386008
3386020
3386031
3386035
3386052
3386066
3386115
3386131
3386213
3386229
3386247
3386249
3386263
3386284
3386306
3386320
3386328
3386354
3386363
3386365
3386373
3386381
3386410
3386432
3386463
3386470
3386478
3386489
3386502
3386543
3386563
3386617
3386630
3386662
3386668
3386670
3386715
3386722
3386738
3386752
3386808
3386822
3386825
3386848
3386867
3386888
3386892
3386909
3386922
3386949
3386957
3386988
3387004
3387032
3387049
3387050
3387058
3387073
3387077
3387114
3387147
3387169
3387173
3387210
3387234
3387246
3387250
3387261
3387275
3387307
3387333
3387339
3387370
3387376
3387384
3387421
3387450
3387455
3387494
3387517
3387529
3387535
3387542
3387547
3387584
3387600
3387628
3387634
3387638
3387647
3387648
3387651
3387664
3387700
3387710
3387719
3387733
3387754
3387780
3387782
3387794
3387804
3387806
3387809
3387818
3387893
3387899
3387907
3387931
3387938
3387939
3387954
3387966
3387982
3387987
3387991
3388023
3388056
3388078
3388108
3388122
3388138
3388188
3388198
3388241
3388253
3388255
3388295
3388307
3388321
3388393
3388419
3388423
3388444
3388445
3388450
3388468
3388509
3388521
3388554
3388559
3388596
3388656
3388694
3388734
3388738
3388779
3388797
3388800
3388813
3388849
3388878
3388918
3388932
3388950
3388955
3388972
3389039
3389055
3389092
3389120
3389150
3389166
3389176
3389203
3389217
3389223
3389232
3389254
3389269
3389300
3389331
3389333
3389345
3389388
3389396
3389399
3389425
3389438
3389445
3389469
3389487
3389493
3389503
3389517
3389518
3389536
3389579
3389599
3389601
3389623
3389628
3389631
3389636
3389643
3389672
3389698
3389700
3389701
3389709
3389763
3389775
3389793
3389828
3389864
3389962
3389979
3389999
3390023
3390026
3390042
3390061
3390066
3390077
3390081
3390164
3390168
3390268
3390420
3390437
3390495
3390523
3390547
3390562
3390619
3390637
3390669
3390760
3390881
3390924
3391010
3391033
3391112
3391268
3391276
3391284
3395170
3395199
3395256
3395273
3395275
3395293
3395312
3395315
3395325
3395359
3395362
3395363
3395367
3395392
3395408
3395420
3395465
3395468
3395500
3395532
3395604
3395607
3395612
3395626
3395666
3395690
3395714
3395765
3395773
3395784
3395790
3395797
3395812
3395828
3395836
3395862
3395864
3395934
3395953
3395994
3396021
3396080
3396082
3396093
3396116
3396125
3396133
3396164
3396192
3396194
3396259
3396267
3396270
3396285
3396289
3396321
3396330
3396369
3396375
3396387
3396395
3396397
3396429
3396488
3396497
3396498
3396510
3396511
3396514
3396533
3396534
3396542
3396545
3396547
3396554
3396566
3396576
3396603
3396612
3396622
3396625
3396629
3396655
3396680
3396701
3396712
3396720
3396757
3396760
3396774
3396776
3396780
3396781
3396841
3396852
3396853
3396873
3396896
3396900
3396902
3396906
3396912
3396913
3396924
3396929
3396930
3396934
3396947
3396968
3396990
3397030
3397041
3397051
3397054
3397073
3397087
3397091
3397092
3397178
3397201
3397204
3397207
3397216
3397227
3397236
3397241
3397249
3397275
3397280
3397303
3397330
3397335
3397339
3397383
3397393
3397397
3397477
3397533
3397575
3397576
3397630
3397636
3397667
3397670
3397672
3397683
3397693
3397710
3397716
3397731
3397736
3397787
3397797
3397873
3397880
3397888
3397927
3397930
3397960
3397967
3398010
3398026
3398066
3398093
3398096
3398112
3398129
3398204
3398206
3398241
3398247
3398258
3398274
3398276
3398291
3398310
3398312
3398332
3398339
3398372
3398393
3398451
3398495
3398498
3398505
3398509
3398529
3398544
3398547
3398557
3398589
3398600
3398611
3398618
3398633
3398642
3398668
3398778
3398884
3398905
3399056
3399084
3399094
3399177
3399216
3399265
3399270
3399275
3399301
3399316
3399325
3399326
3399336
3399354
3399471
3399477
3399522
3399527
3399537
3399546
3399571
3399614
3399645
3399665
3399697
3399702
3399852
3399889
3399918
3399933
3399956
3400013
3400069
3400079
3400139
3400224
3400233
3400254
3400273
3400289
3400292
3400330
3400337
3400368
3400376
3400383
3400435
3400442
3400497
3400507
3400524
3400586
3400632
3400653
3400693
3400747
3400875
3400930
3400950
3400994
3401002
3401007
3401105
3401134
3401136
3401144
3401149
3401160
3401186
3401262
3401305
3401313
3401324
3401338
3401358
3401406
3401419
3401437
3401453
3401473
3401474
3401555
3401693
3401827
3401848
3401853
3401863
3401934
3401940
3401950
3401966
3402053
