3200577
3274398
3137319
3100506
3099547
3347088
3081319
3089540
3159847
3048487
3046191
3190414
3358364
3345459
3382043
3270025
3092168
3043201
3063003
3173091
3142359
3091752
3092434
3374662
3114352
3258376
3362251
3092844
3065485
3386637
3251200
3176447
3268529
3081414
3256113
3152532
3070330
3247193
3235500
3354179
3387514
3057089
3375082
3214461
3168908
3152776
3354643
3091868
3152724
3361317
3247914
3111435
3383796
3134801
3171002
3120949
3244903
3219103
3073322
3136325
3152360
3118089
3064973
3088741
3376483
3346132
3123506
3229895
3131736
3344337
3043171
3099888
3170798
3130744
3182321
3380959
3155060
3089497
3078233
3073148
3106199
3376940
3160403
3144345
3374891
3137061
3046043
3179311
3073655
3264063
3148748
3156495
3264454
3194742
3261843
3400211
3036489
3096699
3068049
3174171
3054522
3168967
3390268
3366396
3190830
3358096
3122693
3049649
3129041
3125625
3176774
3358985
3192906
3126833
3181215
3113578
3110769
3053004
3195582
3365751
3125234
3253867
3161914
3229703
3214649
3065075
3130672
3176318
3103232
3342219
3120694
3250316
3117403
3126611
3250019
3075125
3177041
3343431
3125125
3254195
3113523
3274373
3247763
3345350
3374477
3142931
3160226
3160630
3052739
3073607
3065072
3230992
3214262
3185130
3255579
3387105
3052777
3231880
3081620
3268365
3355076
3366099
3388960
3162330
3117758
3088968
3364913
3182672
3046195
3086394
3345310
3052912
3343630
3133835
3179002
3237222
3038810
3036285
3385317
3395332
3073281
3107400
3359753
3255751
3089045
3059918
3358940
3345590
2979813
3072856
3128652
3187153
3067589
3385974
3236074
3154688
3208743
3079244
3045755
3162010
3076322
3179741
3361059
3160281
3041260
3181557
3084165
3362034
3056003
3343890
3103366
3376850
3128597
3226127
3359570
3363552
3351946
3323942
3190412
3099387
3344719
3388549
3115806
3245635
3076407
3047229
3173981
3365746
3139602
3181277
3239428
3231117
3359030
3186699
3221570
3270021
3245205
3351992
3081910
3047079
3086335
3053373
3346066
3128342
3378827
3035363
3153257
3117962
3378367
3120159
3237139
3087115
3250101
3078037
3168904
3390457
3256879
3036172
3111193
3136869
3343634
3274677
3113477
3094769
3366125
3214831
3145030
3263613
3123386
3275426
3396705
3179198
3162516
3144757
3088907
3057057
3352051
3081720
3065621
3055328
3044153
3038281
3224929
3133619
3235830
3175848
3244563
3375120
3219301
3247623
3102846
3102695
3086590
3235638
3252699
3248690
3389123
3094743
3220534
3253631
3079126
3178949
3051689
3361265
3190503
3352661
3234557
3084013
3170695
3078150
3354709
3095348
3121072
3081534
3067307
3126042
3095464
3105331
3365897
3387517
3359837
3103612
3219677
3400079
3122671
3103252
3170263
3099725
3166000
3150049
3041444
3136423
3274109
3342396
3375276
3374110
3131183
3234827
3051976
3084619
3166130
3043997
3377637
3354743
3187882
3184466
3250216
3154010
3213770
3265571
3359219
3123129
3364963
3343689
3078225
3094839
3065420
3096839
3382701
3352957
3088775
3077833
3351923
3126790
3064310
3064534
3176767
3095251
3224535
3117263
3116122
3133857
3187407
3231954
3093921
3134138
3276201
3130713
3128402
3400322
3099607
3366459
3256231
3214454
3396513
3231884
3101028
3399670
3343182
3188070
3184568
3126530
3367157
3052840
3069583
3037947
3079315
3035194
3366790
3184703
3167394
3098179
3118354
3122970
3258185
3240434
3347520
3346877
3064450
3227065
3216162
3365223
3363965
3378097
3214000
3125067
3225926
3198183
3385047
3092371
3208168
3099807
3134068
3195725
3126606
3044425
3385765
3391402
3187930
3081227
3160557
3162626
3035927
3385788
3091783
3385886
3152864
3157884
3091441
3075398
3071110
3195818
3355028
3128121
3365778
3365624
3040355
3245338
3111975
3347289
3043288
3121278
3083631
3344786
3256689
3036458
3036088
3354959
3176334
3262123
3240504
3086118
3256284
3100463
3143582
3091886
3396740
3178809
3342065
3214624
3088874
3355146
3162803
3245718
3069656
3061908
3208772
3089065
3043190
3100640
3173606
3353771
3389870
3041278
3123897
3380016
3089845
3123861
3060044
3346815
3401950
3344101
3365184
3225262
3399780
3125927
3049237
3179930
3171484
3381203
3178707
3051480
3399829
3395269
3114487
3051834
3342312
3046669
3185379
3122937
3103241
3092409
3378329
3043559
3092518
3354912
3086196
3399491
3052354
3235181
3088826
3041325
3134439
3366239
3133222
3347176
3354096
3341656
3133609
3073530
3091801
3360648
3080793
3236451
3396271
3160428
3188050
3094675
3367919
3218861
3100547
3086289
3049056
3171265
3099854
3058828
3104939
3176292
3173016
3367559
3072650
3097678
3118056
3035123
3200792
3342057
3168636
3108974
3220129
3075407
3134219
3389032
3323500
3395223
3322486
3129128
3127866
3150208
3093213
3070626
3081824
3091796
3226177
3234965
3354790
3046011
3103606
3122849
3117553
3400353
3136451
3347507
3057472
3378231
3154814
3089702
3091874
3083736
3389338
3131235
3083593
3036159
3148360
3173132
3089458
3374159
3386254
3274537
3265234
3185423
3368866
3208563
3127020
3336152
3154390
3087142
3154394
3043292
3255495
3065349
3083490
3374517
3118024
3137329
3167884
3220846
3120962
3264334
3250967
3049743
3103445
3345486
3343217
3067664
3122587
3091842
3167577
3098111
3187631
3398608
3168693
3386124
3035814
3269914
3395935
3075914
3134880
3070608
3121016
3181067
3343158
3131824
3051353
3048860
3046553
3159244
3215565
3142941
3129317
3354105
3200056
3384575
3247785
3387423
3038707
3056612
3401878
3067205
3182449
3060292
3097629
3342659
3379288
3167710
3224434
3268339
3348130
3058708
3363746
3086200
3388436
3059672
3184429
3124040
3185224
3059525
3132208
3366304
3200777
3224958
3163137
3247624
3170699
3157403
3157615
3253578
3123579
3178546
3194701
3137298
3248117
3176491
3130631
3270019
3250334
3275546
3386238
3354438
3059513
3105494
3261681
3140275
3190459
3270685
3390669
3040972
3383946
3051980
3080616
3087066
3395275
3377762
3268194
3145159
3398744
3401966
3244846
3379825
3062918
3142227
3044191
3253257
3358052
3365687
3214850
3230781
3083821
3400452
3342229
3275627
3386534
3275714
3073495
3143623
3147154
3259335
3363601
3102123
3356654
3381526
3214394
3346769
3214052
3265324
3049638
3175989
3250771
3400129
3122625
3086248
3255950
3247354
3165631
3195963
3352831
3389153
3086897
3368824
3110902
3345649
3117561
3076205
3347089
3157228
3137249
3144807
3043739
3178456
3224449
3068207
3259665
3361510
3118641
3129249
3367323
3176510
3361256
3084189
3264986
3219046
3386401
3103330
3366447
3071262
3051457
3162020
3085825
3262305
3184226
3176891
3097756
3168074
3149300
3113434
3219184
3097382
3038924
3067675
3157327
3040947
3078322
3248585
3100522
3062749
3073761
3213783
3078946
3354088
3379543
3140322
3153006
3037861
3044044
3354286
3136827
3359860
3343950
3367001
3388525
3374622
3035852
3111192
3176892
3170490
3385118
3172973
3344569
3390977
3389879
3253844
3209370
3160495
3245956
3129169
3251283
3384314
3160045
3187663
3377270
3118291
3137445
3175687
3056897
3386604
3131777
3062868
3354919
3265972
3108485
3258369
3213819
3213811
3352295
3138856
3184187
3162771
3377808
3401391
3364344
3048721
3184794
3168840
3133832
3094652
3134579
3359709
3117682
3187778
3102146
3270204
3083497
3343311
3125637
3354254
3145220
3126163
3113450
3264847
3366789
3036131
3094783
3179545
3051804
3128868
3388083
3240358
3043105
3094683
3387966
3102538
3131609
3239564
3073164
3102109
3184439
3144687
3118402
3187159
3204452
3346644
3275641
3122994
3398794
3353354
3043849
3176882
3167918
3070354
3086820
3226333
3129186
3364303
3359272
3168462
3359038
3259217
3129148
3097439
3111430
3343863
3271272
3229182
3084100
3274543
3203292
3159909
3100313
3224822
3104926
3137349
3354692
3107852
3092673
3261664
3103165
3378111
3069662
3170337
3389721
3377673
3204310
3186993
3040853
3361585
3038211
3262156
3109048
3102458
3343640
3140111
3125536
3343254
3176023
3108734
3083848
3179759
3053290
3176817
3377927
3225032
3162990
3253974
3120501
3123323
3236566
3184343
3133804
3040376
3045797
3398109
3187643
3059842
3363187
3086222
3275701
3064749
3162424
3245788
3253722
3049883
3130966
3173760
3125775
3095391
3113958
3396869
3360885
3247583
3365427
3357760
3204220
3073351
3070531
3195716
3400039
3114002
3395277
3360382
3156584
3273360
3352775
3139015
3345241
3113820
3196302
3045876
3106270
3088848
3097908
3148702
3275254
3086611
3221335
3130628
3143183
3235859
3057243
3366512
3195564
3130912
3075918
3387480
3229434
3261794
3387493
3171366
3137096
3165382
3057658
3102086
3364770
3113548
3160819
3354268
3221038
3357278
3049126
3379046
3167807
3347009
3066932
3234386
3197953
3135969
3035175
3094981
3057479
3230076
3364985
3107258
3131044
3256765
3083704
3160171
3178874
3081640
3396190
3046915
3181450
3157866
3231946
3099872
3137441
3366587
2979726
3275842
3105038
3256467
3049425
3197747
3385562
3259155
3076197
3081948
3389365
3117219
3209349
3081705
3144304
3068161
3346154
3100414
3389728
3244728
3214729
3131902
3090010
3090172
3373848
3376121
3041474
3119822
3080406
3219824
3245777
3049474
3062167
3357677
3059542
3094869
3102372
3365880
3045763
3104750
3173675
3091378
3122703
3361847
3226293
3155169
3203283
3255690
3381788
3184388
3351879
3067651
3218884
3376682
3062343
3059795
3108683
3105785
3054741
3130786
3379388
3044212
3114643
3102994
3091493
3213588
3062146
3164747
3346095
3342561
3065570
3084093
3226358
3046586
3391135
3239914
3168833
3176930
3344226
3035728
3235833
3168819
3046622
3105672
3344612
3095328
3051382
3127883
3118370
3248681
3144635
3094734
3118255
3255449
3276127
3260890
3173242
3234328
3385952
3097436
3178884
3062126
3039211
3038832
3043158
3076289
3213982
3268968
3176786
3052700
3345526
3220567
3165116
3036076
3236445
3157324
3397659
3136393
3363862
3179195
3178574
3089236
3389495
3046584
3259493
3363949
3131197
3100551
3123174
3183972
3362473
3399417
3343773
3036487
3037693
3062941
3126489
3084389
3046379
3077750
3061897
3178992
3354570
3157879
3100645
3259630
3354728
3038908
3352819
3173236
3387280
3125492
3064962
3081378
3346652
3162321
3240031
3363213
3097199
3051556
3195692
3171570
3168649
3194863
3379483
3064215
3385598
3168750
3184715
3075703
3115903
3076085
3129022
3118163
3179711
3376447
3231392
2979295
3036466
3046256
3196143
3089121
3193417
3052893
3123750
3248152
3213684
3108983
3251394
3130936
3064709
3388188
3386640
3365786
3184410
3366531
3123789
3269870
3121266
3148590
3262409
3262133
3375913
3388642
3181668
3081759
3236640
3388858
3261720
3387209
3245827
3182350
3044243
3094279
3124022
3176987
3040715
3400810
3378859
3100025
3055954
3094701
3062348
3168993
3390681
3258494
3336631
3220969
3352910
3255706
3354207
3125907
3374709
3181964
3171219
3242249
3375745
3111492
3345312
3069527
3046604
3126674
3091281
3353693
3038954
3204375
3136240
3167939
3244706
3214031
3176181
3220179
3343884
3102252
3035816
3168222
3140024
3076145
3140209
3365783
3081171
3159888
3094343
3176620
3089156
3347563
3250034
3373693
3395485
3044887
3107296
3140224
3401233
3147809
3106125
3059686
3246004
3348091
3118328
3161911
3170801
3359948
3258176
3184610
3072751
3176769
3347001
3173912
3253145
3128940
3397952
3072891
3134765
3041380
3099951
3073518
3120494
3139433
3070752
3273684
3105179
3236030
3181973
3360338
3126708
3048617
3043630
3125822
3125969
3192061
3041721
3139478
3274760
3375105
3120318
3400995
3258415
3148505
3390365
3060394
3247673
3086559
3142627
3260925
3359396
3256970
3363772
3055012
3083248
3231647
3064874
3072334
3056662
3091736
3083172
3214141
3352395
3269663
3100188
3157037
3113940
3347191
3036009
2979154
3128067
3120958
3080908
3253880
3236820
3374179
3092383
3366237
3204269
3057171
3193530
3165196
3115776
3036459
3154312
3120539
3375324
3131894
3163056
3056791
3198355
3376080
3242076
3248653
3401370
3345253
3055592
3084207
3345828
3181818
3086127
3130789
3174297
3136172
3170524
3041840
3080544
3119793
3071097
3354981
3041092
3187442
3195983
3365884
3136345
2979246
3224995
3073277
3345342
3083366
3179703
3159296
3038767
3262177
3092678
3263801
3226223
3195768
3092171
3149496
3038454
3182480
3244584
3176741
3083550
3036170
3274608
3131757
3175922
3356821
3114271
3386010
3040529
3113785
3219723
3273537
3064467
3253125
3383431
3245087
3165620
3136261
3067751
3057462
3086567
3134641
3134085
3395843
3067390
3120019
3052227
3129147
3123780
3157399
3245017
3381414
3165977
3038444
3174127
3126685
3098044
3159460
3271035
3187603
3111815
3236124
3264031
3258492
3097097
3395698
3125416
3142284
3117841
3139045
3167486
3366766
3126243
3195921
3347882
3247422
3103583
3056778
3142304
3107222
3094984
3086339
3264523
3067630
3100276
3126470
3240009
3184168
3075826
3396187
3346667
3117386
3155202
3354503
3396724
3152975
3040769
3113699
3399436
3251059
3108074
3248438
3079087
3128168
3098222
3181943
3364075
3234977
3342633
3171345
3069806
3234992
3187567
3182481
3123281
3236916
3134378
3165907
3388450
3125831
3374064
3190743
3181746
3044600
3044215
3047180
3181713
3088581
3375267
3253036
3119893
3157817
3354415
3139566
3077860
3079211
3072912
3049411
3170556
3213608
3168951
3126186
3250565
3152511
3103477
3381908
3059803
3105167
3230994
3049659
3346370
3077845
3125247
3368728
3086636
3138871
3184751
3072766
3377874
3043627
3117605
3046239
3378320
3390716
3055875
3105413
3378795
3075783
3175862
3247839
3215633
3216030
3359009
3051299
3171340
3399447
3121803
3173600
3052742
3171181
3195718
3396529
3100167
3039068
3062996
3164918
3216358
3176013
3062304
3083657
3128854
3343140
3264278
3120060
3107319
3134494
3375248
3240458
3064800
3126172
3253758
3346734
3142574
3162804
3062400
3168080
3386312
3324132
3122550
3382542
3126078
3139326
3259141
3110927
3131012
3113717
3200447
3365661
3075056
3126436
3248315
3052619
3072862
3092826
3204235
3075623
3344383
3100564
3184629
3248705
3163029
3324007
3052829
3041704
3040454
3345013
3270683
3140062
3114244
3251421
3078032
3083379
3183859
3366544
3364103
3214794
3168611
3086528
3058802
3397210
3043936
3160452
3125616
3125839
3378317
3100298
3080781
3128279
3091491
3330594
3095342
3389710
3261649
3086369
3105677
3111266
3054893
3200731
3346460
3142221
3057628
3374070
3384645
3054862
3264096
3086254
3160296
3123935
3083639
3083183
3156804
3178309
3245630
3341862
3346069
3208582
3184379
3352096
3097248
3336204
3163245
2979243
3047034
3231800
3173044
3181993
3040841
3137393
3105441
3172978
3248701
3099750
3377402
3169001
3094181
3147222
3136913
3102799
3073852
3040566
3078685
3162540
3363655
3105305
3199230
3166005
3360639
3390219
3060131
3193061
3124037
3126309
3097548
3091245
3265529
3162089
3038991
3353296
3132152
3128895
3374493
3247419
3376576
3354685
3122375
3387909
3242135
3378275
3356025
3270458
3157541
3397464
3073119
3377857
3064510
3052458
3136468
3181786
3347266
3091263
3052551
3153143
3052787
3226652
3142312
3069659
3346368
3375390
3378815
3398365
3365457
3265124
3258577
3136269
3046614
3395170
3172881
3171364
3359241
3078044
3396729
3383681
3144549
3143921
3082028
3085996
3138844
3265468
3139645
3165555
3386546
3059464
3253793
3115878
3089782
3148473
3167840
3133931
3059549
3159725
3374813
3139105
3167802
3165662
3253840
3089202
3379340
3200775
3214486
3080975
3239348
3150256
3184480
3184664
3343104
3096898
3387602
3153953
3347231
3262116
3343679
3040845
3067236
3097462
3143547
3148895
3065511
3344842
3089513
3375482
3396141
3240074
3165139
3187234
3144733
3035756
3352257
3111850
3381101
3090168
3091870
3184171
3376705
3088683
3248048
3255513
3364348
3088671
3167453
3054536
3396991
3100893
3184053
3036012
3080966
3171504
3364084
3265021
3215315
3380758
3058879
3077675
3173347
3344347
3114387
3214042
3264288
3113427
3348958
3105926
3192703
3117025
3100424
3105136
3171033
3150134
3083470
3065583
3140015
3262353
3084384
3264583
3346791
3346364
3159732
3387701
3213682
3156745
3176123
3080594
3128663
3237199
3343924
3118136
3162836
3083789
3079096
3067575
3382361
3387347
3171619
3236013
3399692
3081152
3269526
3346082
3344525
3168888
3366182
3062705
3164823
3187166
3075156
3268163
3162091
3079038
3091658
3103271
3127976
3176689
3170376
3352989
3126315
3040968
3344618
3037949
3133765
3120202
3208579
3157645
3244733
3363436
3178549
3143882
3051837
3264754
3174308
3120854
3108484
3391433
3087247
3401310
3133412
3360482
3256954
3065568
3344853
3363450
3080924
3187293
3128031
3053322
3126434
3040827
3038499
3194948
3049501
3187194
3345987
3052568
3253639
3131561
3136165
3192753
3389417
3143490
3235074
3358887
3258331
3365153
3178846
3264742
3387438
3400796
3048857
3347571
3081595
3128967
3270244
3209829
3377931
3237315
3069615
3076008
3331446
3083542
3117243
3109072
3102271
3400191
3182299
3236221
3084377
3041389
3355048
3385838
3090201
3200585
3062813
3354611
3117636
3200441
3047029
3072790
3165055
3261046
3157626
3386610
3048841
3036127
3156784
3184096
3118673
3113431
3103529
3048476
3397890
3377251
3200048
3051539
3384212
3075433
3388113
3174046
3159380
3114168
3269630
3105933
3347346
3046917
3347745
3360943
3176684
3204443
3374607
3046131
3247617
3046830
3131343
3118590
3336038
3351887
3093907
3250676
3245795
3043619
3126413
3102591
3148364
3398623
3130689
3091311
3378852
3051988
3174315
3097937
3056007
3255406
3218677
3250918
3047087
3384610
3078585
3343485
3062875
3069922
3139924
3167839
3128430
3039018
3400495
3248030
3360544
3365210
3353724
3100884
3341692
3398226
3039172
3269677
3343860
3035710
3343281
3162313
3360030
3216531
3081752
3173502
3084757
3095460
3105338
3039248
3122789
3346051
3087341
3104791
3192812
3083503
3239919
3343116
3128542
3216050
3108503
3389122
3247479
3400790
3119932
3234556
3366604
3375465
3398435
3241974
3097206
3386621
3120588
3353606
3353253
3132203
3249996
3138939
3083502
3231697
3190709
3137678
3250426
3264640
3179708
3173676
3059318
3040540
3075519
3040687
3047109
3258316
3374297
3186888
3097533
3389227
3174044
3043562
3160647
3344944
3075036
3091589
3064716
3234502
3245102
3062266
3262202
3073750
3162577
3346141
3061694
3067131
3149208
3214532
3256341
3355171
3218692
3200844
3250733
3046752
3044217
3035851
3142601
3142890
3173595
3332443
3179194
3133524
3384401
3264203
3036434
3348138
3361774
3128585
3397369
3342844
3374722
3038270
3366552
3073056
3235807
3159548
3105696
3182563
3073602
3049255
3225708
3346305
3096925
3346129
3256805
3100165
3113616
3041340
3111196
3265623
3037896
3067633
3384514
3072676
3355203
3383877
3086021
3114014
3118217
3197798
3274445
3383812
3098231
3366695
3049574
3265551
3128777
3083128
3118468
3084316
3389208
3062654
3390666
3040400
3058881
3360209
3173749
3162838
3346841
3253964
3192789
3388633
3171236
3070141
3118313
3386808
3083904
3254033
3134647
3353730
3235883
3253621
3352583
3134764
3245744
3134268
3080464
3044599
3152694
3094575
3204312
3041821
3184472
3161872
3035185
3171152
3397088
3398148
3259465
3182361
3083991
3055338
3367273
3077888
3181319
3121819
3220085
3261736
3074941
3173792
3105964
3251207
3043884
3134829
3347281
3170161
3083686
3157711
3123670
3396070
3061996
3134770
3045923
3088643
2979702
3366143
3137602
3112154
3078401
3133474
3123660
3229938
3150480
3155171
3215706
3168449
3377913
3274708
3165439
3184796
3342515
3225763
3107684
3213920
3386867
3120846
3147813
3091883
3139369
3153168
3352315
3139068
3226320
3048989
3091361
3157970
3109070
3080927
3059984
3168244
3377081
3396603
3363594
3081081
3196288
3247646
3258402
3226131
3218844
3126713
3081587
3379159
3094856
3163024
3165218
3117395
3062012
3123898
3200630
3179985
3128582
3182074
3262224
3080901
3131326
3046285
3148704
3036331
3388990
3154734
3111695
3377396
3248693
3100660
3062172
3047066
3123115
3125362
3118092
3265505
3216057
3137203
3157770
3176557
3256767
3176040
3262200
3064306
3342821
3184217
3216503
3354888
3049762
3046483
3113594
3143315
3261885
3375311
3107769
3396944
3173170
3106298
3261793
3231272
3166139
3075986
3044624
3062447
3134863
3384257
3067709
3065409
3359214
3344737
3366457
3089927
3079383
3346917
3269438
3374791
3126162
3044120
2979214
3274269
3359088
3250185
3265303
3263787
3259138
3094393
3075155
3057538
3035861
3054727
3400388
3179490
3122698
3362226
3249955
3359210
3167947
3139996
3179640
3137245
3380197
3255387
3398904
3168664
3397584
3057652
3110566
3137396
3085949
2979252
3383672
3244627
3395568
3170804
3213916
3149652
3175782
3388067
3253856
3102627
3097324
3239508
3397337
3131043
3251133
3052515
3171413
3342624
3274485
3094565
3041555
3120437
3176313
3184788
3262363
3396945
3086743
3168867
3076700
3353241
3241010
3248361
3190689
3061965
3347019
3097171
3119787
3086518
3348251
3362053
3163239
3235845
3353366
3057542
3157123
3215306
3399440
3379747
3379497
3064186
3184876
3189232
3269392
3121784
3345957
3182226
3094415
3258104
3384106
3360659
3077698
3053117
3358421
3075109
3216424
3398378
3107540
3109084
3110649
3088492
3083417
3256334
3091497
3111588
3057489
3399104
3185284
3064454
3270677
3073452
3038791
3184040
3086960
3041574
3364488
3359094
3389049
3100479
3098092
3041246
3073156
3387746
3219899
3377843
3092601
3354855
3179829
3088551
3147429
3095377
3162871
3170410
3157214
3111546
3164630
3193170
3343018
3359768
3176448
3095059
3384866
3048667
3133850
3126055
3159964
3139755
3168382
3111947
3073158
3097006
3342868
3092947
3052126
3083689
3078292
3364637
3244688
3251063
3385566
3054476
3055098
3111552
3043926
3399326
3086088
3064465
3094716
3069513
3156497
3239888
3131499
3275772
3168046
3345056
3401093
3056621
3276187
3092005
3220461
3082469
3162380
3035730
3091624
3259564
3067426
3045684
3364468
3335703
3046743
3080944
3115814
3215808
3378876
3094880
3241204
3092781
3396033
3391041
3131834
3154350
3387713
3092305
3268119
3123888
3200554
3168795
3165148
3203905
3157932
3248343
3035984
3052678
3399502
3258401
3245503
3251363
3051625
3235816
3105314
3353080
3276146
3072550
3241125
3247313
3352869
3136176
3240033
3038256
3154479
3174255
3078121
3063002
3401381
3165297
3335918
3397229
3179325
3265038
3361930
3056599
3049341
3265596
3275026
3118119
3352092
3046787
3118417
3359195
3378902
3061798
3378979
3268169
3122500
3084451
3122580
3168097
3144809
3132138
3156439
3219849
3220766
3173532
3044602
3248412
3056942
3386617
3363130
3080986
3354060
3178346
3160010
3086987
3389249
3084399
3368871
3214159
3173939
3276053
3395272
3153454
3388221
3355038
3159247
3059712
3078861
3049302
3109295
3157069
3377035
3236634
3245832
3244495
3366828
3137328
3160566
3111833
3153408
3367595
3374876
3367368
3187509
3083130
3174436
3091551
3219427
3142371
3253687
3270654
3214419
3057810
3128859
3379643
3159499
3125993
3092750
3239727
3082089
3161987
3075119
3166290
3047122
3389372
3103570
3052653
3375477
3124095
3208171
3347781
3236909
3187264
3078318
3062419
3048887
3041998
3069892
3264129
3054491
3111190
3086104
3063014
3345825
3078203
3088768
3080999
3091741
3352427
3089853
3105128
3078375
3086825
3059872
3383865
3354983
3133595
3198115
3358816
3121202
3366778
3052647
3043387
3241540
3103636
3095076
3058700
3134208
3052904
3094764
3163096
3061543
3040564
3354315
3099930
3248758
3345231
3083410
3084023
3054579
3091849
3224968
3097240
3125241
3038534
3035915
3160441
3264937
3187404
3099760
3219437
3149239
3157808
3057014
3043341
3230938
3083967
3231124
3343347
3084639
3038817
3134855
3220923
3137038
3268150
3229446
3185258
3051351
3182356
3038922
3368293
3244541
3062541
3035875
3152408
3182432
3125948
3073301
3261980
3344848
3198499
3076023
3366726
3229224
3223874
3056644
3041065
3348624
3048859
3046166
3072750
3095359
3176471
3350864
3123140
3377221
3365654
3235297
3081066
3381506
3203231
3129168
3072635
3126314
3368388
3125226
3354304
3136200
3040496
3111095
3088961
3376464
3275248
3258391
3368301
3128913
3353645
3059588
3062043
3247644
3387089
3240453
3389820
3136115
3379936
3240299
3395867
3179946
3131295
3102700
3072364
3388853
3038834
3081396
3359849
3187898
3104858
3396092
3176710
3376969
3248417
3213900
3275819
3168254
3245079
3208387
3176184
3067089
3160298
3129257
3035777
3250659
3089116
3387964
3044104
3134661
3354333
3374502
3130716
3378185
3361188
3093939
3275095
3182083
3385356
3168459
3236507
3089804
3103552
3131046
3241172
3248229
3137181
3038230
3150241
3345456
3124091
3154523
3167462
3226008
3147819
3062627
3399567
3248372
3092323
3192175
3192947
3126684
3105276
3076184
3167838
3094206
3131446
3081874
3397950
3055056
3181969
3084693
3093118
3342621
3195770
3360721
3248419
3086794
3170896
3107859
2979282
3107676
3353851
3165149
3179956
3134047
3051280
3137097
3073243
3381347
3094179
3061940
3276033
3175972
3231333
3067960
3346768
3065615
3128584
3184494
3139488
3353848
3119758
3081235
3080547
3361409
3073133
3049405
3080486
3060246
3062211
3344552
3144780
3081985
3143431
3105033
3133533
3398421
3182276
3097952
3120380
3076499
2979175
3373636
3236922
3263841
3354017
3154641
3387304
3127911
3131752
3250121
3178638
3174241
3137510
3115947
3343029
3052384
3178611
3041039
3035768
3268950
3047071
3173594
3346200
3105211
3049019
3368106
3401184
3390631
3167437
3397236
3245280
3366062
3365717
3106000
3377243
3122865
3123729
3247940
3173731
3231814
3388412
3056625
3254142
3051705
3187984
3173769
3224950
3043545
3084132
3157147
3245796
3195702
3095443
3215261
3375813
3199294
3165518
3387317
3131649
3261529
3386247
3400522
3244788
3171325
3388196
3126627
3235585
3388600
3131159
3273812
3138870
3178789
3107982
3351939
3102398
3104779
3064322
3219617
3378586
3253446
3131672
3075302
3118384
3192550
3168273
3049130
3083115
3400351
3167392
3139614
3102277
3081107
3375697
3131390
3346073
3125639
3081956
3225936
3396813
3230627
3040933
3167864
3070300
3258791
3173794
3276246
3367791
3176201
3091676
3162000
3345900
3324040
3056811
3084252
3181789
3383967
3077830
3062042
3107328
3128831
3142944
3052105
3354901
3157513
3092421
3229803
3076405
3053148
3142619
3347237
3168985
3108978
3105429
3126358
3127919
3373909
3140362
3061763
3174066
3130610
3040590
3133920
3094703
3089485
3063011
3255424
3374362
3134597
3156462
3126508
3126283
3179041
3170958
3344981
3160223
3123271
3247452
3367944
3379888
3047242
3067228
3247971
3275432
3131926
3073793
3375572
3396840
3089555
3168405
3359523
3089644
3347511
3171249
3083237
3128475
3237041
3097231
3384756
3235362
3389057
3099690
3043461
3341673
3176322
3387955
3075527
3248527
3043427
3103388
3357282
3250165
3171356
3179237
3342285
3259481
3139262
3344540
3121807
3190787
3099550
3255647
3276518
3073542
3395343
3256209
3190428
3214180
3055413
3399496
3134649
3057623
3096968
3226179
3192531
3241235
3134032
3250310
3195641
3382412
3125316
3165718
3126013
3140372
3133665
3211016
3049573
3077956
3373918
3125828
3388118
3072906
3397177
3250833
3234406
3248180
3383835
3128370
3259368
3037754
3345136
3387004
3049094
3160116
3136572
3117844
3073439
3186958
3367309
3387062
3051960
3038366
3067863
3181918
3364865
3364950
3104851
3119897
3069863
3092131
3344548
3170347
3253689
3245613
3091482
3275009
3083732
3088602
3377508
3149277
3072699
3269403
3354100
3075547
3242049
3081007
3112148
3126561
3208596
3381936
3346784
3068384
3058826
3361164
3043893
3366085
3097591
3173756
3175617
3157057
3363000
3057308
3148143
3078213
3250639
3347364
3182231
3258790
3129349
3123787
3079303
3163120
3226054
3086853
3133389
3368564
3134276
3178753
3076176
3064704
3114672
3359309
3170478
3395860
3245052
3109035
3136138
3193128
3085969
3230787
3134383
3220419
3264382
3184860
3376912
3204130
3049721
3251357
3356440
3102713
3261878
3092154
3103669
3100410
3154791
3051490
3183871
3367735
3069592
3056977
3111243
3120108
3342926
3261978
3122828
3365437
3353523
3195589
3226062
3219220
3220551
3398296
3375982
3387109
3088626
3183885
3088795
3089277
3046146
3367449
3087034
3163308
3250309
3204161
3387793
3040362
3080600
3179651
3098159
3248439
3092438
3173129
3190844
3160304
3118599
3133896
3352706
3264388
3363329
3097408
3183848
3123258
3103362
3269589
3229419
3375560
3118091
3396783
3037878
3111436
3385704
3399837
3102517
3136091
3378626
3344595
3250678
3157821
3396787
3073858
3148422
3352116
3361501
3389345
3221096
3083407
3076339
3159276
3134557
3363311
3334703
3195169
3060170
3237348
3092224
3192709
3155100
3184459
3269522
3386117
3049640
3067714
3048936
3354492
3062278
3089143
3035267
3178608
3043426
3105690
3386802
3073787
3051949
3237006
3386026
3097416
3126012
3156492
3387240
3136036
3138970
3131858
3140022
3102540
3270311
3347370
3187521
3041553
3064770
3121021
3051408
3131511
3165354
3231655
3179469
3114357
3353455
3095445
3388222
3149988
3220486
3051468
3162409
3386860
3346303
3155054
3378704
3052236
3382821
3250742
3035222
3076226
3259231
3249982
3125503
3344384
3366001
3359236
3346681
3117747
3137500
3270495
3387442
3092417
3130854
3134416
3162716
3274743
3358631
3123107
3092225
3274393
3094348
3105987
3273799
3381565
3105670
3188042
3149233
3035994
3059216
3052037
3187604
3383983
3148758
3107524
3083294
3121854
3090149
3064451
3181836
3264949
3123672
3354403
3399190
3093913
3156715
3055061
3197755
3382479
3219819
3075061
3378248
3342025
3344667
3241689
3364999
3184553
3157578
3248598
3179470
3113730
3105091
3342688
3136596
3123357
3170895
3261949
3262119
3163433
3168199
3072427
3389723
3268485
3067770
3368461
3094878
3043392
3098182
3094250
3353534
3102807
3117708
3247340
3397763
3184227
3264399
3269751
3092420
3070240
3118159
3214745
3078925
3376769
3117665
3080776
3248367
3342281
3094328
3125142
3250444
3179701
3067764
3367292
3262295
3363955
3388157
3117781
3190285
3269976
3128194
3117265
3046544
3373710
3132115
3363824
3345104
3072793
3196094
3260918
3117185
3059579
3195231
3363347
3108630
3076334
3052024
3187453
3181652
3098462
3122697
3136274
3040878
3347601
3261091
3174212
3043322
3059956
3216306
3039137
3378539
3386127
3046231
3179803
3152500
3173225
3073877
3353759
3383068
3179132
3137168
3276057
3156641
3154294
3107201
3068200
3072318
3072939
3044414
3131359
3043980
3065622
3344425
3078355
3038137
3155199
3374276
3400782
3073472
3047282
3235952
3367541
3134376
3038449
3373746
3043528
3365475
3120057
3047114
3102268
3060228
3186642
3086651
3110514
3138776
3356865
3182489
3048656
3048858
3334870
3075164
3342890
3162431
3139067
3365044
3079376
3185170
3064885
3253569
3178745
3355265
3057812
3076379
3110567
3107893
3046066
3377082
3152450
3156709
3182665
3080900
3268389
3375781
3365108
3386519
3248558
3359374
3056774
3198696
3167894
3250465
3354285
3105929
3102185
3225519
3081779
3181609
3070546
3130796
3176819
3080462
3081025
3383470
3345891
3134015
3091363
3131724
3134479
3173729
3059657
3046697
3186886
3103407
3379731
3358755
3064696
3170805
3073703
3055035
3092777
3157053
3203360
3167751
3163232
3168948
3377622
3351995
3054776
3062959
3352907
3256618
3135957
3049489
3097933
3046036
3244892
3387991
3049103
3365088
3038459
3078924
3259462
3109019
3176126
3275362
3061689
3091575
3040991
3198005
3226399
3345512
3131445
3139683
3199701
3134633
3251077
3170501
3220519
3076053
3342903
3120427
3073173
3122968
3089128
3080762
3125885
3064481
3043665
3181425
3088947
3111598
3086246
3136454
3054708
3376416
3094335
3167592
3390089
3123970
3168844
3264658
3052761
3346573
3065031
3165577
3092443
3377997
3075200
3157700
3165449
3051767
3133700
3184421
3264140
3368463
3051783
3157346
3163251
3186891
3271090
3047292
3051672
3114037
3094546
3173302
3247462
3198818
3345307
3153573
3241706
3139646
3097475
3181489
3087167
3359592
3077852
3184535
3163255
3262152
3163134
3265153
3275112
3247943
3375736
3166048
3157338
3119803
3046448
3058758
3269597
3192873
3057100
3058967
3199282
3107417
3242123
3176909
3173201
3376348
3094464
3128746
3079207
3103231
3099428
3353063
3080700
3136608
3162009
3067888
3384008
3062175
3045794
3400435
3225356
3081957
3362732
3145126
3136594
3354564
3070152
3184270
3100791
3163042
3360293
3386652
3084795
3056850
3173177
3139980
3176270
3253818
3234866
3119709
3103442
3245343
3162927
3068119
3357022
3070054
3187906
3193462
3248567
3068323
3080533
3075642
3081117
3167927
3241790
3401756
3401255
3387329
3056125
3264540
3123347
3038943
3178825
2979321
3096970
3364512
3048744
3102587
3245562
3111932
3366341
3043668
3073557
3052959
3353633
3270116
3186953
3344445
3144795
3219074
3170468
3353050
3080587
3036211
3049116
3038390
3157539
3051283
3160637
3067369
3148640
3059665
3399908
3401057
3041453
3062377
3049895
3345335
3387236
3259317
3100599
3157294
3258352
3045958
3043354
3114486
3157840
3354554
3044178
3366190
3041663
3378353
3168109
3357274
3056586
3049776
3264648
3052588
3354924
3197909
3039175
3269361
3241242
3046002
3385401
3359526
3173130
3203893
3258667
3250069
3078139
3344741
3359572
3259429
3387366
3264150
3365973
3092461
3345911
3401649
3162513
3152728
3236838
3120811
3126209
2979122
3099527
3236015
3351873
3397785
3100120
3374711
3078588
3363221
3363849
3359870
3074975
3274873
3130645
3102258
3382861
3186722
3278704
3229752
3052134
3134173
3346120
3142595
3037951
3075270
3382761
3095415
3137310
3395484
3067337
3063122
3052366
3094572
3067021
3049304
3154316
3174010
3348598
3145050
3196014
3352665
3185012
3100423
3259654
3367973
3258374
3387254
3240162
3195695
3065308
3219251
3214237
3111852
3175892
3386423
3109108
3239583
3054558
3181829
3268006
3064961
3364636
3347310
3145112
3236830
3353535
3119871
3342163
3046859
3265455
3176022
3363541
3122632
3109461
3389217
3120931
3399011
3168821
3099900
3114226
3259146
3389713
3347759
3091284
3199023
3344185
3173927
3165903
3375557
2979276
3110555
3249926
3059317
3385291
3123402
3139845
3176665
3366874
3128678
3223876
3346299
3258070
3215294
3251221
3078828
3187696
3128944
3113892
3128394
3346564
3173589
3261971
3060319
3342305
3253838
3230115
3248596
3375053
3080811
3165514
3229583
3187313
3126437
3149997
3181135
3341555
3055038
3215781
3083189
3072326
3120184
3343351
3128817
3105618
3190510
3344827
3136074
3067634
3161899
3136907
3142403
3111690
3250476
3387610
3165814
3264617
3074990
3352839
3133885
3148164
3055863
3089129
3134066
3157651
3347317
3072988
3126815
3165250
3162223
3250466
3168045
3081613
3387153
3380995
3367146
3356468
3380845
3400119
3062822
3079189
3362099
3072671
3349012
3198426
3275643
3188089
3123044
3123441
3184946
3376883
3049273
3061458
3094422
3075050
3097000
3081323
3258528
3250651
3171662
3228958
3167827
3375748
3136004
3086836
3162232
3084674
3168695
3390180
3361504
3113332
3088821
3170434
3182656
3168805
3192794
3367184
3102836
2979300
3068216
3364773
3239451
3375360
3133603
3057581
3176124
3265792
3075698
3224539
3364918
3091927
3148411
3389433
3247741
3089697
3100566
3142699
3140243
3195057
3181880
3187665
3125717
3096965
3221622
3150268
3131102
3226865
3120924
3166056
3219029
3139473
3098260
3358128
3108622
3077729
3364003
3195472
3225562
3059209
3354578
3109280
3119901
3048848
3359455
3352087
3195299
3219567
3040789
3105023
3181879
3362628
3083460
3046212
3154043
3389633
3126649
3062434
3253883
3126582
3219984
3129171
3336314
3196213
3200110
3035698
3387155
3364149
3123109
3376588
3274710
3176778
3064652
3168698
3187449
3216245
3159300
3120950
3067976
3378440
3125599
3103164
3043632
3237183
3267951
3046729
3040516
3400999
3225492
3255871
3152528
3347388
3142422
3249966
3122965
3174324
3131536
3346671
3366300
3161893
3396592
3157062
3162863
3264280
3269485
3095322
3157400
3165101
3374350
3173599
3171110
3256546
3043550
3061409
3268314
3353420
3122993
3053220
3245884
3239510
3081143
3103439
3358553
3136495
3088531
3159407
3400870
3159731
3230691
3139625
3250657
3120025
3234357
3099648
3072233
3264146
3077754
3102902
3386515
3264509
3083519
3248294
3113954
3342587
3140388
3046631
3160597
3041522
3245695
3193070
3097079
3268028
3353155
3250843
3137025
3065026
3220272
3190254
3184195
3083656
3136033
3097272
3078107
3251122
3132009
3343241
3182313
3359848
3049293
3076228
3264179
3091809
3159955
3374461
3390015
3376100
3219508
3178740
3395647
3168766
3176204
3046258
3374138
3159441
3102275
3111886
3401096
3046329
3148588
3148160
3079120
3064810
3344401
3368603
3376007
3178326
3113791
3159836
3070220
3265065
3125684
3240748
3256312
3099465
3121338
3184822
3174323
3117644
3086816
2979769
3235131
3064204
3348316
3214165
3188077
3345915
3049973
3173063
3063080
3379755
3057322
3244662
3223884
3224709
3067062
3048611
3379358
3170913
3178525
3092266
3052448
3091636
3385719
3103361
3225743
3076108
3256013
3120470
3187687
3110969
3389361
3106052
3244588
3092682
3388585
3250603
3144439
3348104
3067547
3347818
3149959
3062075
3097381
3044149
3094471
3055029
3076182
3056838
3137542
3241401
3168471
3091751
3166016
3221090
3095123
3119703
3178495
3109305
3103004
3386559
3175793
3080912
3361457
3347595
3181478
3171189
3157607
3060031
3343641
3377955
3363690
3046674
3068009
3173159
3196033
3247723
3102418
3364105
3046028
3057627
3251115
3049179
3261993
3221628
3353489
3388423
3274600
3165584
3134430
3173125
3181736
3385736
3068494
3245378
3359578
3077825
3258624
3051734
3226142
3078950
3103090
3123600
3375991
3358801
3088746
3046186
3192202
3170785
3359420
3103700
3157875
3236240
3363276
3044462
3167619
3275803
3160457
3275451
3123072
3159912
3058815
3046175
3215296
3398505
3035886
3196232
3125671
3179190
3175601
3258798
3378571
3264134
3088873
3193502
3221712
3362041
3235408
3089967
3053132
3226366
3128539
3377844
3067442
3386719
3245698
3038931
3131544
3139943
3384103
3136578
3072473
3107276
3178594
3041142
3063060
3264799
3128820
3385395
3128590
3041407
3274058
3376010
3182029
3245965
3242383
3069913
3230515
3398950
3038047
3052146
3397112
3342223
3173677
3167987
3136547
3216383
3343422
3091851
3381111
3342046
3373813
3110558
3117206
3250143
3138979
3352830
3108605
3179964
3182301
3258795
3274933
3057521
3117272
3221475
3183929
3053139
3182536
3367970
3149289
3381916
3075481
3384342
3091516
3250023
3247916
3080405
3198946
3240543
3178578
3195309
3083174
3198243
3344214
3131139
3261096
3126656
3091336
3363359
3047001
3165867
3258797
3251247
3364173
3388718
3398180
3350861
3400477
3156832
3375966
3343999
3389937
3170450
3168564
3269349
3080849
3070200
3088586
3078997
3274503
3168635
3084424
3045737
3385506
3384154
3041992
3057314
3091792
3352747
3170611
3040565
3179718
3374993
3395285
3224697
3120073
3196269
3047222
3059742
3038209
3107623
3346221
3152410
3353941
3234284
3231487
3192296
3075203
3159794
3235106
3342950
3179682
3159957
3111759
3179123
3377591
3091677
3043552
3126495
3046808
3239618
3066859
3102916
3197859
3105455
3136187
3153627
3182304
3345533
3215465
3111376
3379456
3252990
3184279
3342855
3367137
3067138
3081068
3182424
3131196
3109028
3120274
3178819
3102756
3388126
3183937
3395422
3117053
3049034
3043273
3385346
3352828
3129004
3179559
3241958
3184222
3181945
3143919
3381170
3086401
3097471
3097531
3390621
3388145
3173011
3354464
3376630
3074929
3168590
3347930
3360519
3142611
3125670
3047002
3184885
3185202
3195741
3117939
3052452
3353858
3043377
3262012
3247474
3134249
3109136
3049862
3128648
3040380
3221454
3150314
3363438
3373798
3269657
3067562
3121308
3073885
3187651
3067760
3085819
3253790
3226752
3067867
3161983
3200040
3120890
3236621
3154221
3111991
3162818
3170352
3363201
3159318
3083695
3120411
3054622
3143977
3056903
3269462
3157518
3229897
3080933
3364178
3087432
3396229
3083796
3059833
3375068
3111522
3041944
3054569
3160252
3264132
3195850
3345509
3046396
3386682
3378119
3119833
3334675
3261668
3100010
3204147
3055054
3378691
3139954
3344582
3192054
3040358
3348208
3077651
3062669
3362118
3168995
3354715
3173608
3107545
3347399
3245031
3153039
3046626
3365851
3173179
3395650
3276021
3125875
3078494
3353752
3062262
3113561
3052443
3375220
3147330
3179363
3181679
3396356
3038299
3361072
3209347
3159494
3051319
3184925
3088771
3156467
3345738
3097162
3051989
3048765
3360430
3107873
3089682
3346511
3274774
3224866
3096979
3223897
3344050
3269999
3331279
3219309
3063056
3126339
3038340
3219851
3061991
3087024
3213971
3134786
3049423
3245026
3157596
3275554
3089430
3117285
3364986
3144277
3049914
3221067
3073334
3118668
3137210
3273932
3345631
3387511
3354143
3062421
3176779
3059518
3275840
3364691
3081258
3344321
3044199
3144270
3157446
3156438
3107696
3268367
3075801
3182527
3102959
3091400
3203051
3368390
3176115
3354671
3354677
3364099
3389422
3360020
3079208
3063082
3331476
3173334
3157570
3035828
3195476
3262160
3231154
3167941
3045907
3051780
3379079
3396537
3081517
3067682
3091609
3142584
3250611
3157550
3134723
3062037
3049686
3043877
3157863
3221086
3363203
3157653
3128367
3119887
3268281
3173875
3123524
3077923
3192176
3174476
3073469
3083831
3113534
3099734
3111938
3149956
3187221
3388980
3061656
3231754
3231736
3390211
3060177
3126597
3183957
3245083
3187890
3075035
3378508
3256362
3259134
3046799
3378689
3123889
3036266
3179870
3094950
3247721
3057567
3116117
3089052
3225700
