0.000000 1.000000 1.000000 1.000000
0.025000 0.728302 0.766827 0.766827
0.050000 0.645000 0.691892 0.691892
0.075000 0.607741 0.665971 0.665971
0.100000 0.572169 0.636273 0.636273
0.125000 0.529573 0.604625 0.604625
0.150000 0.494248 0.566105 0.566105
0.175000 0.457432 0.540286 0.540286
0.200000 0.429126 0.510196 0.510196
0.225000 0.400645 0.484067 0.484067
0.250000 0.375826 0.452226 0.452226
0.275000 0.344453 0.412726 0.412726
0.300000 0.310078 0.367688 0.367688
0.325000 0.266060 0.310288 0.310288
0.350000 0.224666 0.253275 0.253275
0.375000 0.184436 0.162473 0.162473
0.400000 0.119983 0.060942 0.060942
0.425000 0.039554 0.032352 0.032352
0.450000 0.021083 0.000000 0.000000
0.475000 0.000000 0.000000 0.000000
0.500000 0.000000 0.000000 0.000000
0.525000 0.000000 0.000000 0.000000
0.550000 0.000000 0.000000 0.000000
0.575000 0.000000 0.000000 0.000000
0.600000 0.000000 0.000000 0.000000
0.625000 0.000000 0.000000 0.000000
0.650000 0.000000 0.000000 0.000000
0.675000 0.000000 0.000000 0.000000
0.700000 0.000000 0.000000 0.000000
0.725000 0.000000 0.000000 0.000000
0.750000 0.000000 0.000000 0.000000
0.775000 0.000000 0.000000 0.000000
0.800000 0.000000 0.000000 0.000000
0.825000 0.000000 0.000000 0.000000
0.850000 0.000000 0.000000 0.000000
0.875000 0.000000 0.000000 0.000000
0.900000 0.000000 0.000000 0.000000
0.925000 0.000000 0.000000 0.000000
0.950000 0.000000 0.000000 0.000000
0.975000 0.000000 0.000000 0.000000
1.000000 0.000000 0.000000 0.000000
