0.000000 0.666667 0.702222 0.702222
0.025000 0.648649 0.702222 0.702222
0.050000 0.627451 0.685466 0.685466
0.075000 0.582573 0.662011 0.662011
0.100000 0.548249 0.631184 0.631184
0.125000 0.520347 0.594727 0.594727
0.150000 0.491251 0.573027 0.573027
0.175000 0.464867 0.545522 0.545522
0.200000 0.434931 0.511953 0.511953
0.225000 0.408521 0.485071 0.485071
0.250000 0.385141 0.444038 0.444038
0.275000 0.345675 0.403719 0.403719
0.300000 0.309367 0.357952 0.357952
0.325000 0.272906 0.304148 0.304148
0.350000 0.229448 0.239636 0.239636
0.375000 0.179498 0.155610 0.155610
0.400000 0.122212 0.067451 0.067451
0.425000 0.055671 0.032304 0.032304
0.450000 0.021347 0.000000 0.000000
0.475000 0.000000 0.000000 0.000000
0.500000 0.000000 0.000000 0.000000
0.525000 0.000000 0.000000 0.000000
0.550000 0.000000 0.000000 0.000000
0.575000 0.000000 0.000000 0.000000
0.600000 0.000000 0.000000 0.000000
0.625000 0.000000 0.000000 0.000000
0.650000 0.000000 0.000000 0.000000
0.675000 0.000000 0.000000 0.000000
0.700000 0.000000 0.000000 0.000000
0.725000 0.000000 0.000000 0.000000
0.750000 0.000000 0.000000 0.000000
0.775000 0.000000 0.000000 0.000000
0.800000 0.000000 0.000000 0.000000
0.825000 0.000000 0.000000 0.000000
0.850000 0.000000 0.000000 0.000000
0.875000 0.000000 0.000000 0.000000
0.900000 0.000000 0.000000 0.000000
0.925000 0.000000 0.000000 0.000000
0.950000 0.000000 0.000000 0.000000
0.975000 0.000000 0.000000 0.000000
1.000000 0.000000 0.000000 0.000000
