0.000000 1.000000 1.000000 1.000000
0.025000 0.667357 0.707491 0.707491
0.050000 0.621037 0.677124 0.677124
0.075000 0.579395 0.647699 0.647699
0.100000 0.544618 0.619840 0.619840
0.125000 0.515659 0.590378 0.590378
0.150000 0.484734 0.563580 0.563580
0.175000 0.454354 0.533627 0.533627
0.200000 0.424856 0.502353 0.502353
0.225000 0.395575 0.471244 0.471244
0.250000 0.365110 0.436366 0.436366
0.275000 0.333641 0.397737 0.397737
0.300000 0.300649 0.352586 0.352586
0.325000 0.263731 0.299486 0.299486
0.350000 0.222583 0.234184 0.234184
0.375000 0.173558 0.149322 0.149322
0.400000 0.112649 0.059040 0.059040
0.425000 0.044655 0.032363 0.032363
0.450000 0.021353 0.000000 0.000000
0.475000 0.000000 0.000000 0.000000
0.500000 0.000000 0.000000 0.000000
0.525000 0.000000 0.000000 0.000000
0.550000 0.000000 0.000000 0.000000
0.575000 0.000000 0.000000 0.000000
0.600000 0.000000 0.000000 0.000000
0.625000 0.000000 0.000000 0.000000
0.650000 0.000000 0.000000 0.000000
0.675000 0.000000 0.000000 0.000000
0.700000 0.000000 0.000000 0.000000
0.725000 0.000000 0.000000 0.000000
0.750000 0.000000 0.000000 0.000000
0.775000 0.000000 0.000000 0.000000
0.800000 0.000000 0.000000 0.000000
0.825000 0.000000 0.000000 0.000000
0.850000 0.000000 0.000000 0.000000
0.875000 0.000000 0.000000 0.000000
0.900000 0.000000 0.000000 0.000000
0.925000 0.000000 0.000000 0.000000
0.950000 0.000000 0.000000 0.000000
0.975000 0.000000 0.000000 0.000000
1.000000 0.000000 0.000000 0.000000
