0.000000 0.709091 0.725275 0.725275
0.025000 0.709091 0.725275 0.725275
0.050000 0.661017 0.687831 0.687831
0.075000 0.642857 0.668966 0.668966
0.100000 0.576923 0.654040 0.654040
0.125000 0.576923 0.630350 0.630350
0.150000 0.534247 0.596626 0.596626
0.175000 0.502762 0.567500 0.567500
0.200000 0.468468 0.539022 0.539022
0.225000 0.448849 0.521934 0.521934
0.250000 0.428414 0.479290 0.479290
0.275000 0.394470 0.444514 0.444514
0.300000 0.367717 0.397751 0.397751
0.325000 0.336884 0.339790 0.339790
0.350000 0.294913 0.281765 0.281765
0.375000 0.248934 0.197601 0.197601
0.400000 0.179074 0.096223 0.096223
0.425000 0.122253 0.036998 0.036998
0.450000 0.056265 0.034444 0.034444
0.475000 0.023250 0.000000 0.000000
0.500000 0.000000 0.000000 0.000000
0.525000 0.000000 0.000000 0.000000
0.550000 0.000000 0.000000 0.000000
0.575000 0.000000 0.000000 0.000000
0.600000 0.000000 0.000000 0.000000
0.625000 0.000000 0.000000 0.000000
0.650000 0.000000 0.000000 0.000000
0.675000 0.000000 0.000000 0.000000
0.700000 0.000000 0.000000 0.000000
0.725000 0.000000 0.000000 0.000000
0.750000 0.000000 0.000000 0.000000
0.775000 0.000000 0.000000 0.000000
0.800000 0.000000 0.000000 0.000000
0.825000 0.000000 0.000000 0.000000
0.850000 0.000000 0.000000 0.000000
0.875000 0.000000 0.000000 0.000000
0.900000 0.000000 0.000000 0.000000
0.925000 0.000000 0.000000 0.000000
0.950000 0.000000 0.000000 0.000000
0.975000 0.000000 0.000000 0.000000
1.000000 0.000000 0.000000 0.000000
