0.000000 0.666667 0.702222 0.702222
0.025000 0.648649 0.702222 0.702222
0.050000 0.628478 0.685807 0.685807
0.075000 0.582996 0.662247 0.662247
0.100000 0.547721 0.631238 0.631238
0.125000 0.520585 0.594513 0.594513
0.150000 0.490847 0.573241 0.573241
0.175000 0.464594 0.545589 0.545589
0.200000 0.433691 0.512141 0.512141
0.225000 0.408747 0.485174 0.485174
0.250000 0.385279 0.444117 0.444117
0.275000 0.345713 0.403712 0.403712
0.300000 0.309354 0.358046 0.358046
0.325000 0.273065 0.304593 0.304593
0.350000 0.229503 0.239859 0.239859
0.375000 0.179687 0.156353 0.156353
0.400000 0.122275 0.067660 0.067660
0.425000 0.055839 0.032300 0.032300
0.450000 0.021349 0.000000 0.000000
0.475000 0.000000 0.000000 0.000000
0.500000 0.000000 0.000000 0.000000
0.525000 0.000000 0.000000 0.000000
0.550000 0.000000 0.000000 0.000000
0.575000 0.000000 0.000000 0.000000
0.600000 0.000000 0.000000 0.000000
0.625000 0.000000 0.000000 0.000000
0.650000 0.000000 0.000000 0.000000
0.675000 0.000000 0.000000 0.000000
0.700000 0.000000 0.000000 0.000000
0.725000 0.000000 0.000000 0.000000
0.750000 0.000000 0.000000 0.000000
0.775000 0.000000 0.000000 0.000000
0.800000 0.000000 0.000000 0.000000
0.825000 0.000000 0.000000 0.000000
0.850000 0.000000 0.000000 0.000000
0.875000 0.000000 0.000000 0.000000
0.900000 0.000000 0.000000 0.000000
0.925000 0.000000 0.000000 0.000000
0.950000 0.000000 0.000000 0.000000
0.975000 0.000000 0.000000 0.000000
1.000000 0.000000 0.000000 0.000000
