2979147
2979148
2979191
2979202
2979270
2979277
2979285
2979288
2979320
2979590
2979664
2979690
2979707
2979728
2979765
2979768
2979787
2979799
2979829
2979833
2979865
3034977
3034988
3035019
3035029
3035041
3035109
3035126
3035136
3035168
3035172
3035204
3035207
3035222
3035269
3035283
3035306
3035722
3035760
3035778
3035794
3035796
3035803
3035831
3035858
3035903
3035905
3035936
3035962
3035985
3035995
3036010
3036082
3036162
3036197
3036214
3036221
3036235
3036263
3036298
3036314
3036315
3036321
3036336
3036337
3036366
3036381
3036421
3036435
3036448
3036471
3036503
3037751
3037769
3037861
3037904
3037930
3037987
3038136
3038174
3038180
3038185
3038253
3038275
3038308
3038313
3038361
3038395
3038400
3038408
3038413
3038439
3038454
3038459
3038469
3038480
3038503
3038527
3038545
3038568
3038592
3038609
3038668
3038737
3038756
3038801
3038840
3038857
3038861
3038862
3038876
3038887
3038892
3038902
3038948
3038965
3038998
3039019
3039055
3039079
3040371
3040376
3040411
3040443
3040464
3040501
3040596
3040620
3040634
3040655
3040682
3040709
3040711
3040712
3040715
3040719
3040810
3040823
3040838
3040866
3040872
3040908
3040961
3040967
3040988
3041081
3041100
3041130
3041150
3041181
3041212
3041226
3041238
3041242
3041250
3041285
3041297
3041366
3041386
3041393
3041395
3041551
3041580
3041596
3041665
3041669
3041692
3041710
3041824
3041828
3041837
3041972
3041996
3043095
3043111
3043206
3043213
3043272
3043288
3043290
3043296
3043316
3043333
3043342
3043350
3043401
3043404
3043413
3043430
3043434
3043436
3043452
3043455
3043469
3043479
3043517
3043533
3043544
3043581
3043604
3043637
3043662
3043698
3043717
3043727
3043728
3043734
3043841
3043884
3043892
3043921
3043929
3043934
3044005
3044012
3044082
3044093
3044162
3044184
3044211
3044256
3044430
3044601
3044625
3045691
3045704
3045739
3045824
3045848
3045854
3045878
3045880
3045893
3045906
3045907
3045922
3045932
3045963
3046039
3046054
3046101
3046177
3046292
3046311
3046326
3046346
3046388
3046448
3046472
3046511
3046528
3046568
3046569
3046665
3046704
3046721
3046751
3046784
3046792
3046804
3046815
3046863
3046897
3046904
3046910
3046914
3046916
3046925
3046965
3047031
3047037
3047056
3047091
3047103
3047156
3047205
3047219
3047222
3047224
3047228
3047250
3047280
3047281
3048476
3048483
3048503
3048505
3048521
3048562
3048584
3048656
3048681
3048726
3048744
3048755
3048758
3048764
3048773
3048782
3048841
3048844
3048858
3048859
3048888
3048901
3049002
3049008
3049024
3049032
3049049
3049053
3049078
3049115
3049171
3049255
3049280
3049289
3049297
3049323
3049336
3049397
3049406
3049429
3049478
3049506
3049516
3049523
3049529
3049551
3049565
3049577
3049583
3049586
3049623
3049627
3049632
3049836
3049839
3049861
3049955
3049978
3049980
3049988
3050001
3051207
3051259
3051338
3051390
3051457
3051488
3051544
3051588
3051621
3051626
3051700
3051710
3051717
3051748
3051751
3051769
3051771
3051782
3051791
3051798
3051814
3051828
3051842
3051915
3051929
3051954
3051961
3051986
3052009
3052028
3052043
3052060
3052072
3052114
3052127
3052168
3052191
3052307
3052359
3052382
3052384
3052410
3052413
3052493
3052508
3052520
3052529
3052548
3052565
3052615
3052635
3052638
3052643
3052656
3052666
3052667
3052732
3052739
3052741
3052764
3052768
3052793
3052822
3052834
3052844
3052872
3052892
3052916
3052923
3052958
3052960
3052969
3052995
3052996
3053080
3053100
3053101
3053133
3053146
3053164
3053222
3053235
3053257
3053270
3053273
3053277
3053279
3053296
3053342
3053366
3054459
3054486
3054526
3054556
3054571
3054581
3054591
3054806
3054825
3054834
3054875
3054894
3054952
3054994
3055016
3055025
3055038
3055046
3055055
3055068
3055082
3055084
3055110
3055119
3055176
3055311
3055330
3055416
3055546
3055607
3055755
3055774
3055811
3055839
3055881
3055899
3056010
3056126
3056610
3056629
3056638
3056724
3056732
3056835
3056897
3056907
3056950
3056967
3056991
3057107
3057151
3057155
3057202
3057243
3057273
3057278
3057332
3057365
3057371
3057382
3057515
3057545
3057813
3058708
3058800
3058807
3058819
3058830
3058861
3058870
3058874
3058884
3058891
3058942
3058951
3058968
3059008
3059067
3059080
3059264
3059272
3059299
3059309
3059412
3059470
3059489
3059501
3059503
3059507
3059512
3059566
3059570
3059666
3059690
3059696
3059708
3059743
3059812
3059827
3059832
3059834
3059865
3059870
3059905
3060052
3060056
3060105
3060130
3060161
3060165
3060170
3060194
3060218
3060253
3060280
3060294
3060325
3060406
3061449
3061463
3061613
3061645
3061651
3061731
3061753
3061759
3061776
3061802
3061808
3061837
3061855
3061888
3061917
3061976
3061989
3061999
3062044
3062072
3062128
3062131
3062158
3062180
3062230
3062239
3062243
3062246
3062259
3062264
3062272
3062285
3062359
3062376
3062413
3062420
3062448
3062459
3062491
3062530
3062553
3062600
3062619
3062631
3062665
3062683
3062694
3062894
3062935
3062946
3063002
3063123
3063132
3063134
3063157
3063179
3064085
3064248
3064253
3064298
3064304
3064353
3064369
3064377
3064389
3064398
3064446
3064458
3064501
3064512
3064542
3064557
3064564
3064656
3064701
3064729
3064799
3064802
3064827
3064839
3064861
3064895
3064946
3064968
3064972
3064980
3064984
3065059
3065071
3065077
3065089
3065096
3065304
3065313
3065334
3065359
3065363
3065378
3065428
3065455
3065518
3065545
3065572
3065598
3065628
3065713
3065719
3065872
3066819
3066892
3066919
3066991
3066993
3067010
3067011
3067025
3067050
3067061
3067118
3067141
3067142
3067173
3067259
3067264
3067268
3067287
3067310
3067386
3067406
3067517
3067524
3067525
3067553
3067570
3067576
3067594
3067603
3067605
3067673
3067676
3067816
3067826
3067867
3067891
3067906
3067935
3067939
3067947
3067976
3067977
3068040
3068049
3068101
3068111
3068250
3068260
3068262
3068266
3068273
3068318
3068319
3068340
3068369
3068375
3068413
3068453
3068490
3068493
3069544
3069645
3069851
3069853
3069926
3069977
3070157
3070213
3070221
3070240
3070403
3070404
3070453
3070536
3070558
3070793
3070841
3070877
3070879
3070925
3071021
3071144
3072292
3072426
3072467
3072475
3072502
3072529
3072630
3072653
3072662
3072761
3072776
3072791
3072794
3072825
3072830
3072850
3072863
3072875
3072931
3072988
3073007
3073020
3073028
3073037
3073069
3073101
3073129
3073130
3073160
3073245
3073295
3073316
3073326
3073341
3073391
3073409
3073539
3073551
3073561
3073563
3073566
3073598
3073620
3073629
3073630
3073635
3073651
3073669
3073679
3073704
3073753
3073758
3073838
3073846
3073870
3073885
3073928
3074958
3075033
3075071
3075083
3075093
3075123
3075242
3075264
3075280
3075293
3075396
3075427
3075511
3075532
3075588
3075606
3075682
3075708
3075742
3075771
3075829
3075867
3075880
3075907
3075934
3075970
3076003
3076013
3076040
3076041
3076050
3076068
3076171
3076172
3076297
3076303
3076394
3076443
3076446
3076449
3076466
3076503
3076507
3077665
3077694
3077725
3077731
3077735
3077755
3077761
3077772
3077777
3077788
3077801
3077844
3077846
3077865
3077890
3077941
3077952
3077953
3077957
3078098
3078101
3078125
3078152
3078190
3078191
3078204
3078206
3078221
3078225
3078277
3078283
3078286
3078314
3078340
3078357
3078361
3078378
3078417
3078455
3078464
3078473
3078493
3078506
3078513
3078515
3078673
3078696
3078714
3078785
3078818
3078819
3078820
3078833
3078854
3078889
3078893
3078905
3078910
3078942
3078995
3079029
3079035
3079060
3079104
3079113
3079126
3079128
3079130
3079132
3079185
3079228
3079279
3079292
3079304
3080399
3080445
3080447
3080451
3080462
3080464
3080494
3080536
3080548
3080552
3080603
3080610
3080627
3080650
3080756
3080909
3080920
3080931
3080932
3080935
3080939
3080954
3080966
3080994
3080997
3081008
3081012
3081061
3081093
3081174
3081188
3081189
3081226
3081241
3081273
3081326
3081389
3081405
3081503
3081528
3081536
3081543
3081554
3081597
3081638
3081662
3081733
3081747
3081751
3081802
3081817
3081826
3081834
3081840
3081847
3081871
3081884
3081901
3081937
3081968
3081993
3082027
3082093
3082133
3082265
3083168
3083178
3083195
3083240
3083247
3083311
3083368
3083372
3083379
3083381
3083400
3083429
3083470
3083541
3083592
3083601
3083665
3083697
3083718
3083720
3083725
3083730
3083741
3083770
3083780
3083787
3083792
3083798
3083849
3083860
3083869
3083875
3083876
3083938
3084010
3084057
3084058
3084076
3084140
3084143
3084168
3084212
3084270
3084299
3084314
3084326
3084330
3084372
3084375
3084378
3084400
3084421
3084433
3084444
3084468
3084526
3084538
3084598
3084666
3084691
3084696
3084742
3084778
3084791
3085758
3085769
3085930
3085972
3086004
3086018
3086050
3086101
3086130
3086149
3086182
3086242
3086372
3086396
3086404
3086413
3086415
3086422
3086479
3086513
3086524
3086558
3086609
3086623
3086644
3086653
3086660
3086696
3086732
3086868
3086881
3086896
3086900
3086952
3086976
3086992
3087004
3087009
3087030
3087054
3087063
3087074
3087098
3087107
3087122
3087218
3087269
3087323
3087368
3087436
3088485
3088492
3088510
3088522
3088578
3088588
3088602
3088623
3088636
3088710
3088747
3088787
3088891
3088903
3088920
3088939
3088967
3089002
3089009
3089026
3089051
3089087
3089101
3089112
3089190
3089199
3089254
3089267
3089309
3089310
3089341
3089346
3089352
3089421
3089428
3089451
3089452
3089465
3089494
3089534
3089571
3089612
3089631
3089713
3089739
3089768
3089786
3089792
3089839
3089855
3089899
3089969
3090013
3090023
3090152
3090157
3090164
3090179
3090196
3091294
3091345
3091359
3091442
3091462
3091500
3091542
3091557
3091596
3091605
3091648
3091656
3091657
3091703
3091713
3091729
3091774
3091779
3091780
3091793
3091811
3091818
3091928
3091945
3091947
3091987
3092005
3092013
3092024
3092028
3092043
3092084
3092097
3092113
3092139
3092155
3092221
3092225
3092271
3092393
3092399
3092412
3092425
3092440
3092482
3092535
3092609
3092666
3092691
3092724
3092735
3092745
3092784
3092800
3092825
3092877
3092897
3093118
3093932
3093960
3093996
3094097
3094210
3094235
3094259
3094296
3094319
3094385
3094422
3094426
3094447
3094517
3094567
3094572
3094597
3094670
3094685
3094701
3094725
3094735
3094744
3094756
3094837
3094857
3094861
3094916
3095092
3095107
3095108
3095116
3095118
3095176
3095221
3095256
3095285
3095335
3095367
3095445
3095453
3095463
3095493
3095502
3095583
3095585
3096684
3096695
3096699
3096782
3096783
3096785
3096789
3096793
3096815
3096820
3096821
3096858
3096875
3096908
3096917
3096919
3096928
3096932
3096991
3096994
3097019
3097030
3097034
3097042
3097045
3097075
3097082
3097097
3097098
3097106
3097108
3097123
3097161
3097189
3097260
3097263
3097341
3097375
3097378
3097393
3097411
3097436
3097475
3097593
3097608
3097635
3097650
3097674
3097689
3097827
3097865
3097902
3097934
3097950
3097989
3097999
3098005
3098034
3098060
3098071
3098092
3098111
3098139
3098172
3098195
3098209
3098276
3098287
3098462
3099346
3099350
3099362
3099366
3099403
3099438
3099458
3099464
3099475
3099527
3099548
3099614
3099644
3099659
3099696
3099702
3099707
3099714
3099760
3099766
3099769
3099882
3099896
3099902
3100028
3100157
3100174
3100203
3100224
3100230
3100297
3100386
3100420
3100476
3100480
3100499
3100510
3100513
3100562
3100565
3100584
3100589
3100627
3100632
3100669
3100675
3100710
3100759
3100802
3100859
3100886
3101042
3101044
3102079
3102094
3102134
3102137
3102188
3102241
3102246
3102254
3102278
3102300
3102327
3102390
3102398
3102510
3102529
3102596
3102613
3102624
3102657
3102660
3102661
3102666
3102676
3102677
3102686
3102711
3102728
3102762
3102845
3102870
3102891
3102896
3102906
3102940
3102941
3102943
3102980
3103007
3103018
3103029
3103038
3103073
3103201
3103217
3103283
3103366
3103419
3103438
3103439
3103510
3103520
3103528
3103552
3103559
3103571
3103604
3103605
3103622
3103673
3103679
3103680
3103693
3103694
3103710
3103736
3104777
3104791
3104842
3104865
3104907
3104924
3104947
3104993
3105009
3105043
3105065
3105079
3105085
3105121
3105154
3105197
3105202
3105205
3105207
3105242
3105406
3105422
3105435
3105465
3105477
3105483
3105487
3105493
3105507
3105532
3105552
3105575
3105579
3105580
3105675
3105731
3105760
3105767
3105828
3105889
3105912
3105921
3105933
3105939
3105955
3105970
3105976
3105998
3106001
3106004
3106029
3106048
3106130
3106131
3106135
3106170
3106211
3106227
3106322
3106336
3107233
3107249
3107276
3107342
3107357
3107366
3107367
3107377
3107405
3107407
3107417
3107472
3107496
3107555
3107565
3107605
3107667
3107689
3107703
3107718
3107731
3107846
3107872
3108002
3108028
3108484
3108486
3108518
3108620
3108655
3108658
3108670
3108726
3108928
3108934
3108935
3108936
3108953
3108999
3109028
3109030
3109088
3109100
3109108
3109114
3109122
3109302
3109441
3109463
3110516
3110543
3110554
3110558
3110584
3110593
3110598
3110607
3110649
3110712
3110727
3110746
3110749
3110797
3110834
3110902
3110930
3110942
3110956
3110967
3110969
3110991
3111008
3111101
3111127
3111196
3111218
3111220
3111242
3111253
3111303
3111307
3111319
3111402
3111443
3111463
3111562
3111577
3111612
3111677
3111790
3111807
3111869
3111878
3111891
3111893
3111901
3111903
3111913
3111934
3111948
3111977
3112024
3112057
3112151
3113373
3113428
3113499
3113516
3113524
3113535
3113590
3113591
3113613
3113640
3113658
3113677
3113693
3113697
3113749
3113780
3113791
3113810
3113814
3113826
3113869
3113881
3113931
3113972
3113990
3114004
3114011
3114023
3114027
3114036
3114045
3114279
3114282
3114288
3114289
3114345
3114359
3114362
3114389
3114408
3114473
3114479
3114480
3114481
3114492
3114573
3114818
3115814
3115855
3116110
3117033
3117036
3117050
3117090
3117283
3117292
3117327
3117349
3117403
3117421
3117445
3117453
3117546
3117557
3117605
3117683
3117715
3117771
3117784
3117811
3117858
3117885
3117906
3117915
3117929
3117996
3118011
3118018
3118027
3118052
3118065
3118094
3118108
3118140
3118154
3118161
3118165
3118218
3118258
3118262
3118296
3118304
3118333
3118346
3118365
3118431
3118437
3118457
3118542
3118591
3119709
3119722
3119734
3119741
3119755
3119788
3119804
3119839
3119883
3119885
3119891
3119924
3119933
3119995
3120010
3120063
3120085
3120159
3120212
3120256
3120257
3120258
3120259
3120279
3120286
3120291
3120294
3120325
3120328
3120381
3120395
3120449
3120483
3120490
3120491
3120497
3120541
3120547
3120767
3120853
3120891
3120947
3120983
3121010
3121052
3121061
3121063
3121072
3121090
3121123
3121124
3121139
3121167
3121200
3121201
3121278
3121310
3121793
3122419
3122444
3122467
3122502
3122524
3122534
3122565
3122593
3122790
3122878
3122909
3122930
3122943
3122972
3123001
3123034
3123038
3123041
3123044
3123060
3123061
3123095
3123113
3123149
3123231
3123241
3123350
3123372
3123455
3123500
3123560
3123567
3123595
3123609
3123632
3123682
3123710
3123722
3123756
3123876
3123880
3123913
3123926
3123936
3123949
3124008
3124091
3124098
3125087
3125138
3125197
3125210
3125262
3125273
3125279
3125344
3125365
3125378
3125381
3125384
3125389
3125402
3125477
3125556
3125594
3125605
3125621
3125637
3125665
3125670
3125694
3125718
3125724
3125778
3125781
3125812
3125817
3125834
3125843
3125865
3125872
3125874
3125881
3125882
3125891
3125901
3125914
3125924
3125925
3125954
3125999
3126020
3126021
3126041
3126062
3126102
3126120
3126168
3126211
3126250
3126265
3126311
3126342
3126369
3126419
3126481
3126496
3126503
3126565
3126585
3126617
3126630
3126693
3126700
3126725
3126730
3126788
3126821
3126832
3127812
3127821
3127898
3127909
3127921
3127935
3127943
3127952
3127963
3127968
3128018
3128121
3128132
3128174
3128219
3128223
3128225
3128286
3128338
3128347
3128356
3128364
3128370
3128379
3128382
3128398
3128617
3128634
3128661
3128679
3128687
3128691
3128693
3128701
3128705
3128708
3128714
3128715
3128821
3128838
3128887
3129122
3129127
3129156
3129164
3129188
3129191
3129197
3129227
3129250
3129258
3129291
3129297
3129314
3129354
3129379
3129393
3130628
3130648
3130654
3130659
3130676
3130763
3130770
3130771
3130844
3130861
3130935
3130983
3131017
3131025
3131027
3131051
3131052
3131073
3131086
3131184
3131192
3131214
3131414
3131439
3131443
3131461
3131491
3131510
3131511
3131521
3131542
3131580
3131591
3131648
3131674
3131707
3131711
3131777
3131800
3131801
3131840
3131847
3131849
3131862
3131984
3132028
3132063
3132066
3132094
3132114
3132163
3132194
3132231
3132234
3133225
3133281
3133287
3133294
3133322
3133369
3133475
3133495
3133502
3133516
3133547
3133558
3133596
3133640
3133708
3133823
3133833
3133848
3133849
3133858
3133862
3133879
3133884
3133986
3134012
3134038
3134062
3134213
3134224
3134226
3134282
3134311
3134318
3134372
3134383
3134455
3134463
3134494
3134513
3134696
3134782
3134796
3134809
3134834
3134860
3134892
3135963
3136055
3136117
3136138
3136171
3136181
3136189
3136255
3136266
3136282
3136308
3136337
3136357
3136367
3136369
3136440
3136453
3136473
3136479
3136498
3136501
3136507
3136510
3136544
3136566
3136831
3136833
3136849
3136893
3136985
3137006
3137073
3137093
3137099
3137101
3137124
3137129
3137152
3137214
3137284
3137295
3137304
3137385
3137419
3137459
3137462
3137468
3137479
3137489
3137505
3137531
3137570
3137689
3137705
3138842
3138857
3138886
3138977
3139004
3139011
3139054
3139261
3139303
3139312
3139364
3139390
3139423
3139460
3139545
3139585
3139630
3139654
3139655
3139887
3139945
3139947
3139948
3139971
3139997
3140245
3140328
3142359
3142430
3142439
3142474
3142520
3142528
3142545
3142563
3142588
3142641
3142764
3142788
3142819
3142823
3142902
3142984
3143143
3143435
3143505
3143559
3143585
3143614
3143643
3143682
3143717
3143752
3143802
3143830
3143882
3143889
3143899
3143962
3143979
3144047
3144209
3144258
3144382
3144393
3144445
3144465
3144565
3144567
3144586
3144633
3144641
3144660
3144752
3144764
3144770
3144784
3144805
3144901
3144927
3145052
3145071
3145116
3145157
3145161
3147142
3147175
3147244
3147421
3147423
3147681
3147819
3147826
3147840
3148087
3148099
3148127
3148160
3148254
3148267
3148332
3148360
3148399
3148434
3148486
3148691
3148718
3148737
3148752
3148899
3148957
3149065
3149133
3149135
3149206
3149370
3149597
3149675
3149740
3149742
3149877
3149878
3149954
3150051
3150124
3150231
3150352
3150396
3152393
3152490
3152502
3152598
3152732
3152744
3152767
3152835
3152889
3152966
3153006
3153033
3153158
3153259
3153273
3153367
3153399
3153477
3153479
3153523
3153548
3153702
3153732
3153832
3153851
3153955
3153974
3154037
3154041
3154060
3154095
3154106
3154174
3154189
3154250
3154393
3154431
3154435
3154674
3154912
3154943
3154999
3155003
3155028
3155081
3155093
3155137
3155198
3155207
3156363
3156445
3156454
3156474
3156506
3156524
3156621
3156622
3156637
3156640
3156720
3156824
3156833
3156865
3156899
3157015
3157035
3157083
3157091
3157111
3157119
3157133
3157253
3157360
3157380
3157477
3157552
3157565
3157593
3157621
3157628
3157651
3157677
3157679
3157777
3157806
3157819
3157842
3157857
3157875
3157883
3157915
3157931
3157960
3159179
3159252
3159283
3159349
3159390
3159484
3159487
3159548
3159585
3159599
3159616
3159666
3159738
3159782
3159798
3159838
3159869
3159903
3159930
3159998
3160026
3160064
3160079
3160090
3160100
3160109
3160163
3160168
3160177
3160194
3160201
3160269
3160289
3160290
3160313
3160326
3160419
3160428
3160448
3160570
3160652
3160671
3160678
3160698
3160802
3161913
3161929
3161945
3161981
3162049
3162055
3162079
3162083
3162110
3162116
3162123
3162145
3162159
3162186
3162205
3162219
3162251
3162280
3162318
3162323
3162456
3162460
3162466
3162563
3162566
3162600
3162610
3162621
3162630
3162632
3162692
3162709
3162710
3162811
3162817
3162824
3162860
3162882
3162906
3163011
3163026
3163045
3163082
3163105
3163107
3163145
3163148
3163151
3163183
3163200
3163357
3163369
3163432
3164594
3164636
3164659
3164737
3164785
3164864
3164876
3164878
3164919
3164939
3164952
3164953
3165028
3165090
3165110
3165127
3165145
3165158
3165184
3165210
3165285
3165346
3165349
3165364
3165372
3165397
3165400
3165404
3165409
3165416
3165430
3165486
3165493
3165525
3165529
3165556
3165621
3165725
3165777
3165781
3165837
3165889
3165914
3165942
3165971
3165978
3165988
3165997
3166096
3166115
3166136
3166145
3166151
3166158
3166190
3166257
3166291
3167371
3167424
3167431
3167444
3167458
3167461
3167495
3167501
3167535
3167541
3167557
3167585
3167589
3167608
3167631
3167634
3167638
3167700
3167709
3167747
3167751
3167761
3167795
3167916
3167919
3167944
3167949
3167966
3167981
3167984
3167995
3168001
3168019
3168046
3168068
3168079
3168104
3168129
3168138
3168222
3168245
3168271
3168388
3168467
3168497
3168506
3168549
3168563
3168564
3168565
3168566
3168612
3168620
3168648
3168729
3168788
3168805
3168835
3168852
3168854
3168899
3168908
3168920
3168927
3168969
3168982
3169007
3170077
3170079
3170156
3170162
3170182
3170200
3170300
3170360
3170389
3170403
3170408
3170416
3170429
3170436
3170510
3170555
3170570
3170592
3170594
3170598
3170615
3170685
3170712
3170740
3170785
3170792
3170894
3170998
3171172
3171192
3171196
3171225
3171255
3171307
3171328
3171368
3171380
3171415
3171481
3171511
3171650
3171663
3172884
3172907
3172921
3172924
3172936
3172983
3173046
3173062
3173075
3173090
3173091
3173150
3173190
3173197
3173216
3173249
3173280
3173282
3173293
3173306
3173329
3173338
3173343
3173356
3173405
3173413
3173416
3173521
3173541
3173571
3173576
3173594
3173641
3173663
3173673
3173748
3173800
3173824
3173835
3173841
3173850
3173872
3173920
3173921
3173930
3173963
3173982
3174002
3174120
3174149
3174162
3174185
3174196
3174236
3174239
3174257
3174262
3174314
3174315
3174316
3174385
3174437
3174440
3174457
3174471
3175595
3175609
3175611
3175683
3175917
3175929
3175980
3175989
3175990
3175995
3176004
3176007
3176048
3176054
3176057
3176070
3176104
3176113
3176164
3176204
3176208
3176209
3176212
3176276
3176281
3176296
3176326
3176331
3176372
3176438
3176467
3176471
3176495
3176510
3176514
3176609
3176681
3176722
3176742
3176748
3176763
3176772
3176802
3176814
3176850
3176885
3176906
3176908
3176911
3176944
3176989
3176992
3176997
3177011
3177038
3177104
3177111
3177116
3178310
3178331
3178334
3178347
3178461
3178489
3178512
3178516
3178523
3178527
3178628
3178648
3178712
3178729
3178751
3178846
3178909
3178990
3179007
3179022
3179032
3179079
3179130
3179132
3179201
3179255
3179273
3179277
3179307
3179318
3179321
3179354
3179364
3179462
3179476
3179494
3179503
3179516
3179590
3179592
3179654
3179724
3179728
3179767
3179797
3179842
3179933
3179990
3181057
3181127
3181146
3181151
3181206
3181210
3181281
3181328
3181379
3181380
3181423
3181484
3181487
3181488
3181520
3181565
3181614
3181619
3181650
3181655
3181724
3181850
3181879
3181888
3181905
3181950
3181953
3182053
3182060
3182075
3182151
3182228
3182235
3182251
3182307
3182309
3182324
3182378
3182394
3182433
3182443
3182495
3182579
3182643
3182661
3183841
3183881
3183954
3184021
3184034
3184060
3184066
3184072
3184136
3184151
3184269
3184317
3184327
3184349
3184356
3184364
3184378
3184389
3184404
3184443
3184460
3184476
3184482
3184530
3184558
3184640
3184653
3184667
3184714
3184723
3184911
3184974
3185086
3185111
3185172
3185184
3185210
3185221
3185382
3186560
3186564
3186584
3186614
3186629
3186661
3186682
3186744
3186839
3186860
3186883
3186959
3186972
3187006
3187029
3187050
3187055
3187121
3187184
3187208
3187255
3187256
3187259
3187388
3187427
3187429
3187453
3187521
3187544
3187594
3187595
3187652
3187683
3187686
3187706
3187724
3187759
3187778
3187911
3187913
3187923
3187983
3187986
3188035
3188036
3188052
3188078
3189229
3190232
3190245
3190257
3190260
3190418
3190433
3190461
3190686
3190710
3190759
3190785
3190822
3192092
3192389
3192400
3192442
3192448
3192547
3192556
3192630
3192671
3192779
3192786
3192865
3193077
3193144
3193223
3193246
3193364
3193437
3193529
3193571
3194796
3194820
3194863
3194888
3194900
3194919
3194927
3195013
3195037
3195038
3195057
3195103
3195128
3195154
3195171
3195187
3195218
3195223
3195275
3195341
3195343
3195350
3195362
3195374
3195422
3195424
3195429
3195473
3195485
3195512
3195573
3195593
3195694
3195709
3195717
3195725
3195773
3195785
3195828
3195883
3195930
3195932
3195940
3195977
3196121
3196137
3196204
3196227
3196228
3196265
3196273
3196305
3196312
3196350
3196358
3196383
3197642
3197687
3197882
3198051
3198134
3198181
3198214
3198223
3198287
3198342
3198359
3198384
3198423
3198488
3198659
3198742
3198818
3198942
3198968
3199239
3199252
3199260
3199334
3199335
3199337
3199368
3199625
3199627
3199962
3199965
3200032
3200104
3200137
3200225
3200464
3200498
3200556
3200649
3200652
3200716
3200807
3202946
3202965
3203052
3203078
3203088
3203099
3203148
3203252
3203374
3203958
3204013
3204032
3204090
3204268
3208197
3208322
3208339
3208351
3208401
3208418
3208428
3208610
3208740
3208774
3208906
3208909
3209123
3209176
3209187
3209224
3209226
3209507
3209526
3209797
3210644
3213301
3213602
3213644
3213663
3213675
3213768
3213858
3213988
3214029
3214044
3214089
3214112
3214137
3214194
3214207
3214252
3214307
3214322
3214328
3214384
3214523
3214567
3214686
3214848
3214869
3214890
3214931
3214939
3214962
3215220
3215246
3215344
3215352
3215379
3215420
3215439
3215461
3215482
3215521
3215691
3215803
3215834
3215853
3215886
3215993
3216129
3216151
3216288
3216443
3216468
3216477
3216533
3216557
3216584
3218711
3218731
3218842
3218848
3218861
3218914
3218918
3218968
3219019
3219122
3219155
3219182
3219569
3219615
3219635
3219817
3219851
3219882
3219977
3220040
3220052
3220200
3220362
3220410
3220503
3220515
3220544
3220776
3220778
3220806
3220915
3220927
3220994
3221003
3221024
3221028
3221123
3221128
3221132
3221178
3221184
3221234
3221485
3221491
3221574
3221617
3221651
3221665
3221673
3221810
3221825
3223901
3224027
3224046
3224079
3224096
3224179
3224182
3224184
3224422
3224457
3224478
3224487
3224514
3224559
3224664
3224765
3224831
3224849
3224910
3225132
3225217
3225422
3225549
3225650
3225681
3225710
3225802
3225854
3225907
3225944
3226044
3226071
3226241
3226285
3226297
3226335
3226389
3226536
3226654
3226668
3226747
3226865
3226992
3227163
3227176
3229144
3229226
3229305
3229414
3229424
3229529
3229568
3229604
3229632
3229654
3229678
3229724
3229769
3229775
3229893
3229903
3230059
3230080
3230101
3230119
3230157
3230192
3230215
3230219
3230223
3230405
3230446
3230474
3230498
3230541
3230598
3230621
3230629
3230697
3230767
3230789
3230841
3230866
3230969
3230981
3231010
3231012
3231045
3231060
3231084
3231167
3231200
3231224
3231298
3231396
3231468
3231562
3231635
3231647
3231659
3231752
3231800
3231865
3231937
3231963
3231990
3232091
3232095
3232201
3234212
3234289
3234348
3234464
3234560
3234605
3234623
3234693
3234730
3234818
3234847
3235015
3235021
3235064
3235120
3235295
3235316
3235326
3235366
3235410
3235439
3235500
3235722
3235726
3235782
3235812
3235905
3235912
3235976
3235986
3236013
3236070
3236118
3236147
3236163
3236202
3236225
3236228
3236313
3236386
3236447
3236495
3236574
3236621
3236726
3236738
3236748
3236761
3236767
3236840
3236911
3236918
3236938
3236945
3236963
3236990
3237108
3237120
3237351
3239406
3239655
3239866
3239902
3239935
3239972
3239988
3240031
3240079
3240087
3240127
3240145
3240148
3240156
3240216
3240241
3240255
3240334
3240362
3240377
3240515
3240531
3240541
3240557
3240690
3240721
3240777
3240899
3240928
3240947
3240951
3241055
3241062
3241068
3241137
3241204
3241221
3241237
3241275
3241316
3241329
3241335
3241406
3241484
3241520
3241528
3241544
3241631
3241702
3241753
3241792
3241809
3241847
3241857
3241866
3241972
3241974
3242164
3242202
3243722
3244436
3244547
3244554
3244555
3244576
3244592
3244636
3244650
3244686
3244963
3244992
3245004
3245030
3245046
3245083
3245100
3245160
3245201
3245343
3245354
3245464
3245499
3245543
3245614
3245647
3245649
3245666
3245668
3245678
3245702
3245722
3245728
3245751
3245756
3245771
3245776
3245828
3245832
3245910
3245912
3245963
3245972
3245975
3246012
3246020
3246053
3246054
3246067
3247242
3247312
3247327
3247450
3247461
3247578
3247683
3247700
3247713
3247718
3247726
3247826
3247837
3247840
3247845
3247863
3247882
3247916
3247918
3247949
3247951
3247955
3247969
3247974
3247977
3247988
3248012
3248049
3248059
3248074
3248079
3248085
3248087
3248110
3248121
3248174
3248215
3248263
3248306
3248413
3248482
3248560
3248564
3248588
3248681
3248712
3249914
3249924
3249940
3249941
3249985
3250022
3250030
3250031
3250037
3250054
3250073
3250100
3250105
3250123
3250129
3250164
3250239
3250312
3250321
3250341
3250411
3250412
3250477
3250489
3250524
3250562
3250595
3250597
3250613
3250627
3250630
3250695
3250761
3250874
3250958
3251001
3251024
3251034
3251117
3251164
3251196
3251210
3251222
3251254
3251379
3251456
3251458
3251491
3251502
3251506
3251514
3251529
3251536
3252839
3252936
3253033
3253154
3253160
3253346
3253378
3253542
3253545
3253550
3253592
3253742
3253744
3253760
3253801
3253839
3253848
3253884
3253932
3253937
3253951
3253975
3254009
3254017
3254030
3254031
3254042
3254075
3254142
3254157
3254168
3254178
3254180
3254216
3254255
3254267
3255370
3255383
3255404
3255447
3255455
3255512
3255584
3255617
3255642
3255649
3255654
3255656
3255698
3255752
3255754
3256014
3256037
3256050
3256055
3256070
3256082
3256109
3256119
3256135
3256149
3256152
3256196
3256210
3256212
3256269
3256273
3256296
3256337
3256369
3256433
3256456
3256463
3256466
3256498
3256520
3256587
3256640
3256649
3256672
3256780
3256791
3256792
3256819
3256830
3256837
3256891
3256917
3256918
3256931
3256955
3257006
3258062
3258106
3258154
3258254
3258317
3258323
3258381
3258421
3258449
3258454
3258490
3258497
3258531
3258537
3258559
3258579
3258584
3258605
3258613
3258642
3258667
3258763
3258766
3258821
3258826
3259087
3259114
3259130
3259150
3259172
3259174
3259177
3259275
3259280
3259340
3259347
3259349
3259387
3259399
3259444
3259445
3259451
3259488
3259511
3259572
3259584
3259596
3259600
3259606
3259612
3259642
3259665
3259814
3260848
3260902
3260913
3261030
3261068
3261533
3261555
3261571
3261702
3261735
3261737
3261762
3261779
3261801
3261837
3261842
3261846
3261889
3261892
3261897
3261987
3262005
3262023
3262041
3262082
3262109
3262117
3262166
3262172
3262182
3262189
3262200
3262210
3262298
3262361
3262365
3262389
3262477
3263666
3263682
3263712
3263716
3263718
3263726
3263754
3263786
3263821
3263843
3263857
3263883
3263933
3263949
3264033
3264133
3264138
3264144
3264149
3264162
3264197
3264228
3264238
3264254
3264271
3264288
3264329
3264358
3264388
3264413
3264414
3264424
3264429
3264544
3264548
3264554
3264664
3264709
3264718
3264793
3264900
3264914
3265044
3265200
3265260
3265335
3265349
3265357
3265483
3265485
3265497
3265499
3265509
3265651
3265724
3265920
3265964
3267971
3268142
3268180
3268192
3268217
3268281
3268319
3268377
3268385
3268397
3268404
3268531
3268610
3268776
3268818
3269009
3269021
3269027
3269232
3269330
3269411
3269450
3269458
3269512
3269558
3269632
3269670
3269775
3269777
3269870
3269898
3269966
3269972
3270005
3270069
3270077
3270154
3270168
3270370
3270380
3270422
3270464
3270685
3270746
3271052
3271059
3271088
3273302
3273575
3273730
3273738
3273779
3273783
3273903
3273961
3273998
3274034
3274048
3274056
3274062
3274211
3274235
3274342
3274360
3274410
3274468
3274488
3274550
3274630
3274671
3274680
3274849
3274901
3274921
3274964
3274978
3275034
3275052
3275071
3275077
3275145
3275151
3275309
3275362
3275377
3275397
3275399
3275442
3275501
3275620
3275767
3275819
3275848
3275883
3275917
3275933
3276107
3276133
3276181
3276505
3276518
3323402
3323505
3323510
3323549
3323625
3323800
3323925
3323965
3324045
3330489
3330509
3331284
3331829
3334667
3334722
3334730
3335478
3335748
3336081
3336097
3336109
3336623
3340346
3341703
3341875
3341932
3341944
3341948
3341964
3341972
3342079
3342087
3342099
3342114
3342118
3342129
3342174
3342182
3342215
3342310
3342447
3342492
3342536
3342575
3342583
3342603
3342640
3342651
3342690
3342727
3342776
3342784
3342802
3342824
3342851
3342906
3342918
3342938
3342969
3343081
3343134
3343135
3343156
3343169
3343181
3343227
3343233
3343263
3343276
3343294
3343304
3343305
3343313
3343317
3343350
3343425
3343428
3343431
3343446
3343500
3343516
3343579
3343622
3343627
3343687
3343720
3343734
3343742
3343759
3343793
3343848
3343851
3343878
3343895
3343938
3343948
3343977
3343991
3344005
3344029
3344033
3344036
3344074
3344081
3344095
3344103
3344104
3344130
3344145
3344209
3344221
3344262
3344285
3344297
3344312
3344412
3344467
3344503
3344533
3344584
3344592
3344609
3344639
3344654
3344686
3344773
3344777
3344824
3344828
3344855
3344878
3344893
3344897
3344913
3344943
3344947
3345067
3345125
3345197
3345250
3345255
3345278
3345279
3345284
3345291
3345369
3345380
3345405
3345437
3345466
3345467
3345563
3345596
3345611
3345697
3345715
3345755
3345775
3345781
3345796
3345832
3345847
3345899
3345901
3345954
3345962
3345966
3345974
3345986
3345996
3346020
3346022
3346046
3346048
3346072
3346076
3346107
3346123
3346138
3346154
3346156
3346174
3346197
3346220
3346238
3346252
3346279
3346298
3346325
3346337
3346339
3346417
3346433
3346444
3346457
3346492
3346504
3346525
3346537
3346551
3346617
3346667
3346694
3346699
3346707
3346708
3346726
3346779
3346838
3346841
3346858
3346909
3346926
3346929
3346931
3346935
3346955
3346972
3346998
3347052
3347102
3347109
3347158
3347184
3347208
3347242
3347262
3347270
3347315
3347336
3347440
3347532
3347542
3347560
3347734
3347746
3347784
3347924
3347938
3347942
3348100
3348208
3348289
3348554
3348619
3348938
3348954
3350888
3351761
3351770
3351833
3351834
3351878
3351964
3352007
3352030
3352033
3352036
3352044
3352063
3352117
3352139
3352192
3352234
3352289
3352329
3352336
3352484
3352532
3352576
3352623
3352624
3352672
3352790
3352791
3352832
3352908
3352958
3352991
3352992
3353015
3353166
3353213
3353227
3353258
3353262
3353337
3353391
3353404
3353433
3353486
3353497
3353617
3353635
3353639
3353678
3353683
3353710
3353727
3353764
3353775
3353796
3353838
3353869
3353873
3353905
3354000
3354009
3354019
3354084
3354103
3354151
3354153
3354161
3354165
3354188
3354222
3354249
3354271
3354283
3354294
3354304
3354343
3354410
3354447
3354449
3354482
3354497
3354552
3354590
3354600
3354604
3354615
3354620
3354654
3354695
3354703
3354704
3354736
3354751
3354768
3354788
3354807
3354809
3354838
3354845
3354945
3354979
3355000
3355009
3355038
3355108
3355114
3355392
3356025
3356432
3356658
3356930
3357002
3357014
3357080
3357173
3357183
3357254
3357564
3357646
3357736
3357744
3357760
3358036
3358056
3358587
3358589
3358672
3358751
3358840
3358860
3358870
3358895
3358914
3359028
3359049
3359086
3359102
3359103
3359128
3359234
3359311
3359405
3359472
3359517
3359523
3359582
3359595
3359651
3359712
3359746
3359749
3359768
3359784
3359796
3359808
3359902
3359906
3359940
3359948
3359954
3359991
3359997
3360054
3360157
3360179
3360215
3360227
3360260
3360349
3360596
3360627
3360638
3360719
3360722
3360727
3360739
3360746
3360815
3360926
3360962
3361272
3361311
3361349
3361388
3361409
3361424
3361498
3361602
3361626
3361654
3361666
3361795
3361808
3361905
3362007
3362166
3362183
3362202
3362209
3362254
3362295
3362332
3362437
3362619
3362652
3362661
3362704
3362732
3362778
3362911
3362955
3362997
3363108
3363126
3363137
3363168
3363183
3363219
3363277
3363302
3363372
3363395
3363417
3363445
3363543
3363598
3363600
3363685
3363711
3363769
3363800
3363822
3363868
3363891
3363940
3363983
3364033
3364075
3364084
3364161
3364182
3364203
3364204
3364216
3364249
3364267
3364369
3364393
3364407
3364413
3364549
3364558
3364619
3364624
3364634
3364656
3364658
3364668
3364736
3364743
3364766
3364785
3364864
3364878
3364929
3364971
3365056
3365061
3365068
3365069
3365169
3365173
3365314
3365339
3365384
3365464
3365480
3365563
3365617
3365661
3365757
3365810
3365822
3365844
3365886
3365893
3365898
3365931
3365995
3366021
3366029
3366037
3366044
3366059
3366086
3366090
3366129
3366225
3366228
3366286
3366390
3366414
3366540
3366550
3366571
3366595
3366636
3366651
3366676
3366687
3366749
3366758
3366768
3366903
3366941
3366945
3366992
3367029
3367138
3367162
3367214
3367256
3367315
3367355
3367411
3367466
3367505
3367560
3367647
3367667
3367720
3367872
3367884
3367928
3367949
3367994
3368000
3368046
3368101
3368108
3368115
3368175
3368251
3368264
3368364
3368365
3368403
3368423
3368484
3368534
3368543
3368761
3368854
3368864
3373609
3373638
3373675
3373751
3373780
3373794
3373818
3373834
3373866
3373935
3374021
3374056
3374070
3374078
3374111
3374153
3374244
3374414
3374416
3374482
3374502
3374508
3374538
3374546
3374569
3374623
3374629
3374654
3374675
3374707
3374727
3374882
3374924
3374942
3374946
3374966
3374974
3374997
3375001
3375066
3375103
3375107
3375110
3375152
3375158
3375194
3375205
3375220
3375340
3375375
3375462
3375484
3375597
3375673
3375740
3375745
3375746
3375854
3375896
3375905
3375971
3375975
3376110
3376114
3376133
3376136
3376139
3376160
3376168
3376206
3376211
3376235
3376531
3376595
3376608
3376626
3376634
3376842
3376914
3376988
3377097
3377329
3377338
3377387
3377507
3377515
3377591
3377602
3377625
3377653
3377662
3377672
3377707
3377850
3377882
3377913
3377927
3377951
3377973
3377986
3378061
3378127
3378165
3378182
3378205
3378356
3378427
3378479
3378488
3378504
3378507
3378541
3378583
3378608
3378666
3378743
3378782
3378831
3378864
3378871
3378936
3378987
3379015
3379047
3379178
3379201
3379217
3379270
3379289
3379312
3379349
3379366
3379412
3379433
3379679
3379708
3379719
3379729
3379797
3379806
3379880
3379947
3380025
3380094
3380111
3380453
3380507
3380511
3380612
3380712
3380774
3380865
3380891
3381007
3381034
3381050
3381097
3381119
3381125
3381179
3381191
3381198
3381223
3381292
3381813
3381922
3382015
3382216
3382256
3382817
3382857
3382953
3382967
3383224
3383320
3383371
3383383
3383547
3383585
3383631
3383750
3383762
3383780
3383839
3383855
3383949
3384083
3384126
3384131
3384147
3384150
3384158
3384176
3384234
3384261
3384334
3384405
3384460
3384591
3384639
3384663
3384714
3384850
3384854
3384859
3384911
3384980
3385040
3385044
3385047
3385074
3385154
3385179
3385235
3385238
3385265
3385291
3385359
3385417
3385447
3385486
3385582
3385608
3385614
3385647
3385698
3385721
3385754
3385758
3385764
3385792
3385796
3385872
3385874
3385913
3385934
3385952
3385956
3386027
3386067
3386090
3386117
3386186
3386219
3386308
3386309
3386324
3386329
3386359
3386397
3386416
3386445
3386533
3386625
3386669
3386683
3386684
3386687
3386760
3386766
3386778
3386788
3386806
3386972
3386975
3386987
3387045
3387056
3387062
3387072
3387096
3387118
3387135
3387153
3387197
3387244
3387312
3387409
3387422
3387465
3387480
3387514
3387517
3387527
3387534
3387588
3387629
3387647
3387705
3387711
3387737
3387742
3387747
3387753
3387782
3387784
3387805
3387921
3387925
3387928
3387944
3387963
3388043
3388052
3388059
3388062
3388073
3388075
3388089
3388181
3388194
3388203
3388275
3388295
3388311
3388350
3388370
3388419
3388436
3388476
3388482
3388513
3388550
3388621
3388641
3388642
3388666
3388677
3388704
3388771
3388898
3389008
3389055
3389100
3389111
3389245
3389246
3389302
3389306
3389333
3389425
3389428
3389452
3389477
3389563
3389582
3389753
3389755
3389814
3389832
3389903
3389923
3389930
3389960
3389970
3389974
3389978
3390018
3390041
3390042
3390050
3390070
3390102
3390143
3390269
3390293
3390315
3390331
3390380
3390799
3390873
3390945
3391116
3391242
3391254
3391264
3391355
3391402
3395253
3395368
3395383
3395386
3395484
3395489
3395504
3395628
3395632
3395663
3395750
3395777
3395780
3395781
3395782
3395944
3395950
3396022
3396097
3396098
3396128
3396132
3396139
3396141
3396143
3396183
3396252
3396277
3396301
3396325
3396333
3396344
3396383
3396448
3396503
3396564
3396665
3396724
3396770
3396846
3396882
3396896
3396980
3396987
3397002
3397003
3397005
3397013
3397018
3397067
3397079
3397151
3397169
3397248
3397303
3397307
3397314
3397363
3397387
3397405
3397485
3397534
3397555
3397559
3397639
3397746
3397785
3397957
3398060
3398081
3398088
3398134
3398184
3398199
3398204
3398207
3398324
3398584
3398628
3398707
3398718
3398851
3398880
3398991
3399036
3399046
3399104
3399119
3399172
3399232
3399257
3399275
3399286
3399310
3399360
3399392
3399456
3399492
3399561
3399572
3399675
3399682
3399760
3399814
3399869
3399940
3399948
3399961
3400104
3400216
3400243
3400277
3400293
3400337
3400361
3400387
3400442
3400492
3400831
3400840
3400858
3400905
3400906
3400915
3400955
3400962
3400965
3401029
3401047
3401060
3401072
3401130
3401135
3401215
3401247
3401279
3401284
3401289
3401290
3401293
3401329
3401370
3401442
3401633
3401638
3401647
3401669
3401718
3401966
3402089
3402104
