0.000000 0.675439 0.732558 0.732558
0.025000 0.675439 0.732558 0.732558
0.050000 0.659574 0.708683 0.708683
0.075000 0.607330 0.642373 0.642373
0.100000 0.552773 0.621156 0.621156
0.125000 0.522267 0.586977 0.586977
0.150000 0.498389 0.563569 0.563569
0.175000 0.474145 0.529976 0.529976
0.200000 0.440883 0.500000 0.500000
0.225000 0.412811 0.463106 0.463106
0.250000 0.379853 0.426257 0.426257
0.275000 0.341219 0.389512 0.389512
0.300000 0.306473 0.346365 0.346365
0.325000 0.269509 0.285268 0.285268
0.350000 0.234112 0.210727 0.210727
0.375000 0.184684 0.106548 0.106548
0.400000 0.118079 0.038595 0.038595
0.425000 0.041569 0.030430 0.030430
0.450000 0.020524 0.000000 0.000000
0.475000 0.000000 0.000000 0.000000
0.500000 0.000000 0.000000 0.000000
0.525000 0.000000 0.000000 0.000000
0.550000 0.000000 0.000000 0.000000
0.575000 0.000000 0.000000 0.000000
0.600000 0.000000 0.000000 0.000000
0.625000 0.000000 0.000000 0.000000
0.650000 0.000000 0.000000 0.000000
0.675000 0.000000 0.000000 0.000000
0.700000 0.000000 0.000000 0.000000
0.725000 0.000000 0.000000 0.000000
0.750000 0.000000 0.000000 0.000000
0.775000 0.000000 0.000000 0.000000
0.800000 0.000000 0.000000 0.000000
0.825000 0.000000 0.000000 0.000000
0.850000 0.000000 0.000000 0.000000
0.875000 0.000000 0.000000 0.000000
0.900000 0.000000 0.000000 0.000000
0.925000 0.000000 0.000000 0.000000
0.950000 0.000000 0.000000 0.000000
0.975000 0.000000 0.000000 0.000000
1.000000 0.000000 0.000000 0.000000
