2979956
3034987
3035045
3035259
3035983
3035994
3036188
3036334
3037884
3037886
3038441
3038525
3038683
3038806
3038881
3038916
3038917
3038973
3039089
3039158
3040462
3040853
3041097
3041445
3041544
3041633
3041983
3043719
3044375
3044498
3044601
3044655
3045726
3045756
3045967
3046149
3046152
3046271
3046298
3046367
3046398
3046630
3046987
3047027
3047134
3048466
3048467
3048493
3048619
3048669
3048715
3048740
3048838
3048906
3048924
3049204
3049245
3049543
3049708
3051322
3051337
3051627
3051718
3051736
3051747
3051776
3051781
3051819
3051962
3052136
3052149
3052224
3052225
3052390
3052592
3052603
3052826
3053023
3053214
3054537
3054600
3054776
3056643
3056714
3056808
3056850
3056862
3056968
3057197
3059866
3059957
3060159
3060296
3061713
3061751
3061999
3062160
3062247
3062385
3062696
3062709
3062843
3063085
3064172
3064279
3064474
3064564
3064773
3065013
3065103
3065436
3065619
3065629
3067023
3067049
3067149
3067301
3067390
3067445
3067710
3067719
3068127
3068250
3068420
3069522
3069615
3069656
3069668
3069822
3069870
3070157
3070313
3070409
3070495
3072335
3072676
3072853
3072888
3072925
3072971
3073088
3073112
3073406
3073519
3073642
3073676
3073682
3074936
3074938
3074990
3075135
3075178
3075245
3075263
3075366
3075418
3075601
3075616
3075780
3076424
3077827
3078280
3078344
3078562
3078731
3078788
3078835
3079239
3079342
3080413
3080533
3080621
3080990
3081573
3081631
3081633
3081897
3081912
3081939
3082005
3083183
3083227
3083385
3083407
3083416
3083561
3083746
3083880
3083900
3083909
3084153
3084575
3085799
3085867
3085916
3085975
3086367
3086424
3086495
3086513
3086588
3086612
3086845
3086874
3088553
3088642
3088757
3089142
3089203
3089267
3089271
3089432
3089644
3089755
3089785
3089827
3089891
3090195
3091448
3091830
3092014
3092234
3092255
3092362
3092615
3094834
3094859
3094861
3094941
3094966
3095184
3095279
3095281
3095505
3097170
3097247
3097386
3097473
3097488
3097526
3097592
3097741
3097915
3097987
3098045
3098300
3098420
3099318
3099473
3099532
3099540
3099690
3099731
3099931
3099965
3100180
3100311
3100494
3100585
3101011
3102226
3102244
3102420
3102762
3102920
3103012
3103266
3105009
3105123
3105149
3105190
3105267
3105288
3105398
3105451
3105475
3105628
3105764
3105875
3105999
3106043
3106245
3107447
3107706
3107803
3107837
3107949
3108023
3110543
3110606
3110731
3110908
3110982
3111068
3111143
3111451
3111593
3111603
3112033
3112049
3113539
3113574
3113675
3113807
3113871
3113905
3114034
3114255
3114412
3115840
3117100
3117333
3117447
3117602
3117765
3118402
3118645
3119688
3120316
3120876
3120884
3121156
3122512
3122894
3123336
3123791
3123816
3123945
3124089
3125150
3125167
3125501
3125615
3125643
3125750
3125961
3126045
3126085
3126163
3126294
3126384
3126521
3126597
3126627
3126630
3126654
3126787
3127956
3128220
3128390
3128460
3128584
3128598
3128747
3128751
3128762
3129203
3129250
3129353
3130808
3130993
3131125
3131154
3131238
3131295
3131422
3131492
3131683
3131999
3132094
3133351
3133400
3133571
3133614
3133876
3133967
3134071
3134128
3134399
3134539
3134662
3134688
3134779
3134903
3134968
3136047
3136059
3136125
3136287
3136345
3136542
3136555
3136913
3136964
3136984
3137026
3137039
3137080
3137089
3137129
3137269
3138916
3138955
3139004
3139077
3139499
3139710
3139980
3140056
3140316
3142154
3142578
3143437
3143801
3143951
3144243
3144493
3144590
3144613
3144695
3144718
3144795
3147297
3147311
3147721
3147731
3147850
3148899
3149125
3149177
3149379
3149477
3149576
3149996
3150216
3150241
3152400
3153162
3153201
3153249
3153598
3153738
3153851
3154189
3154191
3154318
3154837
3155262
3156345
3156412
3156468
3156615
3157382
3157410
3157423
3157677
3159384
3159404
3159468
3159592
3159709
3159710
3159746
3159850
3160024
3160063
3160193
3160292
3160294
3160464
3161978
3162215
3162224
3162309
3162555
3162616
3162631
3162706
3162755
3162773
3162871
3162903
3162907
3163020
3163056
3163258
3163396
3164898
3165200
3165340
3165479
3165603
3165769
3165928
3166087
3166180
3166253
3167353
3167447
3167783
3167962
3167974
3168054
3168189
3168297
3168531
3168617
3170186
3170229
3170387
3170953
3170958
3170976
3171184
3171200
3171330
3171338
3171362
3171387
3173111
3173113
3173191
3173560
3175994
3176153
3176166
3176193
3176257
3176427
3176478
3176496
3176643
3176739
3176869
3176913
3176937
3176974
3176988
3178359
3178466
3178547
3178615
3178659
3178667
3178698
3178840
3179105
3179217
3179237
3179383
3179395
3181365
3181765
3181786
3181886
3182011
3182106
3182150
3182165
3182287
3182423
3184029
3184052
3184465
3184491
3184625
3184716
3184879
3185128
3187057
3187101
3187248
3187289
3187338
3187363
3187438
3187459
3187473
3187608
3187624
3187650
3189229
3192427
3192702
3192735
3192847
3192889
3192970
3193079
3193501
3193678
3194734
3194811
3194815
3195403
3195673
3195741
3195934
3196012
3196217
3196330
3197736
3197851
3198111
3198363
3199364
3203068
3203135
3203190
3203294
3204210
3204227
3204386
3211014
3213881
3213955
3214414
3214569
3214626
3214720
3214961
3215101
3215123
3215519
3216489
3219494
3219540
3219575
3219799
3220320
3220957
3221009
3221082
3221287
3221372
3224395
3224695
3225005
3225202
3226062
3226295
3226593
3227076
3229234
3229922
3230568
3230789
3230793
3231084
3231205
3231635
3231639
3234952
3235231
3235320
3235801
3235831
3236048
3236148
3236669
3236748
3236797
3236838
3236853
3237191
3239486
3239680
3239777
3240041
3240163
3240637
3240696
3240725
3241231
3241406
3241621
3241882
3241948
3244432
3244785
3244831
3247548
3247631
3247809
3247822
3247963
3248075
3248095
3248265
3248286
3248297
3248505
3249927
3250148
3250468
3250581
3250817
3250829
3251034
3251074
3251163
3252666
3253401
3253527
3253705
3253718
3253752
3253901
3254087
3255524
3255564
3255600
3255685
3255740
3255981
3256040
3256053
3256207
3256406
3256483
3256593
3258321
3258331
3258462
3258568
3258678
3258793
3259095
3259242
3259310
3259353
3259447
3259484
3259494
3259585
3259595
3259813
3261001
3261543
3261596
3261752
3261958
3262091
3262098
3263676
3263785
3264477
3265198
3265351
3268117
3268123
3268178
3268316
3269067
3269320
3269585
3269632
3269994
3270225
3270298
3273515
3273647
3273847
3274003
3274367
3274472
3274758
3274887
3275196
3275461
3275665
3275765
3275825
3322983
3331549
3331598
3336078
3336208
3341862
3341981
3342042
3342061
3342159
3342584
3342663
3342675
3343049
3343130
3343378
3343541
3343827
3343885
3343913
3343936
3344142
3344184
3344298
3344441
3344617
3344636
3344644
3344819
3345063
3345353
3345454
3345634
3345770
3345812
3345852
3345879
3345915
3345938
3345997
3346184
3346215
3346264
3346562
3346573
3346575
3346683
3346718
3346912
3347044
3347266
3347322
3347437
3347652
3347764
3348150
3348542
3351873
3352345
3352765
3352874
3352946
3353128
3353249
3353555
3353656
3353969
3354196
3354648
3354737
3357080
3357638
3359083
3359851
3359899
3360150
3360262
3360274
3360468
3360620
3361475
3361576
3361905
3361961
3362133
3362461
3362494
3362781
3362879
3362952
3362959
3363132
3363553
3363744
3364299
3364412
3364815
3364971
3364998
3365016
3365056
3365073
3365095
3365100
3365169
3365615
3365666
3366010
3366123
3366362
3366740
3366792
3366932
3367086
3367182
3367244
3367275
3367414
3368080
3368534
3373892
3374131
3374940
3374948
3375004
3375074
3375233
3375489
3375881
3375987
3376003
3376211
3376578
3376648
3377026
3377474
3377581
3377582
3377662
3378066
3378156
3378179
3378197
3378417
3378509
3378694
3379247
3379586
3380712
3381026
3381052
3381249
3381784
3382260
3382554
3382594
3382944
3383001
3383812
3384771
3384791
3384899
3384956
3385195
3385623
3385713
3385741
3386056
3386080
3386206
3386299
3386343
3386649
3387129
3387186
3387275
3387621
3387784
3387802
3387899
3388192
3388264
3388594
3388782
3388959
3388964
3389048
3389106
3389111
3389747
3389887
3390045
3390231
3395300
3395303
3395427
3395460
3395675
3395800
3395922
3395973
3396277
3396553
3396785
3396800
3397225
3397235
3397494
3397519
3397664
3397927
3398068
3398218
3398519
3399144
3399581
3400049
3400299
3400378
3400588
3400974
3401005
3401295
3401305
3401842
3401976
3402074
