0.000000 1.000000 1.000000 1.000000
0.025000 0.606061 0.663158 0.663158
0.050000 0.600000 0.663158 0.663158
0.075000 0.548077 0.639456 0.639456
0.100000 0.500000 0.592453 0.592453
0.125000 0.487179 0.592453 0.592453
0.150000 0.475000 0.576220 0.576220
0.175000 0.442953 0.556962 0.556962
0.200000 0.398417 0.489320 0.489320
0.225000 0.368421 0.487931 0.487931
0.250000 0.368421 0.464602 0.464602
0.275000 0.335484 0.441890 0.441890
0.300000 0.301461 0.394572 0.394572
0.325000 0.245509 0.320031 0.320031
0.350000 0.189964 0.243243 0.243243
0.375000 0.126335 0.162478 0.162478
0.400000 0.047522 0.046179 0.046179
0.425000 0.022729 0.033687 0.033687
0.450000 0.000000 0.000000 0.000000
0.475000 0.000000 0.000000 0.000000
0.500000 0.000000 0.000000 0.000000
0.525000 0.000000 0.000000 0.000000
0.550000 0.000000 0.000000 0.000000
0.575000 0.000000 0.000000 0.000000
0.600000 0.000000 0.000000 0.000000
0.625000 0.000000 0.000000 0.000000
0.650000 0.000000 0.000000 0.000000
0.675000 0.000000 0.000000 0.000000
0.700000 0.000000 0.000000 0.000000
0.725000 0.000000 0.000000 0.000000
0.750000 0.000000 0.000000 0.000000
0.775000 0.000000 0.000000 0.000000
0.800000 0.000000 0.000000 0.000000
0.825000 0.000000 0.000000 0.000000
0.850000 0.000000 0.000000 0.000000
0.875000 0.000000 0.000000 0.000000
0.900000 0.000000 0.000000 0.000000
0.925000 0.000000 0.000000 0.000000
0.950000 0.000000 0.000000 0.000000
0.975000 0.000000 0.000000 0.000000
1.000000 0.000000 0.000000 0.000000
