0.000000 1.000000 1.000000 1.000000
0.025000 0.648536 0.691892 0.691892
0.050000 0.648536 0.684636 0.684636
0.075000 0.570025 0.632170 0.632170
0.100000 0.544815 0.632170 0.632170
0.125000 0.529412 0.596607 0.596607
0.150000 0.488936 0.574452 0.574452
0.175000 0.464439 0.547193 0.547193
0.200000 0.440256 0.509045 0.509045
0.225000 0.398625 0.481622 0.481622
0.250000 0.373192 0.451981 0.451981
0.275000 0.337832 0.419326 0.419326
0.300000 0.308203 0.374753 0.374753
0.325000 0.271525 0.312571 0.312571
0.350000 0.228626 0.255145 0.255145
0.375000 0.188108 0.163160 0.163160
0.400000 0.118446 0.065122 0.065122
0.425000 0.050922 0.031625 0.031625
0.450000 0.020834 0.000000 0.000000
0.475000 0.000000 0.000000 0.000000
0.500000 0.000000 0.000000 0.000000
0.525000 0.000000 0.000000 0.000000
0.550000 0.000000 0.000000 0.000000
0.575000 0.000000 0.000000 0.000000
0.600000 0.000000 0.000000 0.000000
0.625000 0.000000 0.000000 0.000000
0.650000 0.000000 0.000000 0.000000
0.675000 0.000000 0.000000 0.000000
0.700000 0.000000 0.000000 0.000000
0.725000 0.000000 0.000000 0.000000
0.750000 0.000000 0.000000 0.000000
0.775000 0.000000 0.000000 0.000000
0.800000 0.000000 0.000000 0.000000
0.825000 0.000000 0.000000 0.000000
0.850000 0.000000 0.000000 0.000000
0.875000 0.000000 0.000000 0.000000
0.900000 0.000000 0.000000 0.000000
0.925000 0.000000 0.000000 0.000000
0.950000 0.000000 0.000000 0.000000
0.975000 0.000000 0.000000 0.000000
1.000000 0.000000 0.000000 0.000000
