0.000000 1.000000 1.000000 1.000000
0.025000 0.689655 0.785714 0.785714
0.050000 0.563380 0.601852 0.601852
0.075000 0.485030 0.597561 0.597561
0.100000 0.485030 0.579646 0.579646
0.125000 0.454955 0.529221 0.529221
0.150000 0.406040 0.505155 0.505155
0.175000 0.375000 0.458918 0.458918
0.200000 0.354486 0.421648 0.421648
0.225000 0.297386 0.379355 0.379355
0.250000 0.268975 0.345705 0.345705
0.275000 0.221336 0.290924 0.290924
0.300000 0.196908 0.250319 0.250319
0.325000 0.154433 0.193078 0.193078
0.350000 0.088798 0.110041 0.110041
0.375000 0.041507 0.044839 0.044839
0.400000 0.022845 0.026739 0.026739
0.425000 0.017455 0.000000 0.000000
0.450000 0.000000 0.000000 0.000000
0.475000 0.000000 0.000000 0.000000
0.500000 0.000000 0.000000 0.000000
0.525000 0.000000 0.000000 0.000000
0.550000 0.000000 0.000000 0.000000
0.575000 0.000000 0.000000 0.000000
0.600000 0.000000 0.000000 0.000000
0.625000 0.000000 0.000000 0.000000
0.650000 0.000000 0.000000 0.000000
0.675000 0.000000 0.000000 0.000000
0.700000 0.000000 0.000000 0.000000
0.725000 0.000000 0.000000 0.000000
0.750000 0.000000 0.000000 0.000000
0.775000 0.000000 0.000000 0.000000
0.800000 0.000000 0.000000 0.000000
0.825000 0.000000 0.000000 0.000000
0.850000 0.000000 0.000000 0.000000
0.875000 0.000000 0.000000 0.000000
0.900000 0.000000 0.000000 0.000000
0.925000 0.000000 0.000000 0.000000
0.950000 0.000000 0.000000 0.000000
0.975000 0.000000 0.000000 0.000000
1.000000 0.000000 0.000000 0.000000
