0.000000 0.592000 0.692308 0.692308
0.025000 0.592000 0.692308 0.692308
0.050000 0.592000 0.647668 0.647668
0.075000 0.546798 0.606452 0.606452
0.100000 0.508591 0.590588 0.590588
0.125000 0.484716 0.579630 0.579630
0.150000 0.484716 0.562874 0.562874
0.175000 0.453590 0.529554 0.529554
0.200000 0.423462 0.505040 0.505040
0.225000 0.392226 0.477157 0.477157
0.250000 0.360624 0.449067 0.449067
0.275000 0.338884 0.397806 0.397806
0.300000 0.297787 0.356229 0.356229
0.325000 0.259860 0.299265 0.299265
0.350000 0.222988 0.231398 0.231398
0.375000 0.186054 0.141973 0.141973
0.400000 0.111994 0.057742 0.057742
0.425000 0.042853 0.031529 0.031529
0.450000 0.020267 0.000000 0.000000
0.475000 0.000000 0.000000 0.000000
0.500000 0.000000 0.000000 0.000000
0.525000 0.000000 0.000000 0.000000
0.550000 0.000000 0.000000 0.000000
0.575000 0.000000 0.000000 0.000000
0.600000 0.000000 0.000000 0.000000
0.625000 0.000000 0.000000 0.000000
0.650000 0.000000 0.000000 0.000000
0.675000 0.000000 0.000000 0.000000
0.700000 0.000000 0.000000 0.000000
0.725000 0.000000 0.000000 0.000000
0.750000 0.000000 0.000000 0.000000
0.775000 0.000000 0.000000 0.000000
0.800000 0.000000 0.000000 0.000000
0.825000 0.000000 0.000000 0.000000
0.850000 0.000000 0.000000 0.000000
0.875000 0.000000 0.000000 0.000000
0.900000 0.000000 0.000000 0.000000
0.925000 0.000000 0.000000 0.000000
0.950000 0.000000 0.000000 0.000000
0.975000 0.000000 0.000000 0.000000
1.000000 0.000000 0.000000 0.000000
