0.000000 0.544643 0.650000 0.650000
0.025000 0.544643 0.650000 0.650000
0.050000 0.544643 0.650000 0.650000
0.075000 0.544643 0.632258 0.632258
0.100000 0.543624 0.596330 0.596330
0.125000 0.528497 0.569930 0.569930
0.150000 0.516949 0.526882 0.526882
0.175000 0.449367 0.501099 0.501099
0.200000 0.431217 0.461131 0.461131
0.225000 0.379668 0.438623 0.438623
0.250000 0.369763 0.403465 0.403465
0.275000 0.319544 0.358283 0.358283
0.300000 0.290131 0.298701 0.298701
0.325000 0.237838 0.240091 0.240091
0.350000 0.195072 0.173384 0.173384
0.375000 0.155374 0.115330 0.115330
0.400000 0.095785 0.065917 0.065917
0.425000 0.060394 0.035757 0.035757
0.450000 0.024456 0.000000 0.000000
0.475000 0.000000 0.000000 0.000000
0.500000 0.000000 0.000000 0.000000
0.525000 0.000000 0.000000 0.000000
0.550000 0.000000 0.000000 0.000000
0.575000 0.000000 0.000000 0.000000
0.600000 0.000000 0.000000 0.000000
0.625000 0.000000 0.000000 0.000000
0.650000 0.000000 0.000000 0.000000
0.675000 0.000000 0.000000 0.000000
0.700000 0.000000 0.000000 0.000000
0.725000 0.000000 0.000000 0.000000
0.750000 0.000000 0.000000 0.000000
0.775000 0.000000 0.000000 0.000000
0.800000 0.000000 0.000000 0.000000
0.825000 0.000000 0.000000 0.000000
0.850000 0.000000 0.000000 0.000000
0.875000 0.000000 0.000000 0.000000
0.900000 0.000000 0.000000 0.000000
0.925000 0.000000 0.000000 0.000000
0.950000 0.000000 0.000000 0.000000
0.975000 0.000000 0.000000 0.000000
1.000000 0.000000 0.000000 0.000000
