0.000000 1.000000 1.000000 1.000000
0.025000 0.650000 0.677419 0.677419
0.050000 0.650000 0.677419 0.677419
0.075000 0.595960 0.635135 0.635135
0.100000 0.582090 0.592417 0.592417
0.125000 0.553672 0.566787 0.566787
0.150000 0.485477 0.548105 0.548105
0.175000 0.477352 0.531553 0.531553
0.200000 0.438547 0.505030 0.505030
0.225000 0.415094 0.482877 0.482877
0.250000 0.406639 0.448424 0.448424
0.275000 0.358333 0.420732 0.420732
0.300000 0.333333 0.388831 0.388831
0.325000 0.309756 0.362667 0.362667
0.350000 0.276488 0.322794 0.322794
0.375000 0.240786 0.263749 0.263749
0.400000 0.192615 0.175402 0.175402
0.425000 0.127831 0.088833 0.088833
0.450000 0.065684 0.036884 0.036884
0.475000 0.028016 0.000000 0.000000
0.500000 0.025839 0.000000 0.000000
0.525000 0.000000 0.000000 0.000000
0.550000 0.000000 0.000000 0.000000
0.575000 0.000000 0.000000 0.000000
0.600000 0.000000 0.000000 0.000000
0.625000 0.000000 0.000000 0.000000
0.650000 0.000000 0.000000 0.000000
0.675000 0.000000 0.000000 0.000000
0.700000 0.000000 0.000000 0.000000
0.725000 0.000000 0.000000 0.000000
0.750000 0.000000 0.000000 0.000000
0.775000 0.000000 0.000000 0.000000
0.800000 0.000000 0.000000 0.000000
0.825000 0.000000 0.000000 0.000000
0.850000 0.000000 0.000000 0.000000
0.875000 0.000000 0.000000 0.000000
0.900000 0.000000 0.000000 0.000000
0.925000 0.000000 0.000000 0.000000
0.950000 0.000000 0.000000 0.000000
0.975000 0.000000 0.000000 0.000000
1.000000 0.000000 0.000000 0.000000
