0.000000 0.666667 0.702222 0.702222
0.025000 0.648649 0.702222 0.702222
0.050000 0.629934 0.685125 0.685125
0.075000 0.582573 0.661775 0.661775
0.100000 0.547466 0.627422 0.627422
0.125000 0.520065 0.594056 0.594056
0.150000 0.489779 0.572898 0.572898
0.175000 0.463398 0.544335 0.544335
0.200000 0.432600 0.511233 0.511233
0.225000 0.407172 0.483827 0.483827
0.250000 0.384554 0.443773 0.443773
0.275000 0.344777 0.403228 0.403228
0.300000 0.306759 0.356009 0.356009
0.325000 0.269901 0.303595 0.303595
0.350000 0.228328 0.238584 0.238584
0.375000 0.178611 0.155065 0.155065
0.400000 0.121534 0.066925 0.066925
0.425000 0.055539 0.032288 0.032288
0.450000 0.021333 0.000000 0.000000
0.475000 0.000000 0.000000 0.000000
0.500000 0.000000 0.000000 0.000000
0.525000 0.000000 0.000000 0.000000
0.550000 0.000000 0.000000 0.000000
0.575000 0.000000 0.000000 0.000000
0.600000 0.000000 0.000000 0.000000
0.625000 0.000000 0.000000 0.000000
0.650000 0.000000 0.000000 0.000000
0.675000 0.000000 0.000000 0.000000
0.700000 0.000000 0.000000 0.000000
0.725000 0.000000 0.000000 0.000000
0.750000 0.000000 0.000000 0.000000
0.775000 0.000000 0.000000 0.000000
0.800000 0.000000 0.000000 0.000000
0.825000 0.000000 0.000000 0.000000
0.850000 0.000000 0.000000 0.000000
0.875000 0.000000 0.000000 0.000000
0.900000 0.000000 0.000000 0.000000
0.925000 0.000000 0.000000 0.000000
0.950000 0.000000 0.000000 0.000000
0.975000 0.000000 0.000000 0.000000
1.000000 0.000000 0.000000 0.000000
