0.000000 0.666667 0.702882 0.702882
0.025000 0.648649 0.702882 0.702882
0.050000 0.628059 0.686147 0.686147
0.075000 0.582828 0.662256 0.662256
0.100000 0.547264 0.628472 0.628472
0.125000 0.519158 0.593703 0.593703
0.150000 0.489398 0.572418 0.572418
0.175000 0.463046 0.544161 0.544161
0.200000 0.432303 0.511398 0.511398
0.225000 0.406955 0.484622 0.484622
0.250000 0.384569 0.443511 0.443511
0.275000 0.345075 0.403170 0.403170
0.300000 0.308772 0.357633 0.357633
0.325000 0.272618 0.303896 0.303896
0.350000 0.228906 0.239486 0.239486
0.375000 0.179366 0.155235 0.155235
0.400000 0.122119 0.067017 0.067017
0.425000 0.055634 0.032269 0.032269
0.450000 0.021326 0.000000 0.000000
0.475000 0.000000 0.000000 0.000000
0.500000 0.000000 0.000000 0.000000
0.525000 0.000000 0.000000 0.000000
0.550000 0.000000 0.000000 0.000000
0.575000 0.000000 0.000000 0.000000
0.600000 0.000000 0.000000 0.000000
0.625000 0.000000 0.000000 0.000000
0.650000 0.000000 0.000000 0.000000
0.675000 0.000000 0.000000 0.000000
0.700000 0.000000 0.000000 0.000000
0.725000 0.000000 0.000000 0.000000
0.750000 0.000000 0.000000 0.000000
0.775000 0.000000 0.000000 0.000000
0.800000 0.000000 0.000000 0.000000
0.825000 0.000000 0.000000 0.000000
0.850000 0.000000 0.000000 0.000000
0.875000 0.000000 0.000000 0.000000
0.900000 0.000000 0.000000 0.000000
0.925000 0.000000 0.000000 0.000000
0.950000 0.000000 0.000000 0.000000
0.975000 0.000000 0.000000 0.000000
1.000000 0.000000 0.000000 0.000000
