2979157
2979168
2979173
2979194
2979200
2979202
2979207
2979224
2979226
2979227
2979237
2979242
2979286
2979299
2979304
2979591
2979656
2979669
2979684
2979689
2979705
2979721
2979722
2979748
2979768
2979774
2979776
2979780
2979793
2979813
2979819
2979821
2979852
2979878
3034942
3034948
3034954
3034967
3034969
3034998
3035015
3035041
3035043
3035049
3035062
3035108
3035109
3035112
3035115
3035122
3035123
3035126
3035175
3035184
3035198
3035208
3035230
3035240
3035258
3035270
3035272
3035304
3035357
3035366
3035739
3035750
3035751
3035782
3035804
3035811
3035877
3035878
3035912
3035921
3035924
3035930
3035933
3035952
3035969
3036059
3036074
3036097
3036124
3036145
3036148
3036154
3036174
3036178
3036183
3036205
3036280
3036285
3036323
3036350
3036377
3036424
3036434
3036443
3036459
3036469
3036472
3036490
3036499
3036518
3036529
3037873
3037877
3037909
3037950
3038039
3038127
3038128
3038135
3038150
3038159
3038162
3038165
3038173
3038174
3038212
3038229
3038231
3038233
3038237
3038259
3038270
3038275
3038277
3038285
3038293
3038302
3038307
3038317
3038347
3038362
3038382
3038392
3038407
3038411
3038421
3038426
3038428
3038429
3038433
3038435
3038445
3038490
3038494
3038509
3038521
3038527
3038541
3038558
3038561
3038578
3038583
3038585
3038586
3038589
3038599
3038604
3038611
3038612
3038614
3038615
3038626
3038628
3038633
3038635
3038643
3038644
3038667
3038668
3038687
3038693
3038696
3038701
3038709
3038713
3038714
3038737
3038740
3038741
3038769
3038773
3038780
3038781
3038789
3038790
3038806
3038808
3038810
3038826
3038834
3038844
3038847
3038849
3038854
3038891
3038921
3038925
3038942
3038950
3038955
3038990
3039008
3039032
3039055
3039063
3039081
3039123
3039130
3039140
3039143
3039158
3039210
3039214
3039256
3040369
3040375
3040388
3040402
3040419
3040429
3040459
3040463
3040469
3040514
3040516
3040574
3040600
3040603
3040618
3040635
3040639
3040655
3040662
3040663
3040676
3040677
3040713
3040730
3040731
3040735
3040741
3040743
3040748
3040790
3040796
3040799
3040806
3040811
3040820
3040831
3040841
3040859
3040869
3040890
3040891
3040895
3040952
3040959
3040995
3041003
3041018
3041038
3041087
3041111
3041124
3041126
3041136
3041138
3041152
3041156
3041186
3041193
3041198
3041212
3041229
3041237
3041242
3041245
3041248
3041259
3041269
3041344
3041401
3041419
3041452
3041459
3041470
3041479
3041514
3041566
3041574
3041587
3041588
3041604
3041618
3041635
3041638
3041646
3041678
3041686
3041760
3041787
3041809
3041810
3041836
3041932
3041955
3041973
3041990
3041992
3043082
3043100
3043153
3043180
3043192
3043235
3043241
3043298
3043310
3043319
3043333
3043343
3043344
3043404
3043411
3043415
3043458
3043511
3043533
3043538
3043556
3043595
3043600
3043604
3043611
3043627
3043632
3043646
3043655
3043656
3043662
3043664
3043675
3043693
3043695
3043707
3043710
3043727
3043733
3043766
3043782
3043798
3043818
3043834
3043840
3043849
3043856
3043868
3043892
3043905
3043910
3043921
3043927
3043949
3043955
3043961
3043989
3044021
3044038
3044041
3044063
3044083
3044108
3044109
3044110
3044115
3044121
3044144
3044146
3044163
3044168
3044175
3044204
3044218
3044222
3044224
3044225
3044230
3044246
3044255
3044370
3044389
3044392
3044402
3044420
3044461
3044463
3044490
3044523
3044526
3044595
3044614
3044621
3044656
3044675
3044683
3045694
3045698
3045699
3045704
3045705
3045736
3045821
3045824
3045859
3045863
3045885
3045906
3045948
3045949
3045960
3045992
3046006
3046014
3046032
3046037
3046047
3046124
3046128
3046135
3046163
3046180
3046200
3046207
3046232
3046238
3046285
3046286
3046290
3046307
3046309
3046324
3046342
3046345
3046349
3046373
3046384
3046389
3046396
3046400
3046439
3046442
3046450
3046455
3046471
3046483
3046511
3046517
3046528
3046552
3046554
3046557
3046560
3046562
3046564
3046565
3046572
3046614
3046617
3046619
3046655
3046679
3046681
3046682
3046700
3046703
3046712
3046717
3046724
3046735
3046770
3046782
3046801
3046806
3046808
3046893
3046907
3046934
3046941
3046973
3046983
3047003
3047024
3047061
3047080
3047087
3047187
3047211
3047220
3047243
3047244
3047252
3047279
3047282
3047395
3048419
3048437
3048440
3048453
3048469
3048483
3048493
3048497
3048498
3048506
3048520
3048556
3048573
3048583
3048593
3048602
3048607
3048625
3048627
3048655
3048675
3048701
3048712
3048713
3048725
3048782
3048810
3048826
3048844
3048868
3048892
3048911
3048913
3048919
3048921
3048936
3048971
3049003
3049026
3049035
3049048
3049051
3049060
3049066
3049096
3049102
3049108
3049193
3049208
3049209
3049221
3049258
3049268
3049285
3049301
3049374
3049412
3049415
3049419
3049424
3049451
3049461
3049467
3049480
3049481
3049484
3049517
3049518
3049528
3049561
3049566
3049572
3049582
3049649
3049659
3049668
3049699
3049716
3049717
3049726
3049845
3049853
3049868
3049896
3049944
3049954
3049955
3049964
3049974
3049998
3049999
3051145
3051146
3051158
3051160
3051167
3051231
3051232
3051240
3051243
3051287
3051294
3051297
3051342
3051347
3051364
3051365
3051371
3051382
3051384
3051395
3051410
3051439
3051477
3051494
3051506
3051526
3051560
3051561
3051563
3051585
3051591
3051601
3051609
3051619
3051622
3051633
3051637
3051644
3051666
3051734
3051739
3051741
3051751
3051753
3051767
3051768
3051769
3051780
3051785
3051803
3051809
3051817
3051829
3051837
3051842
3051847
3051851
3051862
3051912
3051928
3051989
3052015
3052024
3052027
3052038
3052051
3052075
3052087
3052125
3052162
3052164
3052171
3052208
3052214
3052220
3052225
3052228
3052239
3052243
3052264
3052272
3052275
3052281
3052289
3052299
3052334
3052378
3052379
3052380
3052382
3052402
3052411
3052432
3052442
3052458
3052461
3052508
3052512
3052515
3052538
3052549
3052584
3052585
3052594
3052608
3052611
3052620
3052637
3052638
3052657
3052666
3052707
3052708
3052710
3052728
3052750
3052758
3052765
3052771
3052788
3052810
3052814
3052830
3052838
3052848
3052868
3052870
3052886
3052892
3052904
3052964
3053027
3053030
3053031
3053052
3053054
3053062
3053077
3053084
3053085
3053096
3053097
3053107
3053120
3053148
3053151
3053155
3053172
3053184
3053187
3053195
3053212
3053226
3053255
3053259
3053301
3054436
3054440
3054443
3054468
3054483
3054493
3054497
3054526
3054546
3054563
3054576
3054582
3054595
3054599
3054624
3054639
3054644
3054653
3054654
3054678
3054679
3054685
3054715
3054741
3054749
3054753
3054769
3054778
3054793
3054806
3054817
3054825
3054905
3054913
3054924
3055010
3055021
3055023
3055025
3055033
3055085
3055106
3055119
3055253
3055327
3055331
3055341
3055346
3055352
3055417
3055424
3055473
3055476
3055546
3055613
3055626
3055632
3055781
3055806
3055812
3055844
3055862
3055873
3055893
3055905
3055935
3055964
3055966
3055989
3056000
3056004
3056016
3056127
3056132
3056586
3056601
3056621
3056639
3056654
3056661
3056662
3056665
3056711
3056728
3056804
3056810
3056813
3056829
3056831
3056832
3056833
3056835
3056857
3056858
3056861
3056865
3056878
3056886
3056908
3056912
3056914
3056922
3056927
3056939
3056954
3056956
3056983
3057008
3057064
3057084
3057113
3057134
3057152
3057196
3057207
3057226
3057243
3057284
3057291
3057300
3057310
3057339
3057369
3057378
3057417
3057438
3057449
3057456
3057487
3057513
3057519
3057524
3057531
3057540
3057556
3057565
3057575
3057580
3057587
3057597
3057632
3057644
3057652
3057661
3057665
3057692
3057816
3057817
3058739
3058743
3058790
3058818
3058823
3058832
3058846
3058851
3058857
3058860
3058880
3058882
3058888
3058894
3058917
3058968
3058969
3059067
3059081
3059113
3059116
3059378
3059448
3059491
3059513
3059516
3059530
3059534
3059542
3059556
3059560
3059604
3059607
3059613
3059615
3059616
3059623
3059639
3059692
3059715
3059733
3059734
3059736
3059756
3059776
3059862
3059967
3059968
3059975
3059992
3059997
3059999
3060004
3060017
3060034
3060041
3060043
3060046
3060077
3060094
3060097
3060171
3060181
3060206
3060210
3060218
3060225
3060251
3060288
3060301
3060305
3060315
3060349
3060357
3060359
3060371
3060380
3061405
3061409
3061411
3061420
3061446
3061459
3061462
3061466
3061474
3061479
3061481
3061506
3061539
3061641
3061652
3061653
3061674
3061680
3061691
3061694
3061697
3061709
3061737
3061739
3061744
3061747
3061759
3061762
3061778
3061785
3061787
3061797
3061857
3061869
3061882
3061885
3061890
3061898
3061907
3061911
3061927
3061928
3061937
3061945
3061972
3062010
3062013
3062034
3062038
3062056
3062077
3062087
3062128
3062129
3062204
3062207
3062221
3062231
3062238
3062241
3062263
3062278
3062283
3062290
3062293
3062320
3062332
3062336
3062338
3062373
3062374
3062387
3062392
3062396
3062400
3062415
3062418
3062420
3062435
3062447
3062464
3062465
3062471
3062516
3062521
3062541
3062546
3062550
3062577
3062598
3062607
3062647
3062648
3062654
3062691
3062707
3062763
3062775
3062779
3062796
3062802
3062824
3062826
3062842
3062844
3062887
3062911
3062954
3062984
3063026
3063060
3063065
3063075
3063088
3063096
3063107
3063108
3063119
3063157
3064173
3064177
3064211
3064218
3064254
3064256
3064290
3064300
3064350
3064362
3064384
3064387
3064390
3064404
3064449
3064458
3064460
3064476
3064483
3064489
3064490
3064494
3064502
3064503
3064507
3064524
3064538
3064539
3064550
3064564
3064577
3064590
3064600
3064616
3064621
3064627
3064628
3064638
3064647
3064685
3064695
3064708
3064716
3064732
3064753
3064761
3064763
3064809
3064813
3064821
3064840
3064841
3064871
3064872
3064880
3064888
3064901
3064902
3064924
3064941
3064948
3064955
3064968
3064975
3064979
3064984
3064995
3065007
3065016
3065022
3065064
3065080
3065091
3065101
3065348
3065372
3065390
3065391
3065397
3065404
3065453
3065483
3065486
3065496
3065539
3065551
3065574
3065586
3065598
3065625
3065672
3065870
3066877
3066885
3066897
3066944
3066960
3066984
3066997
3067009
3067020
3067044
3067050
3067070
3067085
3067090
3067095
3067098
3067142
3067189
3067192
3067195
3067196
3067201
3067213
3067227
3067248
3067273
3067281
3067289
3067311
3067313
3067317
3067322
3067326
3067357
3067366
3067367
3067397
3067401
3067403
3067428
3067430
3067448
3067453
3067454
3067484
3067494
3067507
3067540
3067572
3067615
3067640
3067641
3067651
3067662
3067689
3067763
3067769
3067816
3067846
3067850
3067857
3067858
3067865
3067868
3067875
3067899
3067917
3067937
3067967
3067968
3067983
3067988
3068016
3068021
3068025
3068028
3068034
3068035
3068037
3068041
3068055
3068090
3068099
3068105
3068123
3068154
3068156
3068161
3068174
3068182
3068185
3068190
3068210
3068213
3068227
3068228
3068248
3068270
3068284
3068287
3068303
3068307
3068330
3068331
3068366
3068373
3068386
3068387
3068389
3068393
3068410
3068420
3068427
3068443
3068446
3068450
3068451
3068471
3068475
3068490
3069512
3069525
3069527
3069537
3069646
3069649
3069650
3069653
3069691
3069694
3069709
3069785
3069843
3069856
3069862
3069887
3069900
3069905
3069907
3069936
3069937
3069948
3069975
3069983
3069990
3070052
3070061
3070161
3070167
3070197
3070236
3070238
3070330
3070348
3070353
3070368
3070387
3070404
3070422
3070430
3070446
3070465
3070467
3070500
3070515
3070522
3070565
3070586
3070599
3070789
3070845
3070854
3070917
3070931
3070965
3071057
3071063
3071077
3071084
3071089
3071093
3071099
3071151
3071260
3071274
3072453
3072472
3072497
3072498
3072518
3072524
3072535
3072536
3072548
3072607
3072619
3072643
3072649
3072661
3072718
3072759
3072760
3072810
3072819
3072840
3072842
3072857
3072926
3072931
3072932
3072952
3072978
3072987
3073010
3073050
3073054
3073058
3073068
3073078
3073086
3073138
3073143
3073258
3073260
3073274
3073275
3073327
3073360
3073385
3073392
3073405
3073413
3073420
3073436
3073453
3073467
3073472
3073480
3073505
3073511
3073521
3073537
3073580
3073588
3073599
3073604
3073611
3073613
3073618
3073620
3073640
3073675
3073676
3073702
3073765
3073767
3073790
3073819
3073843
3073845
3073870
3073873
3073896
3073905
3073939
3074926
3074937
3075004
3075024
3075035
3075072
3075092
3075094
3075099
3075111
3075115
3075125
3075131
3075134
3075146
3075152
3075164
3075197
3075199
3075217
3075226
3075230
3075238
3075244
3075269
3075294
3075302
3075312
3075369
3075398
3075412
3075430
3075469
3075493
3075542
3075563
3075567
3075584
3075604
3075609
3075623
3075629
3075651
3075683
3075688
3075692
3075693
3075720
3075728
3075734
3075737
3075750
3075763
3075775
3075779
3075782
3075800
3075824
3075896
3075899
3075904
3075907
3075928
3075931
3075941
3075946
3075948
3075968
3075974
3075995
3076009
3076018
3076021
3076027
3076028
3076039
3076067
3076071
3076091
3076092
3076113
3076118
3076127
3076129
3076167
3076174
3076230
3076233
3076264
3076270
3076279
3076286
3076295
3076332
3076336
3076349
3076354
3076362
3076371
3076402
3076403
3076404
3076447
3076455
3076457
3076467
3076473
3076480
3076488
3076501
3076504
3076522
3076528
3076704
3077665
3077672
3077677
3077682
3077710
3077755
3077784
3077785
3077791
3077796
3077811
3077817
3077820
3077839
3077853
3077870
3077881
3077882
3077892
3077922
3077945
3077963
3077980
3078042
3078047
3078098
3078105
3078124
3078136
3078159
3078169
3078180
3078194
3078211
3078212
3078214
3078241
3078257
3078277
3078279
3078289
3078296
3078305
3078308
3078333
3078360
3078363
3078372
3078379
3078407
3078415
3078422
3078472
3078494
3078512
3078524
3078548
3078553
3078568
3078571
3078585
3078589
3078603
3078608
3078610
3078630
3078651
3078652
3078658
3078675
3078682
3078691
3078711
3078716
3078721
3078741
3078753
3078759
3078763
3078777
3078782
3078817
3078819
3078862
3078867
3078869
3078883
3078886
3078914
3078916
3078932
3078935
3078950
3078953
3078956
3078977
3078984
3078985
3078993
3079018
3079027
3079028
3079043
3079060
3079064
3079068
3079118
3079153
3079155
3079158
3079168
3079187
3079217
3079224
3079225
3079226
3079234
3079238
3079239
3079262
3079267
3079271
3079289
3079296
3079341
3079374
3079384
3079828
3079865
3079916
3080403
3080416
3080431
3080485
3080490
3080492
3080545
3080546
3080550
3080565
3080590
3080593
3080600
3080614
3080621
3080650
3080654
3080661
3080779
3080781
3080791
3080792
3080798
3080805
3080814
3080816
3080820
3080838
3080865
3080866
3080875
3080885
3080896
3080952
3080958
3080967
3080973
3081009
3081013
3081028
3081031
3081060
3081068
3081081
3081087
3081097
3081117
3081197
3081198
3081201
3081203
3081219
3081230
3081258
3081263
3081276
3081277
3081287
3081289
3081295
3081320
3081353
3081377
3081388
3081389
3081417
3081419
3081422
3081529
3081559
3081571
3081580
3081590
3081597
3081614
3081619
3081636
3081683
3081697
3081718
3081734
3081777
3081784
3081823
3081852
3081855
3081912
3081918
3081937
3081942
3081948
3081957
3082021
3082032
3082034
3082073
3082107
3082264
3082465
3083127
3083171
3083177
3083188
3083215
3083225
3083233
3083261
3083267
3083269
3083274
3083281
3083284
3083298
3083300
3083351
3083365
3083381
3083408
3083425
3083427
3083457
3083504
3083506
3083507
3083517
3083528
3083533
3083545
3083547
3083586
3083596
3083650
3083651
3083663
3083667
3083671
3083687
3083696
3083700
3083708
3083724
3083725
3083728
3083761
3083766
3083777
3083785
3083813
3083851
3083862
3083878
3083884
3083890
3083912
3083913
3083919
3084012
3084024
3084070
3084084
3084091
3084113
3084122
3084149
3084155
3084175
3084201
3084221
3084232
3084261
3084277
3084281
3084293
3084314
3084339
3084348
3084373
3084374
3084408
3084505
3084566
3084568
3084599
3084612
3084629
3084642
3084674
3084699
3084725
3084742
3084747
3084778
3084782
3084785
3085766
3085819
3085829
3085899
3085926
3085927
3085951
3085957
3085981
3085999
3086002
3086007
3086022
3086043
3086046
3086077
3086092
3086094
3086109
3086112
3086118
3086122
3086128
3086138
3086143
3086149
3086153
3086160
3086163
3086195
3086196
3086205
3086206
3086257
3086287
3086301
3086310
3086316
3086332
3086335
3086349
3086365
3086377
3086393
3086400
3086437
3086442
3086484
3086503
3086506
3086509
3086550
3086563
3086576
3086594
3086597
3086600
3086629
3086633
3086660
3086668
3086671
3086675
3086678
3086708
3086710
3086712
3086716
3086739
3086744
3086745
3086750
3086760
3086795
3086801
3086814
3086818
3086827
3086829
3086878
3086879
3086881
3086904
3086938
3086940
3086946
3086952
3086959
3086961
3087013
3087015
3087016
3087022
3087062
3087067
3087072
3087078
3087096
3087098
3087099
3087112
3087114
3087123
3087201
3087262
3087300
3087306
3087323
3087328
3087333
3087344
3087364
3088486
3088488
3088552
3088571
3088572
3088635
3088639
3088644
3088652
3088656
3088668
3088669
3088677
3088683
3088687
3088725
3088726
3088731
3088744
3088755
3088756
3088757
3088778
3088817
3088830
3088866
3088868
3088874
3088879
3088907
3088909
3088915
3088926
3088950
3088975
3088983
3088998
3089033
3089036
3089045
3089058
3089064
3089069
3089089
3089101
3089107
3089138
3089144
3089151
3089169
3089176
3089179
3089180
3089200
3089214
3089217
3089227
3089231
3089241
3089249
3089264
3089279
3089333
3089371
3089436
3089445
3089451
3089462
3089464
3089487
3089492
3089493
3089518
3089584
3089589
3089590
3089591
3089621
3089627
3089631
3089633
3089684
3089688
3089697
3089712
3089723
3089727
3089736
3089737
3089738
3089755
3089769
3089794
3089801
3089805
3089809
3089821
3089827
3089841
3089850
3089852
3089873
3089876
3089969
3089987
3089990
3090012
3090029
3090031
3090066
3090085
3091244
3091247
3091257
3091258
3091271
3091285
3091348
3091368
3091397
3091406
3091408
3091426
3091447
3091479
3091505
3091552
3091559
3091569
3091614
3091620
3091641
3091656
3091691
3091727
3091735
3091752
3091758
3091759
3091788
3091810
3091824
3091861
3091872
3091874
3091886
3091887
3091888
3091907
3091924
3091929
3091961
3092000
3092018
3092062
3092063
3092112
3092119
3092131
3092169
3092171
3092175
3092214
3092236
3092293
3092295
3092299
3092344
3092360
3092366
3092396
3092399
3092405
3092415
3092417
3092422
3092435
3092456
3092494
3092501
3092510
3092511
3092512
3092525
3092529
3092552
3092585
3092590
3092592
3092593
3092609
3092615
3092624
3092629
3092645
3092661
3092670
3092677
3092693
3092695
3092696
3092700
3092714
3092727
3092746
3092748
3092756
3092758
3092773
3092782
3092815
3092837
3092847
3092934
3093955
3094195
3094213
3094231
3094251
3094262
3094264
3094281
3094287
3094292
3094301
3094307
3094312
3094329
3094334
3094344
3094346
3094358
3094384
3094415
3094427
3094429
3094448
3094455
3094467
3094481
3094482
3094484
3094490
3094497
3094516
3094532
3094547
3094550
3094559
3094562
3094564
3094569
3094589
3094594
3094631
3094642
3094662
3094674
3094680
3094693
3094723
3094753
3094765
3094796
3094814
3094828
3094829
3094843
3094853
3094875
3094882
3094916
3094917
3094940
3094942
3094946
3095027
3095032
3095042
3095072
3095145
3095153
3095165
3095171
3095195
3095199
3095211
3095212
3095241
3095242
3095246
3095251
3095253
3095257
3095264
3095290
3095292
3095319
3095326
3095327
3095329
3095339
3095348
3095364
3095368
3095395
3095400
3095405
3095414
3095466
3095497
3095586
3096701
3096718
3096738
3096762
3096789
3096795
3096811
3096830
3096845
3096852
3096860
3096885
3096886
3096887
3096888
3096895
3096907
3096922
3096923
3096931
3096950
3096959
3096971
3096973
3096980
3096992
3097017
3097022
3097074
3097076
3097081
3097083
3097093
3097097
3097110
3097112
3097114
3097128
3097141
3097153
3097164
3097178
3097191
3097204
3097212
3097247
3097260
3097265
3097291
3097316
3097326
3097379
3097400
3097422
3097427
3097430
3097449
3097458
3097492
3097511
3097516
3097533
3097538
3097556
3097563
3097567
3097590
3097603
3097621
3097630
3097637
3097669
3097683
3097723
3097734
3097762
3097792
3097810
3097812
3097827
3097837
3097841
3097865
3097867
3097869
3097873
3097875
3097895
3097898
3097911
3097913
3097927
3097938
3097942
3097946
3097952
3097959
3097968
3097992
3097995
3098002
3098010
3098017
3098045
3098046
3098057
3098078
3098096
3098106
3098116
3098123
3098136
3098138
3098139
3098162
3098171
3098203
3098218
3098222
3098234
3098283
3098289
3098293
3098305
3098918
3099357
3099363
3099379
3099383
3099384
3099399
3099405
3099439
3099450
3099504
3099505
3099511
3099517
3099527
3099540
3099553
3099556
3099559
3099575
3099610
3099618
3099630
3099655
3099689
3099692
3099704
3099707
3099722
3099732
3099747
3099754
3099756
3099769
3099777
3099781
3099813
3099822
3099826
3099882
3099899
3099903
3099914
3099916
3099917
3099933
3099946
3099959
3099962
3099965
3099967
3099990
3099992
3100012
3100029
3100050
3100067
3100081
3100095
3100127
3100128
3100142
3100161
3100171
3100209
3100220
3100240
3100252
3100265
3100271
3100289
3100302
3100307
3100310
3100312
3100314
3100330
3100333
3100361
3100363
3100365
3100372
3100377
3100384
3100428
3100438
3100440
3100452
3100472
3100487
3100490
3100492
3100501
3100503
3100527
3100528
3100532
3100548
3100558
3100560
3100593
3100594
3100603
3100606
3100643
3100658
3100674
3100720
3100722
3100730
3100744
3100755
3100779
3100783
3100820
3100821
3100824
3100839
3100841
3100848
3100855
3100860
3100869
3100870
3100874
3100938
3101055
3101060
3102061
3102071
3102088
3102105
3102110
3102112
3102113
3102126
3102135
3102147
3102149
3102153
3102174
3102194
3102205
3102226
3102229
3102241
3102243
3102245
3102259
3102269
3102274
3102296
3102299
3102303
3102313
3102331
3102353
3102397
3102399
3102417
3102422
3102429
3102458
3102463
3102497
3102503
3102507
3102510
3102525
3102539
3102549
3102556
3102560
3102582
3102601
3102607
3102624
3102663
3102671
3102675
3102679
3102689
3102700
3102710
3102724
3102735
3102760
3102799
3102802
3102807
3102818
3102820
3102827
3102856
3102859
3102881
3102894
3102896
3102903
3102913
3102917
3102943
3102957
3102975
3103019
3103039
3103047
3103090
3103165
3103204
3103207
3103231
3103258
3103268
3103272
3103294
3103295
3103320
3103338
3103345
3103408
3103458
3103476
3103483
3103485
3103490
3103510
3103526
3103535
3103566
3103577
3103579
3103610
3103614
3103629
3103674
3103679
3103686
3103689
3103690
3103706
3103712
3103740
3104746
3104752
3104773
3104777
3104779
3104855
3104857
3104878
3104940
3104942
3104947
3105031
3105037
3105047
3105053
3105074
3105098
3105104
3105108
3105113
3105115
3105116
3105130
3105145
3105159
3105186
3105199
3105205
3105208
3105229
3105238
3105246
3105261
3105296
3105306
3105313
3105345
3105357
3105360
3105364
3105368
3105385
3105391
3105403
3105409
3105415
3105420
3105427
3105431
3105436
3105451
3105455
3105467
3105477
3105495
3105519
3105521
3105523
3105559
3105582
3105591
3105596
3105598
3105603
3105646
3105682
3105690
3105709
3105742
3105763
3105775
3105778
3105783
3105784
3105823
3105827
3105839
3105844
3105910
3105912
3105926
3105932
3105949
3105981
3105992
3106024
3106090
3106111
3106143
3106145
3106152
3106217
3106220
3106225
3106264
3106281
3106282
3106299
3106313
3106333
3106340
3107176
3107251
3107257
3107262
3107272
3107276
3107285
3107310
3107333
3107337
3107338
3107345
3107358
3107365
3107389
3107421
3107424
3107439
3107442
3107443
3107464
3107467
3107480
3107493
3107564
3107581
3107600
3107604
3107664
3107666
3107679
3107681
3107686
3107694
3107719
3107721
3107729
3107796
3107828
3107831
3107839
3107863
3107866
3107879
3107985
3108008
3108012
3108030
3108489
3108494
3108501
3108502
3108529
3108530
3108548
3108551
3108556
3108557
3108571
3108575
3108577
3108598
3108608
3108623
3108645
3108652
3108656
3108673
3108678
3108695
3108696
3108701
3108745
3108936
3108969
3109025
3109041
3109060
3109085
3109089
3109123
3109130
3109292
3109465
3109470
3110215
3110507
3110511
3110514
3110550
3110554
3110563
3110569
3110585
3110618
3110619
3110633
3110646
3110711
3110713
3110731
3110733
3110781
3110821
3110822
3110832
3110833
3110847
3110849
3110856
3110860
3110863
3110891
3110917
3110926
3110951
3110963
3110965
3110970
3110993
3110995
3111031
3111037
3111043
3111054
3111056
3111068
3111076
3111101
3111105
3111108
3111121
3111157
3111187
3111209
3111211
3111242
3111247
3111249
3111253
3111267
3111281
3111282
3111308
3111312
3111344
3111370
3111382
3111385
3111412
3111418
3111445
3111508
3111532
3111538
3111546
3111547
3111553
3111564
3111565
3111583
3111590
3111593
3111601
3111610
3111664
3111672
3111677
3111696
3111721
3111732
3111739
3111745
3111747
3111749
3111808
3111809
3111850
3111854
3111861
3111875
3111888
3111891
3111923
3111930
3111933
3111991
3111994
3112002
3112017
3112018
3112036
3112050
3112054
3112059
3112138
3112149
3113231
3113303
3113304
3113325
3113350
3113368
3113374
3113382
3113393
3113401
3113404
3113421
3113440
3113461
3113486
3113488
3113500
3113512
3113515
3113532
3113538
3113551
3113559
3113591
3113592
3113613
3113620
3113622
3113624
3113625
3113636
3113659
3113664
3113685
3113695
3113696
3113729
3113730
3113744
3113765
3113788
3113793
3113812
3113817
3113880
3113885
3113900
3113924
3113928
3113931
3113939
3113951
3113957
3113968
3114021
3114034
3114036
3114039
3114044
3114045
3114046
3114059
3114062
3114110
3114151
3114163
3114172
3114215
3114245
3114269
3114292
3114315
3114404
3114405
3114406
3114412
3114414
3114442
3114469
3114481
3114483
3114545
3114570
3114572
3114781
3115818
3115847
3115848
3115849
3115852
3115889
3115938
3115941
3115942
3115943
3116115
3116397
3116661
3117012
3117024
3117043
3117052
3117063
3117075
3117080
3117136
3117189
3117200
3117201
3117214
3117217
3117223
3117228
3117234
3117243
3117248
3117287
3117289
3117320
3117323
3117327
3117348
3117359
3117369
3117380
3117386
3117392
3117393
3117394
3117399
3117401
3117403
3117407
3117423
3117451
3117452
3117455
3117458
3117474
3117475
3117487
3117538
3117565
3117568
3117596
3117650
3117653
3117663
3117701
3117762
3117777
3117833
3117835
3117837
3117838
3117840
3117865
3117875
3117879
3117881
3117912
3117920
3117928
3117933
3117936
3117940
3117955
3117956
3117964
3117989
3118051
3118054
3118056
3118080
3118097
3118098
3118099
3118109
3118136
3118139
3118156
3118160
3118164
3118167
3118177
3118243
3118261
3118281
3118291
3118295
3118299
3118309
3118317
3118338
3118355
3118363
3118397
3118405
3118443
3118453
3118465
3118475
3118478
3118543
3118570
3118589
3118590
3118596
3118611
3118617
3119686
3119701
3119730
3119740
3119744
3119755
3119763
3119767
3119778
3119787
3119789
3119795
3119796
3119798
3119808
3119824
3119831
3119833
3119858
3119862
3119865
3119877
3119897
3119900
3119903
3119912
3119928
3119959
3119960
3119976
3119995
3119998
3120003
3120005
3120021
3120050
3120057
3120083
3120089
3120093
3120099
3120110
3120149
3120177
3120179
3120193
3120208
3120222
3120229
3120242
3120255
3120258
3120287
3120291
3120292
3120299
3120322
3120326
3120357
3120366
3120376
3120382
3120397
3120399
3120403
3120412
3120475
3120480
3120485
3120500
3120501
3120503
3120505
3120533
3120540
3120698
3120816
3120820
3120856
3120861
3120880
3120882
3120888
3120891
3120898
3120918
3120931
3120953
3120957
3120958
3120964
3120982
3120986
3120994
3121003
3121010
3121028
3121029
3121036
3121072
3121085
3121086
3121114
3121136
3121169
3121177
3121179
3121210
3121217
3121227
3121229
3121253
3121263
3121276
3121311
3121340
3121789
3121794
3121802
3121807
3121822
3122380
3122398
3122425
3122438
3122445
3122449
3122451
3122456
3122457
3122464
3122473
3122497
3122525
3122526
3122538
3122543
3122550
3122560
3122580
3122585
3122636
3122644
3122655
3122688
3122691
3122693
3122704
3122711
3122712
3122713
3122723
3122745
3122755
3122769
3122776
3122782
3122788
3122790
3122828
3122838
3122844
3122854
3122855
3122859
3122869
3122873
3122880
3122886
3122895
3122901
3122910
3122925
3122932
3122936
3122942
3122944
3122957
3122970
3122978
3122995
3123006
3123016
3123033
3123034
3123064
3123073
3123099
3123129
3123142
3123148
3123155
3123160
3123188
3123203
3123205
3123208
3123232
3123236
3123237
3123246
3123248
3123270
3123274
3123280
3123291
3123296
3123312
3123340
3123342
3123351
3123385
3123386
3123392
3123398
3123416
3123420
3123434
3123490
3123491
3123515
3123516
3123518
3123520
3123543
3123564
3123591
3123597
3123602
3123621
3123642
3123665
3123671
3123672
3123683
3123691
3123706
3123707
3123721
3123751
3123784
3123788
3123789
3123804
3123826
3123831
3123832
3123843
3123848
3123862
3123877
3123883
3123890
3123919
3123929
3123946
3123948
3124003
3124004
3124006
3124029
3124048
3124076
3124400
3125072
3125079
3125084
3125087
3125089
3125099
3125122
3125142
3125165
3125166
3125168
3125197
3125234
3125256
3125259
3125277
3125279
3125283
3125291
3125327
3125331
3125338
3125357
3125362
3125363
3125375
3125404
3125412
3125441
3125445
3125447
3125451
3125457
3125464
3125470
3125482
3125502
3125512
3125513
3125526
3125531
3125556
3125560
3125564
3125565
3125579
3125584
3125586
3125592
3125599
3125608
3125623
3125626
3125637
3125641
3125649
3125657
3125659
3125679
3125682
3125717
3125766
3125784
3125820
3125827
3125839
3125842
3125843
3125844
3125845
3125848
3125856
3125859
3125862
3125881
3125896
3125921
3125922
3125962
3125964
3126001
3126040
3126044
3126047
3126063
3126082
3126115
3126116
3126117
3126124
3126153
3126222
3126240
3126248
3126255
3126264
3126275
3126286
3126303
3126305
3126311
3126326
3126336
3126373
3126379
3126413
3126417
3126419
3126423
3126469
3126474
3126476
3126488
3126512
3126524
3126527
3126535
3126536
3126551
3126556
3126562
3126578
3126583
3126629
3126634
3126648
3126669
3126689
3126700
3126708
3126761
3126765
3126766
3126824
3127819
3127827
3127838
3127855
3127856
3127903
3127911
3127920
3127921
3127950
3127955
3127966
3127982
3127988
3127993
3128028
3128029
3128039
3128042
3128072
3128077
3128085
3128117
3128182
3128214
3128223
3128251
3128279
3128286
3128289
3128295
3128297
3128328
3128333
3128368
3128371
3128376
3128398
3128400
3128450
3128451
3128480
3128491
3128492
3128496
3128499
3128538
3128539
3128555
3128560
3128578
3128584
3128590
3128593
3128597
3128603
3128604
3128610
3128623
3128630
3128633
3128638
3128663
3128683
3128694
3128707
3128718
3128726
3128730
3128732
3128747
3128748
3128771
3128787
3128803
3128809
3128832
3128884
3128900
3128913
3128929
3128945
3128961
3128970
3128972
3128985
3128994
3128995
3129009
3129014
3129029
3129055
3129108
3129116
3129129
3129132
3129138
3129139
3129144
3129171
3129176
3129184
3129191
3129227
3129231
3129242
3129246
3129248
3129296
3129297
3129310
3129311
3129354
3129377
3129378
3129382
3129394
3130598
3130608
3130614
3130622
3130653
3130669
3130676
3130701
3130709
3130726
3130738
3130746
3130777
3130813
3130818
3130820
3130864
3130871
3130872
3130881
3130888
3130896
3130910
3130936
3130938
3130941
3130966
3130973
3131006
3131011
3131048
3131079
3131103
3131105
3131108
3131113
3131150
3131154
3131159
3131178
3131183
3131184
3131186
3131195
3131197
3131205
3131213
3131231
3131236
3131295
3131304
3131311
3131314
3131321
3131324
3131327
3131349
3131364
3131365
3131369
3131434
3131446
3131459
3131463
3131473
3131484
3131485
3131512
3131520
3131530
3131533
3131549
3131564
3131566
3131567
3131579
3131598
3131605
3131621
3131622
3131626
3131636
3131678
3131684
3131741
3131767
3131802
3131838
3131852
3131930
3131946
3131950
3131966
3131989
3131991
3132002
3132020
3132025
3132053
3132055
3132075
3132080
3132082
3132097
3132101
3132114
3132122
3132157
3132174
3132189
3132210
3132218
3133274
3133276
3133286
3133293
3133297
3133309
3133356
3133360
3133390
3133403
3133418
3133461
3133478
3133479
3133499
3133507
3133511
3133523
3133546
3133549
3133550
3133567
3133572
3133586
3133627
3133635
3133657
3133667
3133675
3133676
3133701
3133709
3133717
3133721
3133722
3133724
3133741
3133743
3133757
3133759
3133763
3133770
3133773
3133787
3133797
3133820
3133821
3133825
3133837
3133854
3133859
3133892
3133908
3133925
3133936
3133948
3133971
3133980
3133982
3133985
3133986
3134000
3134005
3134016
3134030
3134070
3134095
3134100
3134104
3134116
3134119
3134129
3134130
3134163
3134175
3134194
3134209
3134210
3134230
3134239
3134240
3134249
3134255
3134258
3134262
3134285
3134313
3134395
3134403
3134419
3134424
3134438
3134462
3134480
3134481
3134496
3134510
3134553
3134558
3134560
3134580
3134597
3134600
3134633
3134638
3134652
3134676
3134689
3134695
3134703
3134720
3134727
3134731
3134739
3134749
3134758
3134767
3134785
3134807
3134831
3134834
3134844
3134850
3134852
3134855
3134868
3134884
3134893
3134894
3134907
3134908
3134912
3134914
3134918
3134922
3134932
3135957
3135961
3135964
3136011
3136043
3136058
3136084
3136109
3136121
3136133
3136134
3136194
3136196
3136210
3136216
3136227
3136228
3136242
3136261
3136269
3136274
3136276
3136283
3136311
3136317
3136318
3136331
3136352
3136405
3136446
3136457
3136479
3136481
3136488
3136500
3136505
3136532
3136568
3136577
3136590
3136596
3136609
3136613
3136818
3136838
3136840
3136878
3136899
3136928
3136936
3136945
3136954
3136968
3136970
3136980
3136985
3137030
3137032
3137039
3137042
3137060
3137065
3137074
3137089
3137095
3137109
3137112
3137116
3137148
3137170
3137180
3137191
3137198
3137200
3137207
3137211
3137213
3137216
3137226
3137258
3137274
3137285
3137287
3137295
3137304
3137310
3137343
3137352
3137371
3137388
3137390
3137395
3137412
3137468
3137495
3137497
3137506
3137557
3137560
3137568
3137582
3137698
3138775
3138779
3138803
3138905
3138911
3138948
3138999
3139002
3139010
3139017
3139034
3139048
3139061
3139064
3139069
3139102
3139103
3139104
3139107
3139109
3139155
3139239
3139254
3139255
3139261
3139269
3139308
3139313
3139330
3139335
3139338
3139339
3139385
3139408
3139424
3139468
3139475
3139476
3139490
3139502
3139514
3139541
3139555
3139558
3139572
3139604
3139615
3139618
3139630
3139638
3139642
3139643
3139655
3139657
3139662
3139668
3139670
3139673
3139674
3139678
3139682
3139731
3139743
3139772
3139861
3139865
3139900
3139915
3139927
3139929
3139939
3139976
3139986
3139999
3140018
3140031
3140062
3140067
3140271
3140278
3140283
3140284
3140285
3140323
3140334
3140368
3140373
3142130
3142154
3142205
3142250
3142312
3142359
3142405
3142470
3142531
3142535
3142544
3142565
3142569
3142586
3142593
3142695
3142774
3142795
3142825
3142850
3142867
3142874
3142877
3142919
3142941
3142962
3142994
3143029
3143036
3143040
3143048
3143063
3143174
3143208
3143222
3143237
3143243
3143267
3143309
3143324
3143327
3143340
3143359
3143408
3143457
3143547
3143563
3143578
3143582
3143599
3143600
3143604
3143637
3143654
3143668
3143670
3143674
3143682
3143752
3143764
3143773
3143792
3143802
3143818
3143849
3143896
3143975
3144169
3144171
3144201
3144250
3144260
3144279
3144304
3144337
3144351
3144411
3144423
3144465
3144524
3144542
3144569
3144596
3144621
3144639
3144673
3144681
3144726
3144747
3144754
3144805
3144807
3144855
3144869
3144871
3144909
3144938
3145017
3145038
3145042
3145050
3145081
3145105
3145120
3145145
3145167
3145180
3147150
3147152
3147159
3147238
3147261
3147269
3147295
3147355
3147369
3147382
3147392
3147404
3147412
3147575
3147711
3147733
3147735
3147736
3147803
3147828
3147842
3147863
3147950
3147997
3147999
3148009
3148087
3148131
3148162
3148192
3148227
3148244
3148261
3148280
3148290
3148292
3148320
3148324
3148328
3148390
3148411
3148459
3148478
3148498
3148502
3148503
3148505
3148517
3148526
3148594
3148597
3148607
3148665
3148685
3148691
3148702
3148718
3148725
3148731
3148775
3148840
3148854
3148966
3148990
3149069
3149088
3149149
3149183
3149227
3149241
3149245
3149252
3149273
3149304
3149371
3149485
3149506
3149558
3149564
3149568
3149572
3149639
3149696
3149700
3149708
3149727
3149733
3149742
3149877
3149882
3149925
3149946
3149997
3150022
3150067
3150208
3150237
3150312
3152393
3152400
3152488
3152528
3152544
3152600
3152611
3152619
3152623
3152624
3152665
3152678
3152713
3152755
3152763
3152778
3152792
3152798
3152801
3152824
3152837
3152843
3152881
3152950
3152962
3152983
3152985
3152994
3153000
3153041
3153079
3153095
3153104
3153122
3153126
3153143
3153232
3153280
3153321
3153326
3153338
3153347
3153355
3153378
3153380
3153433
3153466
3153474
3153475
3153543
3153546
3153552
3153562
3153606
3153608
3153612
3153688
3153820
3153855
3153859
3153868
3153870
3154005
3154008
3154012
3154014
3154041
3154051
3154076
3154079
3154145
3154162
3154206
3154245
3154266
3154275
3154289
3154306
3154327
3154346
3154356
3154360
3154379
3154385
3154400
3154410
3154437
3154456
3154458
3154519
3154534
3154548
3154569
3154612
3154614
3154622
3154627
3154653
3154655
3154697
3154709
3154711
3154713
3154798
3154800
3154816
3154857
3154874
3154882
3154902
3154933
3154947
3154951
3154967
3154968
3155010
3155011
3155058
3155062
3155065
3155074
3155109
3155148
3155150
3155153
3155162
3155176
3155185
3155208
3155226
3155233
3156368
3156369
3156385
3156408
3156412
3156453
3156456
3156474
3156479
3156480
3156488
3156489
3156499
3156506
3156528
3156586
3156592
3156607
3156608
3156624
3156675
3156711
3156729
3156800
3156809
3156822
3156869
3156873
3156876
3156893
3156927
3156932
3156972
3157022
3157045
3157061
3157091
3157123
3157133
3157136
3157151
3157154
3157158
3157180
3157186
3157200
3157235
3157246
3157254
3157259
3157269
3157273
3157311
3157321
3157325
3157326
3157333
3157341
3157358
3157395
3157396
3157399
3157410
3157414
3157443
3157449
3157460
3157464
3157470
3157484
3157526
3157527
3157562
3157577
3157592
3157596
3157601
3157603
3157610
3157621
3157663
3157672
3157684
3157711
3157715
3157716
3157730
3157751
3157755
3157780
3157781
3157788
3157794
3157800
3157806
3157885
3157893
3157907
3157932
3157933
3157938
3157951
3157970
3159180
3159181
3159189
3159244
3159245
3159249
3159261
3159275
3159286
3159293
3159308
3159313
3159341
3159359
3159369
3159372
3159417
3159430
3159436
3159444
3159448
3159457
3159461
3159464
3159465
3159484
3159487
3159498
3159512
3159517
3159519
3159528
3159536
3159549
3159553
3159598
3159602
3159645
3159651
3159668
3159693
3159694
3159698
3159708
3159718
3159739
3159743
3159762
3159764
3159783
3159785
3159803
3159828
3159830
3159844
3159859
3159865
3159873
3159888
3159906
3159916
3159941
3159952
3160025
3160030
3160060
3160080
3160090
3160094
3160100
3160106
3160132
3160138
3160147
3160179
3160180
3160182
3160215
3160221
3160259
3160269
3160279
3160293
3160298
3160312
3160314
3160325
3160332
3160333
3160338
3160353
3160357
3160360
3160365
3160390
3160397
3160408
3160427
3160432
3160436
3160454
3160475
3160476
3160482
3160490
3160495
3160502
3160522
3160535
3160559
3160570
3160572
3160591
3160603
3160615
3160622
3160625
3160635
3160652
3160702
3160770
3160799
3160818
3161861
3161872
3161905
3161908
3161940
3161960
3161981
3162004
3162053
3162072
3162080
3162098
3162163
3162166
3162191
3162196
3162198
3162203
3162206
3162208
3162217
3162235
3162241
3162247
3162291
3162299
3162313
3162318
3162351
3162356
3162391
3162420
3162452
3162501
3162506
3162526
3162545
3162551
3162568
3162569
3162599
3162613
3162624
3162628
3162686
3162711
3162747
3162749
3162754
3162757
3162759
3162785
3162786
3162812
3162815
3162858
3162874
3162883
3162903
3162910
3162912
3162914
3162918
3162969
3162970
3162974
3162995
3163015
3163016
3163025
3163049
3163052
3163059
3163066
3163100
3163104
3163124
3163134
3163136
3163137
3163140
3163145
3163146
3163170
3163175
3163186
3163205
3163214
3163235
3163244
3163281
3163287
3163295
3163316
3163329
3163346
3163356
3163359
3163386
3163400
3163402
3163415
3163434
3163435
3163448
3163474
3164668
3164688
3164707
3164746
3164748
3164750
3164762
3164765
3164781
3164809
3164824
3164826
3164868
3164876
3164886
3164899
3164922
3164931
3164939
3164941
3164945
3164951
3164963
3165003
3165006
3165012
3165026
3165033
3165036
3165059
3165065
3165078
3165087
3165109
3165117
3165127
3165142
3165162
3165200
3165204
3165210
3165237
3165257
3165282
3165303
3165309
3165330
3165353
3165361
3165369
3165430
3165457
3165467
3165480
3165488
3165515
3165519
3165527
3165534
3165551
3165555
3165557
3165563
3165583
3165590
3165602
3165608
3165610
3165643
3165647
3165654
3165665
3165674
3165701
3165715
3165717
3165718
3165745
3165776
3165777
3165778
3165780
3165786
3165811
3165824
3165885
3165934
3165941
3165951
3165977
3166002
3166004
3166008
3166045
3166056
3166066
3166074
3166086
3166098
3166104
3166129
3166169
3166213
3166259
3166263
3166323
3167357
3167370
3167375
3167440
3167458
3167481
3167507
3167512
3167558
3167633
3167640
3167650
3167693
3167696
3167698
3167707
3167724
3167727
3167730
3167740
3167741
3167763
3167776
3167779
3167800
3167812
3167817
3167826
3167837
3167843
3167856
3167857
3167859
3167862
3167869
3167871
3167872
3167879
3167896
3167919
3167945
3167946
3167971
3167980
3167990
3167996
3168003
3168009
3168046
3168049
3168071
3168130
3168136
3168139
3168201
3168205
3168209
3168220
3168245
3168247
3168258
3168275
3168283
3168305
3168315
3168331
3168333
3168334
3168345
3168347
3168349
3168362
3168374
3168391
3168399
3168420
3168428
3168431
3168464
3168468
3168488
3168519
3168524
3168529
3168542
3168566
3168572
3168578
3168580
3168586
3168588
3168595
3168596
3168618
3168634
3168656
3168657
3168658
3168672
3168680
3168690
3168763
3168774
3168796
3168802
3168803
3168837
3168855
3168898
3168914
3168922
3168933
3168950
3168954
3168961
3168995
3169004
3169005
3170138
3170147
3170157
3170158
3170159
3170166
3170173
3170218
3170226
3170248
3170303
3170309
3170317
3170358
3170363
3170364
3170437
3170470
3170471
3170475
3170485
3170500
3170501
3170507
3170532
3170533
3170540
3170594
3170605
3170645
3170651
3170652
3170682
3170689
3170696
3170706
3170711
3170722
3170741
3170755
3170761
3170763
3170851
3170870
3170881
3170887
3170903
3170906
3170931
3170945
3170948
3170976
3171005
3171009
3171011
3171019
3171096
3171102
3171110
3171120
3171130
3171176
3171210
3171215
3171221
3171224
3171228
3171235
3171239
3171249
3171269
3171282
3171284
3171292
3171295
3171338
3171346
3171358
3171378
3171391
3171400
3171405
3171415
3171426
3171443
3171456
3171457
3171473
3171485
3171486
3171492
3171514
3171526
3171531
3171544
3171545
3171549
3171550
3171556
3171570
3171602
3171606
3171615
3171625
3171629
3171637
3171658
3171764
3172903
3172914
3172923
3172928
3172936
3172938
3172942
3172967
3172968
3172991
3173012
3173019
3173033
3173051
3173097
3173109
3173121
3173130
3173159
3173191
3173231
3173247
3173260
3173312
3173402
3173413
3173421
3173448
3173449
3173461
3173477
3173498
3173500
3173519
3173533
3173544
3173556
3173571
3173575
3173602
3173618
3173619
3173653
3173672
3173683
3173698
3173740
3173741
3173760
3173763
3173764
3173785
3173836
3173862
3173876
3173882
3173890
3173891
3173899
3173922
3173925
3173947
3173974
3173994
3173995
3173996
3174024
3174035
3174041
3174057
3174114
3174132
3174134
3174181
3174191
3174194
3174196
3174199
3174207
3174218
3174219
3174259
3174260
3174265
3174297
3174336
3174356
3174358
3174386
3174387
3174456
3174487
3175597
3175630
3175632
3175787
3175824
3175832
3175879
3175882
3175883
3175908
3175918
3175920
3175930
3175942
3175946
3175955
3175985
3175990
3176040
3176052
3176061
3176070
3176071
3176085
3176102
3176105
3176111
3176135
3176172
3176194
3176206
3176213
3176214
3176223
3176224
3176271
3176277
3176300
3176315
3176322
3176327
3176330
3176378
3176380
3176429
3176438
3176441
3176462
3176472
3176496
3176504
3176522
3176527
3176536
3176550
3176562
3176566
3176595
3176601
3176614
3176618
3176651
3176725
3176735
3176736
3176754
3176818
3176838
3176842
3176857
3176859
3176860
3176877
3176898
3176899
3176925
3176931
3176940
3176943
3176949
3176950
3176975
3176976
3177024
3177051
3177069
3177073
3177081
3177089
3177095
3177110
3177112
3177128
3177130
3177140
3177147
3177153
3178292
3178441
3178459
3178464
3178481
3178489
3178498
3178508
3178525
3178567
3178578
3178581
3178630
3178635
3178643
3178653
3178655
3178680
3178690
3178694
3178721
3178750
3178768
3178775
3178782
3178794
3178796
3178804
3178830
3178835
3178841
3178871
3178879
3178900
3178902
3178904
3178930
3178934
3178939
3178958
3178960
3178976
3178988
3179002
3179013
3179021
3179027
3179037
3179043
3179044
3179060
3179070
3179074
3179083
3179086
3179102
3179113
3179116
3179118
3179119
3179136
3179151
3179176
3179181
3179198
3179205
3179206
3179212
3179218
3179225
3179309
3179326
3179327
3179333
3179344
3179345
3179347
3179370
3179413
3179420
3179429
3179431
3179462
3179473
3179478
3179493
3179503
3179520
3179546
3179550
3179569
3179572
3179581
3179583
3179589
3179590
3179630
3179668
3179670
3179691
3179715
3179733
3179740
3179742
3179807
3179838
3179845
3179858
3179917
3179921
3179929
3179931
3179934
3179944
3179947
3179949
3179956
3179975
3179984
3179990
3180011
3181138
3181141
3181146
3181154
3181175
3181185
3181254
3181256
3181268
3181274
3181278
3181285
3181287
3181340
3181346
3181355
3181364
3181365
3181393
3181431
3181453
3181460
3181469
3181473
3181482
3181497
3181539
3181547
3181561
3181582
3181585
3181597
3181638
3181680
3181695
3181717
3181743
3181773
3181778
3181779
3181815
3181816
3181819
3181829
3181839
3181841
3181858
3181859
3181865
3181879
3181890
3181912
3181922
3181970
3182001
3182003
3182005
3182010
3182014
3182044
3182046
3182048
3182056
3182065
3182066
3182078
3182080
3182083
3182093
3182100
3182108
3182138
3182142
3182149
3182182
3182236
3182279
3182280
3182289
3182290
3182298
3182315
3182356
3182377
3182382
3182403
3182429
3182442
3182467
3182475
3182479
3182530
3182538
3182540
3182561
3182575
3182604
3182609
3182612
3182618
3182619
3182621
3182647
3182648
3182677
3183843
3183882
3183886
3183896
3183899
3183902
3183921
3183927
3183958
3183992
3183995
3183998
3184024
3184039
3184040
3184052
3184064
3184091
3184098
3184099
3184126
3184129
3184151
3184166
3184168
3184187
3184197
3184200
3184202
3184203
3184210
3184229
3184242
3184245
3184256
3184259
3184269
3184281
3184293
3184296
3184303
3184320
3184337
3184347
3184370
3184378
3184397
3184452
3184483
3184502
3184503
3184513
3184554
3184566
3184570
3184576
3184582
3184625
3184627
3184642
3184645
3184663
3184696
3184697
3184702
3184730
3184733
3184750
3184770
3184777
3184779
3184782
3184785
3184826
3184836
3184850
3184852
3184861
3184895
3184913
3184920
3184921
3184968
3184971
3184978
3184995
3184996
3185008
3185030
3185035
3185059
3185101
3185102
3185140
3185154
3185173
3185181
3185189
3185208
3185209
3185213
3185228
3185251
3185256
3185274
3185323
3185327
3185337
3186481
3186527
3186564
3186576
3186578
3186604
3186606
3186633
3186663
3186682
3186693
3186694
3186695
3186761
3186788
3186863
3186870
3186956
3186973
3187003
3187004
3187010
3187019
3187047
3187063
3187070
3187071
3187072
3187090
3187094
3187099
3187105
3187111
3187145
3187156
3187178
3187181
3187206
3187210
3187213
3187231
3187235
3187246
3187254
3187278
3187308
3187313
3187354
3187355
3187363
3187364
3187392
3187401
3187404
3187417
3187419
3187454
3187464
3187469
3187482
3187496
3187498
3187540
3187572
3187574
3187575
3187578
3187580
3187582
3187584
3187593
3187639
3187643
3187644
3187649
3187662
3187675
3187677
3187714
3187721
3187728
3187733
3187742
3187743
3187744
3187747
3187792
3187794
3187812
3187834
3187838
3187879
3187885
3187966
3187968
3187970
3187988
3188014
3188025
3188035
3188061
3188074
3188080
3188088
3188103
3189233
3190230
3190231
3190233
3190238
3190259
3190314
3190454
3190458
3190477
3190479
3190497
3190502
3190674
3190685
3190704
3190743
3190749
3190753
3190761
3190765
3190827
3190844
3190857
3191961
3191965
3191970
3192038
3192051
3192131
3192191
3192332
3192336
3192346
3192445
3192453
3192497
3192532
3192537
3192582
3192633
3192703
3192737
3192742
3192751
3192756
3192758
3192782
3192788
3192798
3192819
3192826
3192851
3192864
3192880
3192884
3192897
3192902
3192921
3192935
3192938
3192942
3192984
3193085
3193116
3193125
3193168
3193183
3193206
3193211
3193227
3193231
3193232
3193294
3193319
3193344
3193580
3193639
3194798
3194800
3194828
3194843
3194847
3194857
3194869
3194873
3194896
3194930
3194931
3194944
3195014
3195057
3195121
3195143
3195208
3195334
3195366
3195403
3195409
3195445
3195450
3195466
3195478
3195495
3195510
3195546
3195548
3195562
3195573
3195627
3195642
3195686
3195697
3195709
3195711
3195713
3195728
3195734
3195779
3195793
3195795
3195797
3195807
3195809
3195827
3195831
3195842
3195905
3195908
3195948
3195968
3195971
3195978
3195995
3196003
3196009
3196020
3196037
3196065
3196089
3196106
3196110
3196120
3196145
3196154
3196160
3196209
3196217
3196221
3196262
3196263
3196274
3196304
3196333
3196350
3196376
3197634
3197653
3197670
3197686
3197709
3197784
3197811
3197840
3198055
3198090
3198105
3198113
3198127
3198132
3198140
3198154
3198210
3198223
3198225
3198233
3198239
3198357
3198372
3198374
3198436
3198438
3198457
3198478
3198484
3198490
3198509
3198528
3198688
3198702
3198729
3198775
3198852
3198854
3198893
3198912
3198931
3198940
3198966
3199041
3199216
3199239
3199282
3199284
3199309
3199326
3199360
3199364
3199616
3199661
3199805
3199810
3199965
3199977
3200000
3200040
3200071
3200202
3200244
3200328
3200340
3200378
3200401
3200409
3200426
3200429
3200445
3200447
3200466
3200486
3200488
3200498
3200503
3200513
3200529
3200559
3200578
3200587
3200609
3200644
3200668
3200687
3200689
3200694
3200746
3200750
3202966
3203020
3203022
3203033
3203035
3203083
3203108
3203139
3203196
3203233
3203237
3203241
3203432
3203843
3203868
3203941
3203943
3204037
3204079
3204117
3204121
3204132
3204153
3204191
3204203
3204218
3204239
3204267
3204273
3204310
3204321
3204350
3204361
3204420
3204423
3208131
3208183
3208189
3208204
3208324
3208332
3208355
3208372
3208378
3208414
3208469
3208474
3208499
3208505
3208524
3208540
3208544
3208584
3208586
3208625
3208768
3208915
3209116
3209122
3209131
3209176
3209184
3209235
3209334
3209495
3209512
3209528
3209789
3209797
3210639
3210702
3211011
3213299
3213365
3213638
3213644
3213675
3213682
3213706
3213707
3213715
3213717
3213785
3213842
3213846
3213881
3213904
3213930
3213937
3213949
3213953
3213963
3213998
3214017
3214039
3214096
3214116
3214124
3214130
3214145
3214153
3214159
3214174
3214178
3214196
3214250
3214256
3214338
3214353
3214410
3214439
3214482
3214517
3214618
3214637
3214673
3214677
3214737
3214745
3214751
3214768
3214809
3214877
3214902
3214904
3214945
3214947
3215054
3215123
3215133
3215197
3215199
3215211
3215246
3215265
3215284
3215286
3215311
3215323
3215338
3215377
3215387
3215395
3215437
3215449
3215455
3215515
3215571
3215588
3215592
3215619
3215621
3215650
3215675
3215677
3215733
3215747
3215756
3215758
3215905
3215917
3215977
3216133
3216139
3216200
3216225
3216230
3216319
3216354
3216360
3216370
3216408
3216416
3216468
3216476
3216481
3216483
3216529
3216563
3216596
3216599
3216601
3218682
3218692
3218749
3218840
3218842
3218848
3218863
3218907
3218918
3218972
3218991
3219006
3219011
3219013
3219094
3219122
3219130
3219140
3219186
3219201
3219209
3219211
3219230
3219249
3219258
3219264
3219295
3219305
3219312
3219328
3219345
3219410
3219412
3219481
3219502
3219598
3219606
3219623
3219675
3219679
3219702
3219734
3219774
3219857
3219876
3219911
3219967
3219973
3219977
3219980
3219990
3220008
3220064
3220068
3220091
3220112
3220131
3220179
3220221
3220223
3220241
3220254
3220256
3220324
3220511
3220570
3220609
3220622
3220630
3220634
3220641
3220643
3220691
3220724
3220732
3220772
3220779
3220860
3220867
3220890
3220894
3220904
3220910
3220933
3220977
3221015
3221021
3221030
3221038
3221119
3221121
3221188
3221240
3221252
3221271
3221283
3221296
3221300
3221337
3221370
3221372
3221397
3221399
3221415
3221444
3221446
3221458
3221498
3221506
3221597
3221651
3221685
3221704
3221754
3221778
3221785
3221793
3223799
3223887
3223891
3223994
3224012
3224025
3224027
3224048
3224065
3224182
3224299
3224382
3224394
3224449
3224465
3224487
3224567
3224749
3224829
3224843
3224847
3224864
3224902
3224937
3224939
3224948
3224950
3224974
3224992
3225017
3225032
3225042
3225145
3225159
3225252
3225268
3225309
3225359
3225367
3225385
3225389
3225406
3225422
3225426
3225449
3225451
3225486
3225488
3225510
3225648
3225665
3225669
3225671
3225751
3225767
3225773
3225786
3225918
3226004
3226015
3226029
3226042
3226093
3226110
3226135
3226142
3226148
3226160
3226279
3226281
3226301
3226333
3226345
3226366
3226399
3226414
3226433
3226458
3226485
3226505
3226572
3226599
3226633
3226637
3226698
3226752
3226961
3226963
3226978
3227006
3227019
3227030
3227038
3227072
3228957
3229076
3229090
3229113
3229130
3229132
3229144
3229219
3229228
3229234
3229263
3229276
3229297
3229322
3229340
3229342
3229349
3229361
3229365
3229388
3229407
3229470
3229520
3229556
3229560
3229596
3229650
3229663
3229674
3229707
3229719
3229720
3229731
3229754
3229821
3229838
3229905
3229920
3229949
3230072
3230103
3230149
3230176
3230192
3230207
3230211
3230213
3230229
3230260
3230308
3230383
3230393
3230426
3230432
3230438
3230444
3230494
3230515
3230551
3230584
3230600
3230609
3230613
3230660
3230701
3230728
3230736
3230767
3230769
3230781
3230787
3230795
3230824
3230917
3230921
3230975
3230977
3230983
3230998
3231024
3231086
3231121
3231156
3231181
3231197
3231205
3231276
3231292
3231309
3231340
3231348
3231355
3231375
3231392
3231429
3231446
3231450
3231452
3231500
3231508
3231577
3231579
3231583
3231649
3231663
3231668
3231672
3231696
3231785
3231789
3231796
3231839
3231841
3231959
3232042
3232043
3232075
3232084
3232132
3232136
3234212
3234291
3234301
3234353
3234363
3234371
3234375
3234381
3234392
3234412
3234450
3234515
3234525
3234532
3234544
3234560
3234580
3234621
3234642
3234666
3234742
3234746
3234796
3234855
3234888
3234895
3234928
3234929
3234931
3234988
3235000
3235043
3235064
3235066
3235074
3235079
3235087
3235105
3235108
3235141
3235154
3235175
3235191
3235200
3235212
3235220
3235229
3235231
3235248
3235287
3235320
3235349
3235360
3235406
3235412
3235439
3235460
3235471
3235473
3235495
3235512
3235531
3235570
3235574
3235591
3235623
3235636
3235707
3235726
3235727
3235744
3235749
3235751
3235780
3235824
3235892
3235916
3235976
3235982
3236005
3236013
3236081
3236097
3236105
3236120
3236137
3236140
3236150
3236196
3236200
3236255
3236355
3236357
3236372
3236395
3236468
3236505
3236514
3236516
3236541
3236549
3236638
3236649
3236709
3236746
3236799
3236805
3236816
3236824
3236905
3236932
3236963
3236970
3236999
3237035
3237087
3237093
3237098
3237160
3237195
3237201
3237224
3237320
3239360
3239410
3239496
3239504
3239575
3239589
3239591
3239630
3239715
3239762
3239842
3239844
3239850
3239885
3239970
3239986
3239988
3240009
3240011
3240029
3240047
3240053
3240089
3240103
3240179
3240225
3240282
3240316
3240352
3240354
3240356
3240377
3240410
3240424
3240502
3240514
3240522
3240547
3240557
3240596
3240614
3240699
3240705
3240707
3240709
3240731
3240734
3240764
3240815
3240867
3240879
3240933
3240935
3240939
3240966
3240988
3241000
3241031
3241043
3241057
3241066
3241108
3241141
3241149
3241209
3241285
3241314
3241490
3241542
3241583
3241615
3241631
3241643
3241655
3241662
3241672
3241687
3241718
3241737
3241741
3241751
3241764
3241827
3241851
3241858
3241874
3241897
3241958
3241982
3242055
3242094
3242119
3242133
3242151
3242157
3242162
3242184
3242194
3242206
3242223
3242233
3242235
3242251
3242267
3244432
3244440
3244445
3244465
3244469
3244524
3244530
3244533
3244545
3244548
3244549
3244581
3244586
3244587
3244596
3244630
3244631
3244662
3244687
3244700
3244707
3244732
3244774
3244800
3244806
3244825
3244826
3244854
3244865
3244914
3244932
3245017
3245024
3245048
3245052
3245058
3245075
3245083
3245100
3245157
3245192
3245212
3245334
3245339
3245344
3245417
3245428
3245445
3245454
3245482
3245484
3245509
3245517
3245520
3245539
3245568
3245569
3245585
3245592
3245595
3245596
3245607
3245614
3245616
3245617
3245623
3245627
3245635
3245646
3245659
3245670
3245682
3245685
3245689
3245699
3245712
3245714
3245721
3245768
3245826
3245836
3245859
3245864
3245878
3245903
3245919
3245931
3245947
3245969
3245983
3245991
3245995
3246021
3246033
3246061
3246082
3246085
3247229
3247230
3247239
3247242
3247305
3247327
3247329
3247342
3247346
3247405
3247407
3247461
3247511
3247528
3247546
3247556
3247562
3247571
3247588
3247620
3247625
3247626
3247632
3247651
3247681
3247693
3247696
3247705
3247722
3247724
3247740
3247749
3247758
3247784
3247797
3247803
3247828
3247837
3247842
3247844
3247849
3247861
3247900
3247901
3247912
3247917
3247951
3247953
3247954
3247966
3247968
3247989
3248001
3248010
3248018
3248022
3248031
3248035
3248040
3248046
3248056
3248065
3248087
3248089
3248090
3248103
3248106
3248137
3248165
3248185
3248201
3248204
3248210
3248219
3248220
3248221
3248259
3248260
3248271
3248292
3248308
3248316
3248368
3248373
3248414
3248420
3248461
3248462
3248464
3248465
3248488
3248513
3248521
3248563
3248568
3248576
3248601
3248630
3248645
3248674
3248689
3248705
3248707
3248770
3248996
3249915
3249921
3249924
3249928
3249949
3249972
3249977
3249995
3250021
3250053
3250057
3250064
3250068
3250112
3250171
3250184
3250194
3250202
3250223
3250257
3250268
3250279
3250340
3250350
3250414
3250478
3250479
3250515
3250523
3250563
3250594
3250595
3250604
3250605
3250632
3250634
3250658
3250662
3250673
3250688
3250691
3250694
3250741
3250759
3250779
3250780
3250811
3250855
3250858
3250859
3250862
3250872
3250874
3250881
3250882
3250886
3250892
3250893
3250896
3250931
3250945
3250961
3250983
3251008
3251016
3251024
3251033
3251045
3251064
3251067
3251072
3251090
3251105
3251127
3251134
3251150
3251167
3251168
3251226
3251267
3251268
3251276
3251283
3251288
3251290
3251296
3251305
3251316
3251318
3251347
3251363
3251364
3251369
3251370
3251396
3251424
3251460
3251482
3251494
3251506
3251512
3251521
3251526
3251531
3252675
3252792
3252811
3252859
3252912
3252919
3253081
3253216
3253256
3253314
3253329
3253333
3253382
3253386
3253419
3253429
3253433
3253436
3253437
3253450
3253460
3253530
3253531
3253553
3253559
3253566
3253570
3253601
3253625
3253670
3253680
3253689
3253751
3253762
3253772
3253786
3253806
3253819
3253823
3253838
3253855
3253880
3253893
3253904
3253905
3253907
3253919
3253923
3253949
3253953
3253963
3253967
3253968
3253975
3253976
3253978
3253982
3253993
3253995
3254009
3254033
3254034
3254038
3254046
3254058
3254072
3254108
3254124
3254129
3254132
3254133
3254134
3254143
3254190
3254212
3254216
3254221
3254256
3254258
3254263
3254279
3255368
3255372
3255377
3255405
3255418
3255450
3255456
3255458
3255467
3255471
3255473
3255484
3255485
3255497
3255499
3255523
3255536
3255562
3255564
3255566
3255568
3255582
3255606
3255618
3255627
3255639
3255641
3255649
3255665
3255687
3255813
3255821
3255826
3255831
3255883
3255910
3255911
3255923
3255946
3255956
3256025
3256048
3256054
3256072
3256073
3256074
3256088
3256094
3256113
3256125
3256133
3256136
3256148
3256151
3256154
3256171
3256204
3256214
3256260
3256282
3256288
3256303
3256308
3256328
3256333
3256352
3256386
3256393
3256398
3256400
3256416
3256488
3256492
3256494
3256496
3256526
3256540
3256553
3256557
3256568
3256578
3256590
3256592
3256600
3256614
3256642
3256650
3256681
3256687
3256706
3256716
3256754
3256756
3256758
3256764
3256775
3256776
3256777
3256815
3256819
3256864
3256879
3256946
3257008
3258023
3258025
3258027
3258066
3258110
3258126
3258130
3258177
3258179
3258229
3258271
3258293
3258305
3258345
3258353
3258368
3258373
3258379
3258399
3258428
3258432
3258442
3258452
3258458
3258495
3258502
3258509
3258531
3258552
3258553
3258602
3258624
3258783
3258788
3258794
3258818
3258824
3259092
3259103
3259104
3259107
3259123
3259142
3259153
3259178
3259180
3259189
3259224
3259246
3259255
3259303
3259305
3259342
3259353
3259369
3259375
3259379
3259394
3259414
3259417
3259474
3259498
3259508
3259514
3259523
3259527
3259528
3259566
3259585
3259614
3259623
3259633
3259652
3259669
3259714
3259807
3259814
3260883
3260916
3260921
3260971
3261078
3261083
3261098
3261102
3261523
3261525
3261529
3261555
3261606
3261662
3261671
3261713
3261758
3261760
3261777
3261780
3261813
3261865
3261871
3261886
3261918
3261924
3261934
3261935
3261970
3261980
3261993
3262017
3262019
3262026
3262035
3262050
3262056
3262066
3262074
3262077
3262092
3262096
3262097
3262126
3262129
3262135
3262143
3262145
3262171
3262178
3262187
3262192
3262199
3262205
3262208
3262209
3262214
3262235
3262239
3262267
3262269
3262278
3262285
3262298
3262306
3262342
3262371
3262377
3262379
3262394
3262480
3262481
3262490
3262492
3262493
3262503
3262749
3263669
3263673
3263683
3263702
3263710
3263719
3263730
3263754
3263799
3263820
3263841
3263856
3263869
3263886
3263888
3263903
3263904
3263911
3263933
3263945
3263957
3263964
3263969
3263980
3263996
3264010
3264012
3264029
3264035
3264053
3264070
3264091
3264098
3264102
3264103
3264104
3264127
3264136
3264139
3264152
3264182
3264193
3264202
3264209
3264225
3264231
3264245
3264272
3264273
3264284
3264292
3264294
3264339
3264348
3264355
3264362
3264405
3264429
3264444
3264446
3264447
3264461
3264470
3264472
3264496
3264531
3264623
3264638
3264660
3264664
3264724
3264748
3264756
3264898
3264908
3264922
3264949
3264962
3264970
3264978
3265058
3265130
3265137
3265223
3265260
3265262
3265312
3265341
3265355
3265378
3265457
3265466
3265477
3265479
3265503
3265507
3265516
3265583
3265609
3265611
3265631
3265635
3265660
3265769
3265791
3265797
3265926
3265936
3265944
3267955
3268040
3268157
3268165
3268200
3268242
3268261
3268269
3268298
3268310
3268343
3268358
3268365
3268373
3268431
3268437
3268470
3268487
3268572
3268577
3268581
3268612
3268656
3268679
3268812
3268835
3268853
3268857
3268889
3268971
3269069
3269148
3269205
3269207
3269217
3269219
3269295
3269359
3269388
3269419
3269454
3269520
3269526
3269589
3269611
3269644
3269718
3269733
3269765
3269804
3269843
3269876
3269938
3269965
3269966
3269974
3269986
3270032
3270042
3270044
3270116
3270208
3270223
3270288
3270296
3270317
3270332
3270342
3270363
3270401
3270418
3270441
3270454
3270460
3270472
3270502
3270562
3270673
3270729
3270835
3270929
3271056
3271088
3271212
3271218
3273302
3273329
3273366
3273492
3273513
3273515
3273535
3273550
3273598
3273621
3273781
3273797
3273803
3273851
3273878
3273882
3273957
3273961
3273994
3274009
3274015
3274019
3274089
3274103
3274107
3274116
3274130
3274176
3274235
3274302
3274335
3274356
3274548
3274584
3274604
3274641
3274724
3274745
3274758
3274784
3274803
3274817
3274897
3274970
3274997
3275071
3275192
3275207
3275237
3275248
3275264
3275391
3275408
3275424
3275497
3275503
3275519
3275560
3275568
3275587
3275607
3275614
3275641
3275694
3275730
3275732
3275738
3275754
3275770
3275795
3275836
3275857
3275865
3275873
3275879
3275895
3275962
3276025
3276064
3276134
3276140
3276156
3276174
3276183
3276185
3276497
3276526
3278700
3278749
3322437
3323012
3323022
3323129
3323156
3323381
3323386
3323412
3323549
3323559
3323615
3323805
3323814
3323922
3323942
3323970
3323990
3324055
3324152
3330504
3330519
3330604
3331568
3331579
3331643
3331754
3332334
3332341
3332353
3332466
3334519
3334567
3334701
3334705
3334717
3334726
3334759
3335456
3335486
3335494
3335663
3335687
3336058
3336100
3336168
3336204
3336370
3336619
3340350
3340362
3341664
3341681
3341686
3341692
3341703
3341782
3341799
3341854
3341861
3341862
3341875
3342057
3342061
3342070
3342074
3342087
3342110
3342145
3342162
3342182
3342221
3342225
3342241
3342244
3342270
3342278
3342314
3342316
3342322
3342341
3342382
3342413
3342416
3342420
3342423
3342452
3342454
3342464
3342482
3342507
3342516
3342536
3342540
3342541
3342549
3342550
3342551
3342554
3342558
3342568
3342581
3342592
3342604
3342605
3342631
3342633
3342646
3342648
3342654
3342670
3342674
3342678
3342692
3342703
3342713
3342734
3342744
3342765
3342766
3342797
3342810
3342836
3342871
3342890
3342891
3342915
3342919
3342962
3343029
3343037
3343057
3343061
3343066
3343070
3343073
3343094
3343135
3343156
3343175
3343190
3343223
3343226
3343241
3343242
3343277
3343287
3343288
3343297
3343304
3343305
3343310
3343327
3343337
3343339
3343369
3343377
3343380
3343385
3343399
3343405
3343444
3343459
3343465
3343479
3343499
3343511
3343513
3343521
3343526
3343534
3343583
3343601
3343635
3343638
3343646
3343677
3343680
3343719
3343721
3343723
3343725
3343734
3343738
3343754
3343771
3343801
3343807
3343824
3343831
3343833
3343884
3343906
3343922
3343932
3343939
3343956
3343960
3343963
3343983
3344022
3344085
3344087
3344095
3344105
3344117
3344123
3344209
3344212
3344226
3344228
3344242
3344245
3344257
3344262
3344272
3344287
3344292
3344293
3344324
3344350
3344389
3344390
3344399
3344410
3344413
3344418
3344420
3344443
3344453
3344456
3344475
3344494
3344512
3344517
3344518
3344519
3344549
3344550
3344555
3344558
3344569
3344578
3344591
3344600
3344604
3344612
3344621
3344635
3344651
3344702
3344750
3344757
3344758
3344771
3344775
3344777
3344799
3344805
3344813
3344837
3344861
3344877
3344923
3344936
3344938
3344957
3344958
3344980
3345002
3345012
3345032
3345038
3345049
3345052
3345062
3345069
3345080
3345117
3345121
3345123
3345127
3345129
3345155
3345159
3345163
3345166
3345169
3345173
3345190
3345194
3345219
3345228
3345234
3345235
3345255
3345280
3345293
3345303
3345305
3345309
3345342
3345352
3345365
3345372
3345376
3345380
3345510
3345512
3345533
3345535
3345542
3345557
3345567
3345583
3345585
3345587
3345596
3345600
3345614
3345647
3345657
3345670
3345678
3345693
3345710
3345726
3345765
3345788
3345793
3345808
3345810
3345831
3345838
3345847
3345879
3345915
3345924
3345925
3345928
3345939
3345961
3345968
3345993
3346005
3346020
3346037
3346061
3346073
3346085
3346095
3346097
3346104
3346148
3346157
3346165
3346175
3346190
3346210
3346214
3346218
3346222
3346226
3346248
3346250
3346260
3346262
3346264
3346271
3346276
3346296
3346308
3346320
3346327
3346331
3346333
3346336
3346337
3346345
3346349
3346393
3346413
3346433
3346437
3346452
3346461
3346465
3346480
3346484
3346523
3346534
3346559
3346562
3346575
3346593
3346597
3346631
3346649
3346650
3346663
3346675
3346683
3346727
3346729
3346781
3346791
3346815
3346825
3346837
3346841
3346889
3346915
3346921
3346967
3346970
3346980
3346983
3346997
3347024
3347038
3347040
3347084
3347091
3347128
3347150
3347156
3347245
3347247
3347249
3347290
3347313
3347364
3347368
3347376
3347378
3347384
3347395
3347398
3347410
3347438
3347450
3347457
3347459
3347466
3347493
3347500
3347504
3347518
3347527
3347537
3347545
3347570
3347595
3347631
3347640
3347651
3347679
3347681
3347685
3347688
3347715
3347735
3347755
3347767
3347810
3347817
3347827
3347833
3347854
3347881
3347902
3347906
3347912
3347919
3347934
3347942
3347943
3347965
3348011
3348054
3348097
3348138
3348153
3348156
3348158
3348166
3348170
3348180
3348184
3348196
3348208
3348231
3348243
3348259
3348300
3348615
3348624
3348671
3348679
3348707
3348926
3348930
3348971
3348996
3350882
3351773
3351803
3351825
3351828
3351842
3351890
3351893
3351895
3351898
3351904
3351909
3351914
3351934
3351982
3351983
3351991
3352015
3352022
3352039
3352046
3352075
3352076
3352077
3352080
3352102
3352103
3352109
3352110
3352162
3352182
3352204
3352234
3352245
3352263
3352289
3352299
3352320
3352353
3352359
3352368
3352382
3352392
3352403
3352406
3352418
3352424
3352478
3352502
3352507
3352593
3352597
3352603
3352606
3352614
3352628
3352655
3352659
3352671
3352674
3352681
3352706
3352709
3352711
3352712
3352729
3352750
3352754
3352780
3352820
3352839
3352841
3352853
3352860
3352873
3352882
3352885
3352921
3352930
3352939
3352942
3352948
3352949
3352953
3352977
3352985
3353004
3353005
3353025
3353060
3353086
3353090
3353113
3353123
3353150
3353172
3353177
3353201
3353228
3353233
3353241
3353252
3353264
3353267
3353285
3353311
3353329
3353355
3353363
3353369
3353377
3353380
3353422
3353428
3353443
3353451
3353467
3353472
3353477
3353491
3353496
3353516
3353553
3353574
3353579
3353581
3353616
3353623
3353640
3353668
3353678
3353693
3353696
3353714
3353731
3353736
3353745
3353747
3353754
3353786
3353792
3353805
3353807
3353844
3353852
3353870
3353872
3353883
3353894
3353899
3353910
3353949
3353985
3353989
3353997
3354010
3354029
3354032
3354033
3354037
3354045
3354052
3354061
3354071
3354105
3354118
3354161
3354162
3354183
3354186
3354201
3354214
3354239
3354272
3354274
3354276
3354315
3354326
3354341
3354364
3354370
3354374
3354377
3354378
3354399
3354413
3354441
3354443
3354446
3354467
3354469
3354542
3354570
3354599
3354631
3354663
3354678
3354693
3354707
3354715
3354743
3354749
3354770
3354778
3354780
3354790
3354795
3354840
3354855
3354860
3354863
3354895
3354944
3354948
3354954
3354956
3354960
3354971
3354986
3354992
3355009
3355036
3355050
3355072
3355100
3355102
3355130
3355134
3355195
3355400
3356397
3356402
3356464
3356472
3356492
3356619
3356623
3356654
3356698
3356710
3356729
3356733
3356779
3356787
3356798
3356895
3357057
3357118
3357512
3357552
3357689
3357819
3357831
3357843
3357851
3357895
3357907
3357931
3357951
3357983
3357987
3358036
3358040
3358052
3358064
3358242
3358254
3358337
3358360
3358368
3358397
3358421
3358429
3358457
3358465
3358485
3358513
3358577
3358588
3358593
3358619
3358644
3358648
3358656
3358659
3358667
3358672
3358678
3358680
3358715
3358731
3358733
3358750
3358793
3358812
3358816
3358824
3358836
3358848
3358893
3358911
3358926
3358949
3358961
3358977
3359046
3359080
3359087
3359095
3359103
3359106
3359121
3359122
3359133
3359165
3359200
3359203
3359234
3359262
3359268
3359278
3359297
3359307
3359314
3359326
3359348
3359357
3359429
3359443
3359447
3359464
3359481
3359514
3359518
3359524
3359527
3359583
3359596
3359633
3359668
3359676
3359691
3359698
3359703
3359724
3359765
3359814
3359829
3359831
3359841
3359861
3359872
3359908
3359914
3359943
3359966
3359974
3360023
3360054
3360075
3360104
3360110
3360135
3360158
3360209
3360229
3360260
3360272
3360274
3360278
3360292
3360299
3360305
3360334
3360349
3360365
3360374
3360391
3360409
3360424
3360428
3360468
3360470
3360488
3360489
3360513
3360550
3360554
3360560
3360569
3360629
3360635
3360674
3360701
3360707
3360727
3360749
3360776
3360784
3360799
3360812
3360851
3360854
3360863
3360873
3360899
3360908
3360935
3360947
3360950
3360967
3360973
3360985
3361000
3361009
3361020
3361048
3361054
3361071
3361077
3361078
3361092
3361102
3361108
3361110
3361146
3361152
3361212
3361218
3361228
3361249
3361250
3361256
3361273
3361300
3361318
3361344
3361392
3361412
3361433
3361439
3361460
3361489
3361499
3361515
3361522
3361548
3361575
3361584
3361665
3361727
3361777
3361810
3361819
3361834
3361850
3361862
3361992
3362016
3362050
3362059
3362087
3362142
3362186
3362187
3362190
3362194
3362200
3362202
3362217
3362218
3362232
3362272
3362374
3362389
3362407
3362410
3362491
3362583
3362589
3362613
3362698
3362741
3362784
3362800
3362827
3362867
3362879
3362923
3362929
3362985
3362992
3362997
3363018
3363025
3363093
3363143
3363159
3363167
3363171
3363239
3363266
3363296
3363357
3363399
3363401
3363417
3363435
3363445
3363447
3363535
3363544
3363553
3363574
3363579
3363597
3363609
3363627
3363685
3363709
3363721
3363733
3363764
3363788
3363790
3363805
3363871
3363929
3363943
3363952
3363959
3364007
3364018
3364021
3364025
3364034
3364042
3364052
3364079
3364097
3364103
3364124
3364131
3364178
3364242
3364259
3364291
3364316
3364378
3364382
3364407
3364423
3364462
3364463
3364527
3364533
3364538
3364547
3364605
3364609
3364614
3364659
3364673
3364676
3364681
3364710
3364711
3364731
3364737
3364765
3364796
3364810
3364814
3364816
3364819
3364833
3364839
3364869
3364874
3364888
3364895
3364896
3364904
3364908
3364914
3364939
3364951
3364960
3364970
3365016
3365025
3365029
3365030
3365035
3365061
3365139
3365167
3365172
3365189
3365200
3365210
3365278
3365280
3365343
3365395
3365421
3365422
3365426
3365459
3365482
3365501
3365509
3365531
3365551
3365563
3365572
3365579
3365590
3365681
3365693
3365698
3365704
3365729
3365739
3365757
3365759
3365765
3365773
3365795
3365796
3365823
3365827
3365828
3365856
3365862
3365871
3365900
3365935
3365943
3365996
3366000
3366027
3366049
3366085
3366103
3366145
3366157
3366163
3366206
3366235
3366266
3366290
3366335
3366341
3366342
3366369
3366434
3366461
3366466
3366470
3366473
3366488
3366490
3366497
3366507
3366514
3366516
3366540
3366551
3366564
3366571
3366616
3366642
3366646
3366675
3366710
3366712
3366732
3366750
3366793
3366800
3366830
3366833
3366837
3366849
3366852
3366860
3366869
3366900
3366908
3366912
3366920
3366927
3366940
3366981
3366984
3366995
3367001
3367024
3367025
3367082
3367083
3367100
3367122
3367164
3367182
3367196
3367235
3367280
3367285
3367345
3367350
3367375
3367384
3367386
3367402
3367408
3367409
3367411
3367412
3367486
3367495
3367503
3367520
3367531
3367535
3367605
3367642
3367667
3367686
3367751
3367797
3367808
3367813
3367821
3367827
3367833
3367864
3367925
3367955
3367963
3367964
3368023
3368054
3368096
3368097
3368118
3368203
3368214
3368274
3368308
3368309
3368321
3368324
3368348
3368369
3368374
3368393
3368399
3368456
3368480
3368504
3368514
3368618
3368619
3368626
3368638
3368663
3368674
3368703
3368713
3368724
3368766
3368776
3368816
3368824
3368826
3368866
3373618
3373621
3373625
3373633
3373677
3373690
3373737
3373768
3373778
3373805
3373813
3373828
3373862
3373884
3373886
3373894
3373976
3374000
3374009
3374021
3374052
3374087
3374091
3374095
3374111
3374118
3374126
3374138
3374159
3374194
3374201
3374268
3374275
3374277
3374334
3374354
3374397
3374398
3374420
3374421
3374425
3374433
3374442
3374453
3374464
3374466
3374469
3374498
3374504
3374505
3374530
3374546
3374549
3374583
3374618
3374635
3374641
3374645
3374694
3374727
3374762
3374810
3374818
3374843
3374854
3374866
3374869
3374902
3374903
3374912
3374924
3374929
3374990
3375005
3375020
3375024
3375058
3375103
3375107
3375140
3375157
3375172
3375187
3375203
3375211
3375221
3375231
3375235
3375242
3375252
3375309
3375317
3375336
3375348
3375368
3375375
3375379
3375389
3375390
3375412
3375413
3375429
3375434
3375442
3375448
3375450
3375455
3375475
3375483
3375502
3375526
3375554
3375600
3375612
3375613
3375661
3375670
3375710
3375726
3375765
3375776
3375809
3375855
3375900
3375905
3375932
3375964
3376025
3376031
3376096
3376100
3376156
3376228
3376236
3376240
3376262
3376280
3376285
3376288
3376300
3376309
3376338
3376341
3376344
3376353
3376370
3376374
3376400
3376444
3376470
3376476
3376517
3376518
3376533
3376553
3376562
3376577
3376591
3376601
3376620
3376638
3376659
3376704
3376747
3376779
3376782
3376867
3376887
3376952
3376960
3376969
3377011
3377033
3377062
3377066
3377120
3377146
3377147
3377247
3377268
3377319
3377328
3377368
3377373
3377417
3377422
3377426
3377458
3377481
3377490
3377508
3377514
3377519
3377573
3377598
3377606
3377610
3377615
3377674
3377679
3377695
3377707
3377709
3377727
3377745
3377749
3377754
3377756
3377773
3377803
3377805
3377828
3377829
3377838
3377863
3377866
3377872
3377876
3377900
3377914
3377918
3377934
3377979
3377983
3377991
3378002
3378070
3378072
3378101
3378139
3378152
3378173
3378204
3378259
3378285
3378288
3378323
3378325
3378331
3378343
3378405
3378411
3378421
3378424
3378448
3378478
3378486
3378536
3378541
3378550
3378552
3378562
3378576
3378598
3378606
3378630
3378646
3378651
3378682
3378729
3378751
3378762
3378775
3378779
3378823
3378828
3378841
3378863
3378896
3378926
3378939
3378943
3378967
3379003
3379007
3379018
3379035
3379075
3379099
3379104
3379122
3379210
3379212
3379213
3379248
3379251
3379258
3379284
3379308
3379320
3379361
3379388
3379410
3379432
3379453
3379459
3379480
3379484
3379492
3379497
3379504
3379537
3379543
3379555
3379573
3379575
3379582
3379606
3379631
3379641
3379676
3379719
3379745
3379757
3379770
3379797
3379813
3379837
3379880
3379882
3379919
3379949
3379967
3379971
3380004
3380181
3380342
3380432
3380470
3380507
3380679
3380703
3380724
3380750
3380812
3380829
3380849
3380931
3381015
3381034
3381065
3381083
3381107
3381117
3381158
3381163
3381186
3381225
3381253
3381256
3381327
3381391
3381426
3381430
3381446
3381458
3381470
3381534
3381557
3381625
3381658
3381683
3381689
3381693
3381748
3381817
3381888
3381926
3381958
3381997
3382017
3382023
3382082
3382093
3382101
3382109
3382181
3382244
3382248
3382256
3382293
3382317
3382558
3382693
3382709
3382765
3382789
3382817
3382841
3382921
3382936
3382953
3382997
3383005
3383141
3383181
3383200
3383304
3383360
3383399
3383411
3383415
3383431
3383438
3383442
3383458
3383462
3383481
3383547
3383558
3383566
3383643
3383681
3383713
3383820
3383839
3383917
3383926
3383934
3383942
3383995
3384010
3384064
3384074
3384075
3384130
3384156
3384171
3384269
3384443
3384447
3384455
3384460
3384463
3384483
3384503
3384579
3384626
3384647
3384676
3384683
3384691
3384702
3384732
3384863
3384877
3384886
3384910
3385020
3385030
3385036
3385056
3385067
3385070
3385076
3385125
3385154
3385164
3385187
3385220
3385233
3385238
3385253
3385281
3385313
3385339
3385351
3385360
3385364
3385388
3385401
3385407
3385419
3385447
3385461
3385494
3385498
3385545
3385562
3385598
3385607
3385620
3385636
3385659
3385686
3385687
3385712
3385758
3385768
3385776
3385824
3385832
3385888
3385904
3385909
3385910
3385914
3385933
3385943
3386001
3386035
3386050
3386080
3386091
3386093
3386144
3386192
3386213
3386231
3386243
3386245
3386253
3386255
3386260
3386264
3386285
3386287
3386295
3386297
3386299
3386315
3386322
3386328
3386332
3386357
3386373
3386406
3386424
3386458
3386500
3386513
3386538
3386545
3386581
3386594
3386620
3386623
3386630
3386633
3386654
3386678
3386695
3386709
3386712
3386721
3386726
3386734
3386737
3386760
3386773
3386792
3386842
3386879
3386904
3386908
3386917
3386918
3386931
3386939
3386943
3386947
3386984
3387037
3387056
3387085
3387086
3387092
3387149
3387154
3387167
3387177
3387187
3387204
3387265
3387271
3387308
3387325
3387370
3387426
3387481
3387486
3387541
3387543
3387559
3387566
3387592
3387602
3387632
3387663
3387668
3387729
3387774
3387778
3387782
3387798
3387820
3387826
3387836
3387861
3387865
3387869
3387871
3387884
3387889
3387907
3387930
3387931
3387959
3388008
3388052
3388054
3388064
3388094
3388102
3388183
3388220
3388221
3388245
3388257
3388263
3388326
3388355
3388363
3388378
3388393
3388417
3388428
3388433
3388440
3388447
3388466
3388551
3388590
3388596
3388621
3388691
3388730
3388735
3388754
3388762
3388792
3388809
3388829
3388833
3388836
3388869
3388884
3388902
3388908
3388915
3388955
3388958
3388966
3388979
3388997
3389068
3389070
3389083
3389095
3389102
3389128
3389136
3389169
3389243
3389253
3389323
3389325
3389341
3389342
3389353
3389360
3389375
3389398
3389410
3389425
3389446
3389477
3389479
3389486
3389494
3389499
3389509
3389521
3389535
3389548
3389616
3389661
3389677
3389724
3389735
3389755
3389762
3389813
3389820
3389841
3389889
3389917
3389918
3389934
3389937
3389971
3389982
3390006
3390027
3390041
3390082
3390086
3390090
3390129
3390137
3390147
3390164
3390211
3390237
3390260
3390307
3390330
3390352
3390479
3390487
3390562
3390814
3390818
3390841
3390904
3390949
3390970
3390982
3391037
3391045
3391069
3391116
3391238
3391347
3391387
3391441
3391449
3395215
3395223
3395248
3395252
3395269
3395275
3395283
3395304
3395324
3395359
3395360
3395366
3395371
3395432
3395461
3395478
3395485
3395528
3395559
3395563
3395572
3395581
3395591
3395611
3395630
3395638
3395644
3395660
3395679
3395720
3395740
3395752
3395754
3395769
3395778
3395780
3395785
3395801
3395839
3395852
3395866
3395867
3395915
3395922
3395938
3395945
3395952
3395958
3395968
3395978
3395988
3395989
3395993
3396014
3396044
3396085
3396092
3396098
3396105
3396108
3396111
3396125
3396132
3396143
3396166
3396167
3396180
3396242
3396265
3396273
3396322
3396332
3396345
3396359
3396395
3396408
3396411
3396468
3396472
3396499
3396500
3396502
3396503
3396527
3396539
3396559
3396576
3396594
3396598
3396616
3396629
3396645
3396657
3396660
3396675
3396676
3396686
3396705
3396706
3396707
3396715
3396751
3396798
3396821
3396877
3396878
3396880
3396898
3396899
3396904
3396917
3396924
3396927
3396937
3396947
3396948
3396971
3396991
3397042
3397055
3397078
3397082
3397087
3397094
3397103
3397104
3397112
3397118
3397137
3397141
3397186
3397190
3397215
3397260
3397275
3397290
3397307
3397317
3397349
3397381
3397413
3397424
3397468
3397490
3397514
3397545
3397559
3397580
3397589
3397610
3397616
3397630
3397665
3397698
3397700
3397703
3397713
3397728
3397746
3397754
3397758
3397768
3397790
3397812
3397827
3397882
3397940
3397986
3398001
3398073
3398081
3398093
3398109
3398112
3398124
3398136
3398179
3398184
3398211
3398242
3398262
3398274
3398297
3398322
3398329
3398382
3398391
3398396
3398427
3398437
3398440
3398481
3398487
3398498
3398517
3398522
3398564
3398580
3398732
3398895
3398905
3398930
3398957
3398996
3399061
3399062
3399079
3399094
3399147
3399187
3399191
3399212
3399227
3399285
3399286
3399345
3399375
3399380
3399405
3399425
3399432
3399576
3399586
3399677
3399690
3399739
3399754
3399760
3399775
3399779
3399961
3399966
3400038
3400043
3400053
3400058
3400089
3400115
3400169
3400191
3400267
3400277
3400322
3400327
3400351
3400361
3400363
3400376
3400388
3400446
3400452
3400502
3400537
3400608
3400622
3400683
3400689
3400758
3400816
3400853
3400870
3400900
3400960
3401048
3401174
3401181
3401192
3401208
3401213
3401218
3401230
3401264
3401270
3401284
3401318
3401338
3401391
3401434
3401510
3401554
3401583
3401618
3401633
3401679
3401683
3401703
3401724
3401776
3401863
3401940
3402021
3402026
3402064
3402109
