0.000000 0.697842 0.720090 0.720090
0.025000 0.697842 0.720090 0.720090
0.050000 0.615630 0.681624 0.681624
0.075000 0.580905 0.642713 0.642713
0.100000 0.538032 0.613647 0.613647
0.125000 0.513039 0.589365 0.589365
0.150000 0.481281 0.568081 0.568081
0.175000 0.457909 0.531905 0.531905
0.200000 0.422119 0.497079 0.497079
0.225000 0.388230 0.463375 0.463375
0.250000 0.352661 0.427920 0.427920
0.275000 0.329911 0.382062 0.382062
0.300000 0.290870 0.338490 0.338490
0.325000 0.259098 0.277785 0.277785
0.350000 0.214564 0.209893 0.209893
0.375000 0.166772 0.109695 0.109695
0.400000 0.094355 0.035619 0.035619
0.425000 0.028380 0.031193 0.031193
0.450000 0.020455 0.000000 0.000000
0.475000 0.000000 0.000000 0.000000
0.500000 0.000000 0.000000 0.000000
0.525000 0.000000 0.000000 0.000000
0.550000 0.000000 0.000000 0.000000
0.575000 0.000000 0.000000 0.000000
0.600000 0.000000 0.000000 0.000000
0.625000 0.000000 0.000000 0.000000
0.650000 0.000000 0.000000 0.000000
0.675000 0.000000 0.000000 0.000000
0.700000 0.000000 0.000000 0.000000
0.725000 0.000000 0.000000 0.000000
0.750000 0.000000 0.000000 0.000000
0.775000 0.000000 0.000000 0.000000
0.800000 0.000000 0.000000 0.000000
0.825000 0.000000 0.000000 0.000000
0.850000 0.000000 0.000000 0.000000
0.875000 0.000000 0.000000 0.000000
0.900000 0.000000 0.000000 0.000000
0.925000 0.000000 0.000000 0.000000
0.950000 0.000000 0.000000 0.000000
0.975000 0.000000 0.000000 0.000000
1.000000 0.000000 0.000000 0.000000
