0.000000 0.648649 0.701099 0.701099
0.025000 0.648649 0.701099 0.701099
0.050000 0.632013 0.684267 0.684267
0.075000 0.587755 0.656315 0.656315
0.100000 0.554671 0.626482 0.626482
0.125000 0.525796 0.606119 0.606119
0.150000 0.502405 0.590683 0.590683
0.175000 0.478245 0.561204 0.561204
0.200000 0.450353 0.530877 0.530877
0.225000 0.422239 0.504599 0.504599
0.250000 0.397841 0.474906 0.474906
0.275000 0.368099 0.439889 0.439889
0.300000 0.338088 0.394382 0.394382
0.325000 0.298597 0.337483 0.337483
0.350000 0.251265 0.275208 0.275208
0.375000 0.205139 0.191033 0.191033
0.400000 0.138244 0.082279 0.082279
0.425000 0.058147 0.033853 0.033853
0.450000 0.022304 0.000000 0.000000
0.475000 0.022139 0.000000 0.000000
0.500000 0.000000 0.000000 0.000000
0.525000 0.000000 0.000000 0.000000
0.550000 0.000000 0.000000 0.000000
0.575000 0.000000 0.000000 0.000000
0.600000 0.000000 0.000000 0.000000
0.625000 0.000000 0.000000 0.000000
0.650000 0.000000 0.000000 0.000000
0.675000 0.000000 0.000000 0.000000
0.700000 0.000000 0.000000 0.000000
0.725000 0.000000 0.000000 0.000000
0.750000 0.000000 0.000000 0.000000
0.775000 0.000000 0.000000 0.000000
0.800000 0.000000 0.000000 0.000000
0.825000 0.000000 0.000000 0.000000
0.850000 0.000000 0.000000 0.000000
0.875000 0.000000 0.000000 0.000000
0.900000 0.000000 0.000000 0.000000
0.925000 0.000000 0.000000 0.000000
0.950000 0.000000 0.000000 0.000000
0.975000 0.000000 0.000000 0.000000
1.000000 0.000000 0.000000 0.000000
