0.000000 1.000000 1.000000 1.000000
0.025000 0.767677 0.798701 0.798701
0.050000 0.720379 0.771160 0.771160
0.075000 0.704615 0.724951 0.724951
0.100000 0.643460 0.683773 0.683773
0.125000 0.606688 0.643979 0.643979
0.150000 0.550602 0.604918 0.604918
0.175000 0.500938 0.558728 0.558728
0.200000 0.454545 0.535365 0.535365
0.225000 0.423718 0.496413 0.496413
0.250000 0.395023 0.459127 0.459127
0.275000 0.358579 0.423077 0.423077
0.300000 0.322524 0.374905 0.374905
0.325000 0.283186 0.317956 0.317956
0.350000 0.237006 0.254922 0.254922
0.375000 0.191843 0.160784 0.160784
0.400000 0.122984 0.067028 0.067028
0.425000 0.055285 0.031953 0.031953
0.450000 0.021413 0.000000 0.000000
0.475000 0.000000 0.000000 0.000000
0.500000 0.000000 0.000000 0.000000
0.525000 0.000000 0.000000 0.000000
0.550000 0.000000 0.000000 0.000000
0.575000 0.000000 0.000000 0.000000
0.600000 0.000000 0.000000 0.000000
0.625000 0.000000 0.000000 0.000000
0.650000 0.000000 0.000000 0.000000
0.675000 0.000000 0.000000 0.000000
0.700000 0.000000 0.000000 0.000000
0.725000 0.000000 0.000000 0.000000
0.750000 0.000000 0.000000 0.000000
0.775000 0.000000 0.000000 0.000000
0.800000 0.000000 0.000000 0.000000
0.825000 0.000000 0.000000 0.000000
0.850000 0.000000 0.000000 0.000000
0.875000 0.000000 0.000000 0.000000
0.900000 0.000000 0.000000 0.000000
0.925000 0.000000 0.000000 0.000000
0.950000 0.000000 0.000000 0.000000
0.975000 0.000000 0.000000 0.000000
1.000000 0.000000 0.000000 0.000000
