2979235
2979248
2979704
3034938
3034942
3035691
3035775
3035920
3036459
3036525
3037742
3038225
3038407
3038744
3039164
3040558
3040967
3041142
3041453
3043390
3043396
3043398
3043598
3043679
3043767
3043810
3044050
3045866
3046230
3046316
3046422
3046608
3046830
3047112
3047199
3048421
3048690
3049692
3051533
3051744
3052237
3052256
3052361
3052975
3052976
3053082
3055360
3056672
3057380
3057396
3057478
3057820
3058701
3059641
3059775
3060063
3060288
3061878
3062433
3062456
3062463
3062591
3062700
3062926
3064382
3064821
3064832
3064972
3065510
3067090
3067528
3067983
3067998
3068028
3068194
3068446
3072734
3073279
3073551
3075034
3075263
3075384
3075397
3075967
3076057
3076152
3076213
3077811
3078668
3078740
3078794
3081061
3081152
3081774
3083303
3083331
3083736
3084207
3084269
3084589
3086216
3086337
3086595
3087004
3087016
3088878
3089463
3089516
3089821
3089863
3089963
3089999
3091260
3091559
3092009
3092134
3092139
3092212
3092291
3092477
3092727
3093932
3094091
3094427
3094437
3094923
3095331
3096916
3096995
3097312
3097389
3098085
3099869
3100127
3100241
3100279
3100412
3100611
3100722
3101073
3103035
3103362
3103425
3105275
3105451
3105499
3107207
3107376
3108585
3108926
3110838
3111001
3111297
3111363
3111546
3111714
3112161
3113446
3113512
3113520
3113891
3114565
3117387
3117439
3118007
3118662
3119719
3119961
3120077
3120316
3121098
3121109
3122511
3123346
3123416
3123596
3124004
3125113
3125144
3125743
3125944
3126117
3126158
3126296
3126670
3126712
3126719
3128739
3129027
3130599
3130709
3130780
3130877
3131118
3131241
3131422
3131766
3131972
3133762
3133945
3134743
3136113
3136140
3136376
3138834
3140020
3142262
3142304
3142913
3143401
3143752
3143909
3143997
3144003
3144838
3147725
3148605
3148696
3148791
3148856
3149092
3149884
3152416
3152773
3153230
3153583
3155133
3157460
3157587
3157620
3157806
3157930
3159186
3159310
3159450
3159598
3159832
3160250
3160290
3160418
3160559
3160567
3160680
3162095
3162207
3162294
3162512
3162537
3163176
3165160
3165344
3165392
3165856
3168198
3168435
3168496
3168988
3170389
3170702
3170785
3171174
3173091
3173283
3173848
3173924
3173931
3173957
3173986
3174140
3174190
3174298
3175903
3175998
3176031
3176121
3176314
3176600
3178757
3179004
3179102
3179348
3179393
3179536
3179552
3179620
3179688
3181255
3182402
3182548
3182549
3184643
3184898
3184973
3185142
3187776
3187945
3190227
3190312
3192788
3192848
3192887
3195183
3195429
3195595
3195751
3196193
3197747
3197836
3197918
3200369
3209841
3214260
3214802
3214986
3215389
3215480
3215938
3216088
3216463
3219019
3219107
3219473
3220181
3220327
3221157
3221524
3221753
3225396
3225660
3225834
3225988
3226883
3229380
3229783
3231581
3231750
3231877
3234916
3239746
3240163
3240255
3240631
3241090
3241262
3245204
3245480
3245638
3245722
3245940
3248737
3249939
3250052
3250158
3250209
3251471
3252935
3253985
3254208
3254275
3255393
3255739
3256296
3256520
3258080
3259105
3259156
3259449
3261858
3262373
3264456
3264562
3264730
3264929
3264986
3265794
3268117
3268150
3268654
3270083
3270420
3270430
3274860
3275250
3275568
3341685
3342361
3342856
3343006
3343361
3343373
3343499
3343894
3343975
3344076
3344453
3344819
3344934
3345824
3346213
3346226
3346437
3346689
3347311
3347810
3347826
3351959
3351991
3352598
3352775
3353187
3353383
3354015
3354226
3354661
3354684
3355165
3355374
3355378
3357215
3358573
3359223
3359400
3359431
3359846
3359988
3360188
3360217
3360787
3362413
3363242
3363603
3363682
3363897
3364048
3364094
3365120
3366245
3367226
3367560
3367585
3367628
3367974
3367985
3368473
3368563
3368564
3368743
3368749
3368899
3373746
3374951
3375106
3375213
3376054
3376459
3376628
3376812
3377221
3377701
3378181
3378255
3378548
3379473
3381946
3381992
3383013
3383668
3383713
3384432
3384875
3384902
3385198
3385871
3386152
3386163
3386828
3386856
3386880
3387171
3387503
3387763
3388137
3388172
3388486
3389303
3389319
3389646
3389813
3391417
3396322
3396558
3397942
3398365
3398417
3398520
3399764
3400239
3400421
3400509
3400757
