0.000000 0.645161 0.687500 0.687500
0.025000 0.645161 0.687500 0.687500
0.050000 0.579710 0.622642 0.622642
0.075000 0.500000 0.572254 0.572254
0.100000 0.479290 0.550000 0.550000
0.125000 0.415638 0.512422 0.512422
0.150000 0.391586 0.506394 0.506394
0.175000 0.377005 0.493590 0.493590
0.200000 0.349241 0.468085 0.468085
0.225000 0.317073 0.429812 0.429812
0.250000 0.282517 0.385246 0.385246
0.275000 0.262722 0.361638 0.361638
0.300000 0.237488 0.312995 0.312995
0.325000 0.215107 0.275773 0.275773
0.350000 0.184434 0.191128 0.191128
0.375000 0.128553 0.135491 0.135491
0.400000 0.092950 0.051728 0.051728
0.425000 0.033730 0.035263 0.035263
0.450000 0.023291 0.000000 0.000000
0.475000 0.000000 0.000000 0.000000
0.500000 0.000000 0.000000 0.000000
0.525000 0.000000 0.000000 0.000000
0.550000 0.000000 0.000000 0.000000
0.575000 0.000000 0.000000 0.000000
0.600000 0.000000 0.000000 0.000000
0.625000 0.000000 0.000000 0.000000
0.650000 0.000000 0.000000 0.000000
0.675000 0.000000 0.000000 0.000000
0.700000 0.000000 0.000000 0.000000
0.725000 0.000000 0.000000 0.000000
0.750000 0.000000 0.000000 0.000000
0.775000 0.000000 0.000000 0.000000
0.800000 0.000000 0.000000 0.000000
0.825000 0.000000 0.000000 0.000000
0.850000 0.000000 0.000000 0.000000
0.875000 0.000000 0.000000 0.000000
0.900000 0.000000 0.000000 0.000000
0.925000 0.000000 0.000000 0.000000
0.950000 0.000000 0.000000 0.000000
0.975000 0.000000 0.000000 0.000000
1.000000 0.000000 0.000000 0.000000
