0.000000 0.615385 0.625592 0.625592
0.025000 0.615385 0.625592 0.625592
0.050000 0.558621 0.625592 0.625592
0.075000 0.540179 0.613707 0.613707
0.100000 0.524272 0.596372 0.596372
0.125000 0.484412 0.553872 0.553872
0.150000 0.431616 0.525333 0.525333
0.175000 0.407781 0.481172 0.481172
0.200000 0.382979 0.440905 0.440905
0.225000 0.348993 0.418670 0.418670
0.250000 0.328990 0.395783 0.395783
0.275000 0.303340 0.359523 0.359523
0.300000 0.276511 0.316106 0.316106
0.325000 0.239854 0.262915 0.262915
0.350000 0.198179 0.161551 0.161551
0.375000 0.115071 0.080026 0.080026
0.400000 0.051918 0.032614 0.032614
0.425000 0.021573 0.031543 0.031543
0.450000 0.020887 0.000000 0.000000
0.475000 0.000000 0.000000 0.000000
0.500000 0.000000 0.000000 0.000000
0.525000 0.000000 0.000000 0.000000
0.550000 0.000000 0.000000 0.000000
0.575000 0.000000 0.000000 0.000000
0.600000 0.000000 0.000000 0.000000
0.625000 0.000000 0.000000 0.000000
0.650000 0.000000 0.000000 0.000000
0.675000 0.000000 0.000000 0.000000
0.700000 0.000000 0.000000 0.000000
0.725000 0.000000 0.000000 0.000000
0.750000 0.000000 0.000000 0.000000
0.775000 0.000000 0.000000 0.000000
0.800000 0.000000 0.000000 0.000000
0.825000 0.000000 0.000000 0.000000
0.850000 0.000000 0.000000 0.000000
0.875000 0.000000 0.000000 0.000000
0.900000 0.000000 0.000000 0.000000
0.925000 0.000000 0.000000 0.000000
0.950000 0.000000 0.000000 0.000000
0.975000 0.000000 0.000000 0.000000
1.000000 0.000000 0.000000 0.000000
