0.000000 1.000000 1.000000 1.000000
0.025000 0.646758 0.705215 0.705215
0.050000 0.646758 0.700226 0.700226
0.075000 0.586350 0.659801 0.659801
0.100000 0.555474 0.640455 0.640455
0.125000 0.538155 0.608969 0.608969
0.150000 0.502435 0.579538 0.579538
0.175000 0.465705 0.552243 0.552243
0.200000 0.436526 0.512306 0.512306
0.225000 0.399624 0.478037 0.478037
0.250000 0.369120 0.438465 0.438465
0.275000 0.330999 0.402886 0.402886
0.300000 0.297028 0.357212 0.357212
0.325000 0.260492 0.298148 0.298148
0.350000 0.216152 0.226520 0.226520
0.375000 0.160864 0.130405 0.130405
0.400000 0.092400 0.045826 0.045826
0.425000 0.031618 0.031416 0.031416
0.450000 0.020733 0.000000 0.000000
0.475000 0.000000 0.000000 0.000000
0.500000 0.000000 0.000000 0.000000
0.525000 0.000000 0.000000 0.000000
0.550000 0.000000 0.000000 0.000000
0.575000 0.000000 0.000000 0.000000
0.600000 0.000000 0.000000 0.000000
0.625000 0.000000 0.000000 0.000000
0.650000 0.000000 0.000000 0.000000
0.675000 0.000000 0.000000 0.000000
0.700000 0.000000 0.000000 0.000000
0.725000 0.000000 0.000000 0.000000
0.750000 0.000000 0.000000 0.000000
0.775000 0.000000 0.000000 0.000000
0.800000 0.000000 0.000000 0.000000
0.825000 0.000000 0.000000 0.000000
0.850000 0.000000 0.000000 0.000000
0.875000 0.000000 0.000000 0.000000
0.900000 0.000000 0.000000 0.000000
0.925000 0.000000 0.000000 0.000000
0.950000 0.000000 0.000000 0.000000
0.975000 0.000000 0.000000 0.000000
1.000000 0.000000 0.000000 0.000000
