2979134
2979150
2979178
2979180
2979197
2979198
2979201
2979212
2979213
2979231
2979250
2979254
2979289
2979295
2979297
2979298
2979312
2979590
2979650
2979663
2979694
2979701
2979719
2979723
2979745
2979765
2979788
2979791
2979797
2979822
2979853
2979859
2979876
3034955
3034991
3034999
3035000
3035016
3035019
3035036
3035041
3035053
3035055
3035061
3035063
3035070
3035071
3035115
3035138
3035142
3035160
3035178
3035187
3035191
3035197
3035199
3035202
3035214
3035221
3035227
3035255
3035347
3035365
3035370
3035693
3035721
3035751
3035756
3035762
3035763
3035771
3035784
3035795
3035806
3035807
3035830
3035833
3035838
3035902
3035911
3035915
3035918
3035933
3035971
3035985
3035994
3036000
3036007
3036079
3036089
3036097
3036116
3036125
3036158
3036168
3036172
3036177
3036187
3036188
3036204
3036207
3036238
3036241
3036270
3036282
3036284
3036285
3036309
3036315
3036316
3036341
3036349
3036378
3036390
3036432
3036453
3036455
3036484
3036496
3036508
3037554
3037754
3037768
3037882
3037884
3037896
3037909
3037912
3037929
3037935
3038046
3038118
3038176
3038180
3038204
3038212
3038220
3038228
3038232
3038246
3038247
3038283
3038286
3038297
3038304
3038335
3038341
3038355
3038360
3038376
3038402
3038430
3038431
3038432
3038437
3038488
3038494
3038499
3038511
3038523
3038544
3038572
3038580
3038619
3038620
3038624
3038638
3038654
3038665
3038679
3038702
3038707
3038725
3038730
3038734
3038739
3038740
3038754
3038759
3038763
3038765
3038771
3038773
3038774
3038779
3038786
3038791
3038807
3038820
3038821
3038828
3038829
3038843
3038852
3038864
3038866
3038890
3038895
3038902
3038924
3038925
3038929
3038937
3038939
3038961
3038969
3038973
3038988
3038999
3039013
3039031
3039050
3039062
3039074
3039075
3039123
3039127
3039140
3039152
3039177
3039194
3039195
3039199
3039212
3040360
3040364
3040391
3040393
3040449
3040461
3040481
3040524
3040526
3040534
3040539
3040553
3040564
3040569
3040594
3040611
3040634
3040679
3040709
3040721
3040728
3040730
3040741
3040761
3040767
3040807
3040821
3040827
3040853
3040863
3040864
3040881
3040905
3040921
3040922
3040934
3040955
3040961
3040969
3040995
3041006
3041025
3041048
3041050
3041065
3041094
3041114
3041115
3041131
3041160
3041167
3041177
3041190
3041206
3041225
3041262
3041271
3041304
3041312
3041317
3041358
3041366
3041372
3041375
3041393
3041420
3041421
3041423
3041448
3041463
3041464
3041474
3041500
3041501
3041509
3041540
3041543
3041549
3041559
3041590
3041614
3041623
3041646
3041652
3041668
3041680
3041685
3041688
3041707
3041711
3041720
3041733
3041760
3041773
3041780
3041784
3041786
3041789
3041815
3041821
3041823
3041953
3041980
3041983
3041987
3041991
3043088
3043181
3043203
3043278
3043290
3043291
3043309
3043334
3043338
3043343
3043349
3043367
3043372
3043380
3043390
3043400
3043412
3043448
3043457
3043466
3043478
3043481
3043493
3043495
3043496
3043507
3043514
3043518
3043545
3043565
3043576
3043614
3043619
3043623
3043626
3043631
3043638
3043656
3043662
3043678
3043692
3043711
3043713
3043717
3043750
3043754
3043759
3043773
3043817
3043819
3043828
3043833
3043839
3043844
3043852
3043866
3043877
3043887
3043892
3043899
3043912
3043932
3043941
3043944
3043956
3043983
3044008
3044027
3044035
3044043
3044051
3044058
3044068
3044087
3044090
3044137
3044146
3044151
3044154
3044165
3044172
3044195
3044199
3044201
3044220
3044221
3044230
3044231
3044238
3044252
3044256
3044397
3044398
3044405
3044412
3044416
3044438
3044446
3044453
3044466
3044468
3044472
3044499
3044603
3044614
3044617
3044622
3044658
3045723
3045743
3045745
3045747
3045781
3045787
3045794
3045798
3045808
3045811
3045816
3045822
3045828
3045829
3045832
3045862
3045887
3045888
3045895
3045918
3045921
3045932
3045935
3045982
3045990
3045994
3046028
3046035
3046053
3046066
3046100
3046111
3046116
3046123
3046126
3046141
3046150
3046157
3046165
3046172
3046175
3046193
3046227
3046235
3046237
3046251
3046253
3046275
3046292
3046298
3046366
3046370
3046372
3046384
3046387
3046400
3046403
3046419
3046423
3046428
3046429
3046443
3046452
3046458
3046528
3046554
3046616
3046621
3046635
3046643
3046648
3046653
3046655
3046665
3046715
3046735
3046737
3046745
3046755
3046804
3046807
3046809
3046813
3046819
3046826
3046827
3046840
3046855
3046856
3046917
3046924
3046926
3046941
3046950
3046974
3046979
3046996
3047005
3047029
3047037
3047050
3047056
3047067
3047088
3047113
3047118
3047127
3047135
3047145
3047154
3047157
3047161
3047168
3047199
3047210
3047223
3047243
3047254
3047266
3047267
3047289
3047325
3047354
3047379
3047385
3048417
3048438
3048440
3048460
3048484
3048493
3048505
3048516
3048523
3048526
3048549
3048555
3048592
3048595
3048625
3048643
3048650
3048664
3048754
3048768
3048830
3048843
3048848
3048857
3048858
3048877
3048883
3048902
3048911
3048916
3048921
3048923
3048925
3048934
3048945
3048988
3048991
3049005
3049023
3049032
3049040
3049054
3049056
3049068
3049092
3049101
3049148
3049171
3049187
3049204
3049265
3049286
3049291
3049296
3049323
3049325
3049331
3049348
3049426
3049428
3049433
3049461
3049463
3049505
3049506
3049510
3049517
3049519
3049522
3049537
3049543
3049552
3049600
3049624
3049641
3049686
3049743
3049745
3049746
3049757
3049760
3049766
3049775
3049782
3049828
3049835
3049838
3049844
3049847
3049860
3049882
3049914
3049948
3049949
3049957
3049968
3049969
3049972
3049976
3049987
3049989
3049995
3051121
3051124
3051147
3051208
3051238
3051242
3051250
3051279
3051290
3051292
3051313
3051328
3051334
3051340
3051342
3051348
3051360
3051402
3051478
3051487
3051501
3051503
3051512
3051555
3051643
3051711
3051719
3051727
3051736
3051740
3051746
3051752
3051813
3051817
3051821
3051828
3051866
3051867
3051877
3051879
3051881
3051954
3051975
3051978
3051992
3052018
3052162
3052170
3052176
3052181
3052186
3052192
3052198
3052249
3052250
3052256
3052262
3052265
3052270
3052271
3052279
3052287
3052328
3052349
3052360
3052469
3052502
3052505
3052506
3052531
3052547
3052569
3052596
3052597
3052600
3052620
3052623
3052626
3052634
3052638
3052645
3052649
3052658
3052662
3052704
3052706
3052723
3052737
3052751
3052769
3052789
3052793
3052804
3052810
3052824
3052832
3052846
3052847
3052878
3052915
3052931
3052948
3052950
3052967
3052986
3053001
3053018
3053040
3053055
3053056
3053064
3053065
3053066
3053095
3053099
3053110
3053131
3053137
3053142
3053143
3053167
3053180
3053233
3053236
3053257
3053289
3053361
3053380
3054432
3054438
3054482
3054492
3054547
3054552
3054559
3054572
3054584
3054585
3054592
3054593
3054609
3054618
3054653
3054663
3054698
3054736
3054769
3054780
3054782
3054788
3054801
3054824
3054833
3054839
3054866
3054873
3054876
3054894
3054901
3055040
3055052
3055055
3055093
3055097
3055098
3055100
3055113
3055321
3055340
3055352
3055358
3055417
3055514
3055532
3055618
3055632
3055651
3055656
3055797
3055835
3055846
3055847
3055861
3055891
3055897
3055924
3055953
3055958
3056011
3056031
3056096
3056101
3056610
3056619
3056622
3056633
3056639
3056642
3056656
3056659
3056665
3056670
3056671
3056681
3056685
3056686
3056706
3056720
3056725
3056731
3056750
3056776
3056812
3056822
3056863
3056884
3056891
3056897
3056899
3056907
3056928
3056929
3056935
3056967
3056986
3056988
3056991
3056992
3056998
3057013
3057023
3057032
3057043
3057065
3057111
3057112
3057133
3057178
3057184
3057205
3057207
3057212
3057224
3057240
3057282
3057295
3057340
3057355
3057364
3057381
3057382
3057390
3057430
3057442
3057471
3057476
3057480
3057490
3057502
3057507
3057540
3057549
3057558
3057566
3057571
3057572
3057581
3057586
3057615
3057617
3057628
3057653
3057658
3057672
3057678
3057680
3057812
3057813
3058713
3058731
3058736
3058740
3058741
3058803
3058808
3058815
3058848
3058862
3058873
3058875
3058887
3058891
3058926
3058967
3058980
3058981
3059070
3059071
3059089
3059218
3059315
3059320
3059321
3059335
3059426
3059433
3059448
3059462
3059491
3059513
3059529
3059531
3059547
3059549
3059566
3059618
3059634
3059646
3059666
3059669
3059692
3059693
3059700
3059705
3059713
3059722
3059731
3059732
3059737
3059755
3059756
3059767
3059771
3059790
3059807
3059809
3059811
3059820
3059840
3059851
3059872
3059877
3059889
3059918
3059990
3060005
3060006
3060013
3060016
3060039
3060050
3060053
3060060
3060071
3060073
3060095
3060102
3060125
3060129
3060162
3060176
3060179
3060180
3060183
3060185
3060193
3060197
3060225
3060233
3060236
3060237
3060244
3060247
3060250
3060277
3060281
3060283
3060295
3060351
3060355
3060360
3060362
3060376
3060391
3060402
3061022
3061417
3061446
3061467
3061469
3061473
3061486
3061494
3061495
3061502
3061506
3061620
3061640
3061660
3061675
3061680
3061692
3061693
3061700
3061701
3061731
3061742
3061760
3061767
3061768
3061774
3061796
3061801
3061839
3061878
3061882
3061901
3061951
3061966
3061987
3061991
3061999
3062003
3062011
3062034
3062042
3062051
3062052
3062056
3062076
3062079
3062085
3062106
3062117
3062128
3062164
3062170
3062193
3062218
3062230
3062256
3062266
3062272
3062274
3062282
3062296
3062298
3062309
3062311
3062314
3062342
3062353
3062363
3062366
3062380
3062391
3062392
3062393
3062401
3062420
3062437
3062443
3062453
3062456
3062469
3062480
3062515
3062524
3062542
3062564
3062568
3062602
3062653
3062663
3062687
3062692
3062722
3062805
3062820
3062840
3062847
3062866
3062878
3062890
3062906
3062923
3062945
3062950
3062959
3062965
3062975
3062994
3063002
3063007
3063019
3063079
3063084
3063118
3063125
3063136
3063139
3063160
3063179
3064173
3064182
3064236
3064238
3064297
3064299
3064308
3064320
3064332
3064378
3064387
3064389
3064406
3064411
3064446
3064468
3064480
3064494
3064495
3064501
3064502
3064516
3064543
3064591
3064600
3064629
3064647
3064649
3064653
3064659
3064669
3064673
3064691
3064709
3064719
3064727
3064770
3064772
3064783
3064788
3064800
3064805
3064822
3064836
3064844
3064845
3064854
3064859
3064898
3064954
3064960
3064994
3065056
3065058
3065076
3065099
3065100
3065101
3065366
3065382
3065389
3065405
3065419
3065424
3065433
3065437
3065464
3065469
3065471
3065483
3065494
3065501
3065527
3065538
3065554
3065558
3065572
3065585
3066810
3066820
3066824
3066869
3066908
3066911
3066915
3066930
3066945
3066964
3066972
3066980
3066990
3067020
3067076
3067097
3067110
3067135
3067144
3067149
3067159
3067162
3067170
3067174
3067195
3067196
3067200
3067201
3067212
3067216
3067223
3067279
3067295
3067302
3067313
3067373
3067392
3067405
3067411
3067415
3067419
3067424
3067426
3067433
3067441
3067444
3067459
3067483
3067489
3067498
3067500
3067509
3067510
3067550
3067554
3067569
3067584
3067641
3067644
3067701
3067714
3067727
3067741
3067757
3067760
3067805
3067806
3067817
3067819
3067821
3067831
3067832
3067850
3067869
3067879
3067910
3067926
3067930
3067955
3067970
3067996
3068017
3068022
3068026
3068030
3068046
3068056
3068093
3068107
3068117
3068131
3068154
3068157
3068179
3068235
3068241
3068249
3068256
3068261
3068270
3068288
3068292
3068297
3068299
3068312
3068314
3068318
3068335
3068339
3068369
3068427
3068463
3068469
3068490
3068506
3068560
3069503
3069507
3069518
3069528
3069542
3069610
3069622
3069627
3069654
3069784
3069785
3069837
3069844
3069857
3069859
3069860
3069862
3069867
3069873
3069883
3069934
3069947
3069975
3069983
3069985
3069987
3069992
3070050
3070062
3070144
3070145
3070165
3070169
3070170
3070197
3070220
3070262
3070264
3070312
3070319
3070320
3070323
3070376
3070389
3070409
3070410
3070421
3070432
3070446
3070449
3070454
3070483
3070542
3070569
3070580
3070590
3070600
3070609
3070626
3070635
3070659
3070754
3070758
3070820
3070845
3070920
3070925
3070937
3071022
3071087
3071166
3071196
3071211
3071274
3072468
3072472
3072501
3072513
3072516
3072528
3072548
3072592
3072609
3072620
3072643
3072656
3072671
3072675
3072687
3072690
3072702
3072704
3072707
3072713
3072718
3072731
3072736
3072746
3072750
3072781
3072818
3072843
3072878
3072897
3072898
3072909
3072925
3072926
3072929
3072930
3072959
3072972
3072974
3072977
3072986
3073020
3073022
3073056
3073059
3073108
3073113
3073130
3073138
3073152
3073164
3073166
3073170
3073186
3073248
3073249
3073276
3073310
3073313
3073339
3073363
3073392
3073406
3073416
3073420
3073430
3073446
3073466
3073468
3073487
3073489
3073495
3073509
3073531
3073547
3073551
3073559
3073563
3073605
3073611
3073614
3073630
3073647
3073648
3073653
3073656
3073657
3073665
3073666
3073667
3073671
3073682
3073747
3073762
3073764
3073766
3073777
3073786
3073806
3073824
3073827
3073837
3073848
3073858
3073861
3073889
3073897
3073900
3073907
3073909
3073928
3073935
3074931
3074935
3074948
3074981
3074987
3074994
3075003
3075037
3075045
3075047
3075051
3075057
3075066
3075079
3075085
3075101
3075104
3075111
3075134
3075139
3075150
3075176
3075193
3075198
3075243
3075244
3075255
3075260
3075264
3075271
3075282
3075288
3075309
3075314
3075319
3075372
3075405
3075479
3075495
3075513
3075537
3075539
3075542
3075547
3075552
3075558
3075722
3075756
3075774
3075803
3075824
3075828
3075870
3075872
3075875
3075897
3075900
3075905
3075912
3075914
3075923
3075928
3075943
3075959
3075993
3076000
3076013
3076022
3076038
3076040
3076071
3076077
3076086
3076089
3076117
3076132
3076176
3076181
3076182
3076192
3076205
3076206
3076213
3076231
3076272
3076289
3076291
3076325
3076330
3076338
3076346
3076348
3076364
3076388
3076451
3076466
3076476
3076479
3076488
3076523
3077654
3077687
3077697
3077726
3077731
3077755
3077804
3077826
3077853
3077859
3077918
3077920
3077921
3077965
3077977
3077985
3077987
3078025
3078041
3078042
3078085
3078111
3078112
3078114
3078118
3078121
3078130
3078131
3078133
3078139
3078148
3078151
3078158
3078163
3078170
3078176
3078187
3078188
3078193
3078215
3078216
3078255
3078260
3078267
3078269
3078272
3078291
3078315
3078318
3078324
3078352
3078361
3078363
3078377
3078400
3078417
3078465
3078473
3078480
3078509
3078567
3078574
3078576
3078586
3078642
3078655
3078672
3078734
3078743
3078751
3078758
3078784
3078789
3078801
3078810
3078825
3078838
3078873
3078883
3078979
3078985
3078993
3078996
3079010
3079017
3079048
3079049
3079050
3079070
3079083
3079106
3079116
3079117
3079132
3079137
3079142
3079144
3079150
3079170
3079263
3079269
3079308
3079313
3079358
3079364
3079916
3080395
3080405
3080410
3080425
3080438
3080539
3080548
3080580
3080589
3080610
3080639
3080641
3080655
3080702
3080725
3080758
3080779
3080780
3080789
3080798
3080803
3080814
3080836
3080840
3080850
3080865
3080888
3080889
3080893
3080907
3080931
3080937
3080982
3080997
3081013
3081020
3081023
3081050
3081051
3081055
3081061
3081066
3081107
3081151
3081197
3081218
3081242
3081243
3081249
3081258
3081279
3081280
3081284
3081306
3081317
3081329
3081335
3081348
3081364
3081370
3081371
3081422
3081461
3081479
3081488
3081496
3081517
3081521
3081539
3081542
3081574
3081595
3081611
3081612
3081615
3081629
3081666
3081685
3081701
3081718
3081730
3081735
3081742
3081789
3081827
3081838
3081873
3081883
3081892
3081912
3081917
3081970
3081995
3082017
3082022
3082084
3082088
3082102
3082133
3082264
3082325
3082480
3082481
3082485
3083118
3083130
3083168
3083172
3083185
3083193
3083228
3083238
3083244
3083248
3083257
3083263
3083264
3083272
3083301
3083336
3083341
3083379
3083390
3083419
3083427
3083496
3083513
3083515
3083542
3083550
3083553
3083558
3083569
3083570
3083595
3083606
3083622
3083623
3083649
3083664
3083670
3083691
3083710
3083757
3083761
3083769
3083784
3083811
3083832
3083849
3083861
3083879
3083891
3083897
3083901
3083918
3083923
3083950
3083961
3083962
3084020
3084026
3084069
3084075
3084094
3084100
3084107
3084117
3084126
3084176
3084214
3084219
3084224
3084226
3084243
3084269
3084291
3084319
3084320
3084322
3084348
3084354
3084358
3084363
3084391
3084411
3084413
3084432
3084458
3084471
3084481
3084508
3084573
3084595
3084604
3084608
3084636
3084680
3084694
3084741
3084748
3084770
3085791
3085804
3085819
3085829
3085889
3085911
3085926
3085951
3085964
3085970
3085977
3085981
3085996
3085998
3086017
3086025
3086063
3086096
3086110
3086111
3086115
3086129
3086131
3086136
3086148
3086155
3086171
3086174
3086175
3086176
3086186
3086191
3086199
3086213
3086243
3086261
3086264
3086272
3086323
3086338
3086343
3086344
3086345
3086368
3086378
3086385
3086395
3086399
3086404
3086412
3086415
3086416
3086419
3086466
3086502
3086515
3086559
3086562
3086581
3086584
3086585
3086607
3086645
3086654
3086660
3086678
3086697
3086713
3086726
3086727
3086794
3086800
3086804
3086836
3086841
3086844
3086862
3086867
3086874
3086878
3086882
3086892
3086921
3086924
3086928
3086940
3086950
3086980
3086989
3086990
3086997
3087020
3087040
3087056
3087069
3087077
3087080
3087082
3087105
3087157
3087168
3087169
3087178
3087198
3087241
3087269
3087271
3087283
3087311
3087316
3087326
3087370
3087425
3087444
3088485
3088524
3088541
3088546
3088568
3088597
3088602
3088623
3088624
3088626
3088647
3088651
3088659
3088661
3088667
3088676
3088693
3088695
3088703
3088725
3088745
3088747
3088783
3088808
3088813
3088841
3088850
3088852
3088873
3088912
3088925
3088938
3088960
3088968
3088970
3088972
3088988
3088990
3089010
3089012
3089014
3089040
3089055
3089056
3089082
3089101
3089112
3089114
3089116
3089126
3089129
3089152
3089169
3089238
3089247
3089258
3089285
3089287
3089298
3089300
3089337
3089379
3089426
3089429
3089452
3089456
3089462
3089509
3089517
3089526
3089531
3089541
3089584
3089592
3089628
3089636
3089665
3089678
3089680
3089696
3089717
3089724
3089725
3089739
3089757
3089758
3089766
3089770
3089806
3089826
3089841
3089856
3089858
3089868
3089870
3089871
3089901
3089923
3089925
3089926
3089949
3089961
3089968
3089983
3090007
3090022
3090024
3090054
3090060
3090071
3090144
3090161
3090165
3090177
3091236
3091270
3091281
3091297
3091329
3091368
3091376
3091383
3091410
3091417
3091478
3091487
3091495
3091509
3091512
3091514
3091517
3091540
3091542
3091546
3091565
3091567
3091573
3091611
3091613
3091623
3091651
3091707
3091714
3091727
3091740
3091741
3091769
3091788
3091794
3091808
3091810
3091844
3091856
3091858
3091879
3091882
3091889
3091935
3091943
3091944
3091991
3092011
3092044
3092079
3092089
3092149
3092159
3092175
3092185
3092206
3092249
3092257
3092259
3092332
3092341
3092370
3092379
3092388
3092396
3092412
3092419
3092420
3092425
3092430
3092433
3092463
3092476
3092483
3092484
3092487
3092511
3092518
3092528
3092530
3092543
3092554
3092555
3092569
3092573
3092586
3092591
3092626
3092637
3092648
3092664
3092727
3092747
3092756
3092765
3092775
3092777
3092783
3092786
3092787
3092795
3092824
3092870
3092875
3092932
3092935
3092947
3092954
3093092
3093213
3093900
3093911
3093920
3093921
3093925
3093926
3093950
3093954
3093959
3093961
3093994
3094205
3094239
3094240
3094255
3094296
3094320
3094339
3094360
3094368
3094369
3094379
3094401
3094416
3094434
3094445
3094459
3094478
3094493
3094510
3094537
3094545
3094578
3094640
3094641
3094645
3094649
3094653
3094655
3094670
3094672
3094674
3094691
3094723
3094728
3094731
3094740
3094757
3094764
3094780
3094787
3094830
3094837
3094850
3094853
3094870
3094871
3094903
3094907
3094911
3094937
3094955
3094962
3095059
3095060
3095066
3095087
3095095
3095102
3095122
3095149
3095159
3095160
3095167
3095170
3095172
3095175
3095184
3095221
3095251
3095258
3095265
3095283
3095316
3095338
3095365
3095373
3095379
3095382
3095385
3095386
3095395
3095402
3095406
3095414
3095415
3095429
3095440
3095442
3095457
3095463
3095490
3095491
3096653
3096657
3096679
3096683
3096688
3096689
3096732
3096740
3096743
3096750
3096763
3096792
3096793
3096850
3096854
3096860
3096864
3096888
3096904
3096922
3096926
3096932
3096953
3097013
3097019
3097036
3097044
3097051
3097069
3097088
3097093
3097098
3097104
3097108
3097123
3097133
3097184
3097191
3097192
3097213
3097230
3097262
3097267
3097277
3097307
3097338
3097357
3097358
3097388
3097424
3097437
3097439
3097443
3097481
3097486
3097516
3097537
3097545
3097557
3097580
3097589
3097598
3097599
3097605
3097611
3097649
3097682
3097686
3097701
3097717
3097733
3097750
3097752
3097755
3097768
3097770
3097802
3097807
3097844
3097848
3097849
3097882
3097888
3097891
3097895
3097912
3097913
3097922
3097943
3097946
3097966
3097967
3097983
3098012
3098023
3098029
3098043
3098061
3098063
3098078
3098085
3098097
3098098
3098158
3098173
3098185
3098187
3098194
3098222
3098225
3098228
3098254
3098257
3098278
3098285
3098301
3098403
3098420
3099350
3099364
3099375
3099378
3099402
3099424
3099430
3099433
3099446
3099481
3099529
3099554
3099570
3099574
3099577
3099591
3099605
3099611
3099616
3099632
3099643
3099661
3099670
3099691
3099745
3099748
3099766
3099814
3099895
3099911
3099938
3099939
3099990
3100019
3100037
3100042
3100048
3100053
3100054
3100067
3100080
3100118
3100150
3100157
3100164
3100214
3100236
3100238
3100255
3100262
3100266
3100270
3100272
3100274
3100305
3100309
3100330
3100338
3100342
3100357
3100413
3100415
3100463
3100473
3100489
3100494
3100496
3100516
3100530
3100538
3100544
3100556
3100561
3100568
3100574
3100644
3100655
3100666
3100684
3100688
3100709
3100719
3100722
3100726
3100728
3100729
3100754
3100761
3100789
3100812
3100817
3100819
3100875
3101009
3101034
3101042
3101054
3101056
3102081
3102086
3102091
3102096
3102124
3102132
3102138
3102164
3102167
3102170
3102171
3102186
3102224
3102229
3102240
3102253
3102266
3102307
3102311
3102322
3102333
3102352
3102361
3102369
3102375
3102382
3102385
3102391
3102395
3102412
3102449
3102454
3102496
3102512
3102523
3102531
3102550
3102562
3102599
3102604
3102606
3102636
3102643
3102665
3102698
3102702
3102706
3102729
3102734
3102735
3102737
3102743
3102752
3102773
3102840
3102857
3102874
3102876
3102959
3102975
3102976
3102980
3102987
3103011
3103014
3103015
3103023
3103043
3103073
3103161
3103202
3103210
3103241
3103268
3103276
3103280
3103285
3103308
3103311
3103336
3103361
3103372
3103395
3103403
3103411
3103421
3103424
3103433
3103443
3103482
3103496
3103508
3103512
3103519
3103528
3103563
3103565
3103605
3103609
3103614
3103618
3103671
3103679
3103686
3103697
3103700
3103703
3103705
3104753
3104755
3104790
3104849
3104850
3104854
3104861
3104865
3104873
3104919
3104923
3104934
3104948
3104952
3104954
3104973
3104976
3104978
3104985
3104988
3104994
3104998
3105014
3105025
3105056
3105067
3105077
3105092
3105104
3105133
3105151
3105159
3105170
3105173
3105175
3105208
3105217
3105228
3105236
3105301
3105335
3105336
3105351
3105364
3105365
3105366
3105373
3105391
3105394
3105398
3105405
3105422
3105427
3105435
3105438
3105453
3105463
3105506
3105509
3105510
3105519
3105523
3105524
3105526
3105531
3105570
3105586
3105606
3105615
3105622
3105628
3105629
3105640
3105641
3105666
3105679
3105681
3105688
3105702
3105714
3105750
3105758
3105766
3105782
3105845
3105847
3105861
3105869
3105878
3105882
3105901
3105909
3105913
3105914
3105921
3105949
3106007
3106022
3106046
3106055
3106085
3106113
3106115
3106118
3106119
3106120
3106138
3106140
3106156
3106159
3106164
3106169
3106171
3106209
3106236
3106256
3106262
3106283
3106292
3106307
3106313
3106325
3106328
3106332
3106340
3106346
3106350
3106353
3107176
3107178
3107180
3107194
3107197
3107209
3107222
3107232
3107235
3107246
3107249
3107250
3107300
3107307
3107319
3107327
3107345
3107358
3107383
3107386
3107392
3107398
3107399
3107408
3107420
3107447
3107449
3107455
3107471
3107504
3107513
3107520
3107537
3107539
3107579
3107595
3107600
3107644
3107653
3107670
3107676
3107680
3107688
3107689
3107731
3107741
3107744
3107749
3107752
3107763
3107776
3107801
3107825
3107826
3107827
3107834
3107841
3107842
3107860
3107872
3107894
3107955
3107980
3107991
3108002
3108008
3108075
3108514
3108517
3108540
3108545
3108569
3108576
3108583
3108602
3108619
3108637
3108645
3108668
3108740
3108742
3108933
3108974
3108989
3108994
3108999
3109003
3109018
3109021
3109026
3109046
3109054
3109055
3109058
3109082
3109095
3109110
3109112
3109117
3109125
3109134
3109275
3109287
3109293
3109299
3109448
3110558
3110561
3110569
3110577
3110579
3110598
3110618
3110651
3110711
3110712
3110713
3110734
3110770
3110779
3110797
3110826
3110830
3110842
3110846
3110851
3110855
3110860
3110865
3110871
3110876
3110877
3110882
3110883
3110900
3110912
3110913
3110943
3110958
3110965
3110968
3110979
3111000
3111015
3111025
3111034
3111048
3111058
3111076
3111080
3111095
3111096
3111120
3111139
3111148
3111186
3111225
3111242
3111250
3111254
3111274
3111281
3111286
3111291
3111305
3111309
3111312
3111342
3111344
3111374
3111392
3111393
3111403
3111474
3111490
3111492
3111511
3111517
3111520
3111527
3111529
3111536
3111544
3111561
3111581
3111585
3111589
3111603
3111605
3111607
3111611
3111629
3111647
3111671
3111725
3111733
3111746
3111753
3111789
3111797
3111802
3111810
3111839
3111857
3111863
3111870
3111878
3111909
3111953
3111954
3111967
3111992
3112145
3112146
3113305
3113319
3113328
3113332
3113334
3113336
3113360
3113374
3113381
3113396
3113398
3113407
3113440
3113441
3113456
3113466
3113472
3113474
3113478
3113484
3113487
3113488
3113519
3113523
3113532
3113539
3113548
3113558
3113564
3113575
3113577
3113592
3113601
3113604
3113627
3113648
3113652
3113662
3113679
3113717
3113742
3113751
3113763
3113774
3113786
3113806
3113807
3113813
3113817
3113825
3113879
3113908
3113925
3113935
3113962
3113991
3114000
3114008
3114017
3114018
3114035
3114040
3114054
3114055
3114059
3114110
3114119
3114168
3114173
3114181
3114185
3114191
3114200
3114201
3114216
3114265
3114279
3114284
3114288
3114290
3114303
3114321
3114334
3114346
3114402
3114406
3114450
3114469
3114492
3114654
3114664
3114673
3114680
3114782
3115811
3115839
3115849
3116097
3116107
3116108
3116111
3116994
3117021
3117031
3117048
3117060
3117075
3117077
3117136
3117189
3117204
3117215
3117218
3117230
3117231
3117234
3117237
3117252
3117263
3117266
3117286
3117297
3117316
3117332
3117344
3117370
3117395
3117425
3117431
3117470
3117479
3117546
3117566
3117571
3117639
3117648
3117675
3117677
3117695
3117698
3117720
3117734
3117743
3117758
3117769
3117831
3117843
3117848
3117875
3117911
3117913
3117929
3117931
3117938
3117960
3117963
3117970
3117989
3118008
3118023
3118036
3118041
3118054
3118059
3118073
3118095
3118097
3118110
3118112
3118129
3118177
3118198
3118212
3118230
3118276
3118319
3118336
3118344
3118350
3118366
3118384
3118396
3118403
3118418
3118432
3118442
3118450
3118516
3118541
3118543
3118547
3118561
3118571
3118578
3118602
3118621
3118641
3119690
3119693
3119701
3119730
3119733
3119735
3119748
3119756
3119761
3119766
3119767
3119775
3119785
3119808
3119816
3119826
3119827
3119843
3119857
3119858
3119883
3119884
3119926
3119934
3119936
3119937
3119947
3119967
3119968
3119999
3120020
3120022
3120030
3120039
3120040
3120047
3120048
3120051
3120058
3120059
3120091
3120095
3120109
3120127
3120128
3120136
3120157
3120173
3120191
3120212
3120228
3120233
3120273
3120285
3120312
3120323
3120370
3120374
3120389
3120395
3120413
3120449
3120456
3120490
3120493
3120497
3120519
3120531
3120539
3120544
3120547
3120563
3120697
3120786
3120810
3120851
3120865
3120876
3120884
3120886
3120887
3120891
3120918
3120924
3120928
3120931
3120938
3120952
3120985
3120994
3121008
3121029
3121036
3121046
3121057
3121059
3121060
3121087
3121099
3121103
3121110
3121117
3121130
3121139
3121173
3121174
3121202
3121204
3121206
3121207
3121233
3121242
3121243
3121342
3121782
3121801
3121811
3121817
3122390
3122402
3122419
3122420
3122424
3122428
3122468
3122475
3122481
3122485
3122486
3122487
3122488
3122493
3122538
3122540
3122541
3122547
3122555
3122580
3122585
3122588
3122592
3122602
3122617
3122625
3122642
3122647
3122649
3122672
3122683
3122692
3122781
3122792
3122815
3122837
3122850
3122864
3122878
3122892
3122900
3122905
3122925
3122954
3122978
3123000
3123008
3123012
3123062
3123147
3123168
3123178
3123184
3123188
3123191
3123194
3123195
3123243
3123245
3123249
3123270
3123290
3123293
3123299
3123303
3123312
3123330
3123364
3123374
3123392
3123393
3123399
3123407
3123412
3123416
3123437
3123440
3123451
3123474
3123498
3123516
3123520
3123521
3123538
3123542
3123553
3123558
3123565
3123573
3123591
3123618
3123621
3123637
3123678
3123683
3123686
3123692
3123709
3123713
3123725
3123727
3123728
3123745
3123756
3123765
3123787
3123805
3123811
3123828
3123860
3123890
3123899
3123904
3123906
3123908
3123917
3123930
3123945
3123957
3123960
3123995
3124011
3124013
3124016
3124021
3124032
3124038
3124040
3124069
3124091
3124092
3124097
3125078
3125084
3125085
3125092
3125096
3125118
3125135
3125143
3125169
3125199
3125214
3125227
3125257
3125263
3125267
3125272
3125278
3125297
3125348
3125360
3125362
3125363
3125366
3125372
3125390
3125415
3125444
3125457
3125480
3125482
3125494
3125497
3125498
3125517
3125525
3125544
3125577
3125587
3125600
3125631
3125635
3125706
3125709
3125710
3125720
3125731
3125732
3125752
3125756
3125762
3125764
3125769
3125792
3125796
3125826
3125834
3125844
3125855
3125875
3125878
3125892
3125912
3125916
3125929
3125952
3125956
3125958
3125974
3125980
3125995
3125997
3126004
3126006
3126021
3126043
3126046
3126049
3126056
3126061
3126088
3126151
3126170
3126198
3126202
3126208
3126212
3126218
3126220
3126276
3126279
3126305
3126321
3126324
3126346
3126396
3126398
3126423
3126433
3126434
3126444
3126445
3126481
3126493
3126495
3126502
3126508
3126524
3126526
3126566
3126567
3126580
3126588
3126594
3126603
3126611
3126615
3126629
3126630
3126632
3126636
3126649
3126669
3126678
3126716
3126723
3126751
3126760
3126830
3127827
3127829
3127834
3127869
3127872
3127875
3127882
3127896
3127902
3127913
3127915
3127961
3127979
3127990
3127992
3127996
3128004
3128014
3128022
3128031
3128037
3128052
3128147
3128148
3128188
3128220
3128265
3128280
3128282
3128291
3128292
3128312
3128317
3128321
3128335
3128360
3128370
3128371
3128374
3128375
3128383
3128384
3128391
3128441
3128454
3128456
3128458
3128470
3128474
3128479
3128495
3128519
3128522
3128547
3128582
3128584
3128603
3128617
3128620
3128641
3128642
3128650
3128662
3128702
3128724
3128749
3128753
3128754
3128760
3128763
3128766
3128784
3128788
3128799
3128800
3128837
3128845
3128863
3128869
3128884
3128902
3128943
3128947
3128967
3128976
3128977
3128981
3128989
3129000
3129032
3129052
3129062
3129082
3129117
3129169
3129175
3129179
3129189
3129252
3129293
3129311
3129403
3130613
3130619
3130621
3130637
3130645
3130665
3130675
3130678
3130704
3130731
3130744
3130754
3130757
3130766
3130785
3130827
3130837
3130842
3130862
3130867
3130873
3130874
3130884
3130896
3130899
3130907
3130913
3130918
3130942
3130949
3130966
3130987
3130993
3131002
3131011
3131019
3131021
3131034
3131050
3131064
3131074
3131075
3131107
3131114
3131133
3131169
3131196
3131197
3131210
3131227
3131238
3131265
3131289
3131302
3131303
3131308
3131335
3131337
3131339
3131344
3131348
3131360
3131381
3131410
3131413
3131428
3131429
3131478
3131526
3131530
3131536
3131556
3131562
3131566
3131567
3131578
3131579
3131611
3131628
3131639
3131648
3131653
3131662
3131668
3131670
3131697
3131715
3131729
3131759
3131764
3131769
3131776
3131785
3131820
3131851
3131864
3131876
3131890
3131893
3131901
3131905
3131917
3131920
3131948
3131966
3131989
3131990
3131991
3132006
3132051
3132078
3132086
3132087
3132088
3132098
3132120
3132123
3132131
3132151
3132165
3132168
3132171
3132188
3132190
3132197
3132210
3133257
3133265
3133291
3133316
3133319
3133339
3133406
3133407
3133417
3133461
3133472
3133494
3133500
3133514
3133523
3133539
3133591
3133595
3133613
3133624
3133625
3133637
3133677
3133696
3133700
3133743
3133753
3133782
3133791
3133795
3133810
3133824
3133844
3133864
3133865
3133877
3133888
3133894
3133899
3133913
3133917
3133944
3133947
3133989
3133993
3133996
3134001
3134006
3134019
3134022
3134044
3134061
3134129
3134147
3134163
3134166
3134172
3134205
3134208
3134210
3134211
3134233
3134242
3134284
3134297
3134326
3134371
3134382
3134386
3134399
3134402
3134427
3134428
3134433
3134435
3134441
3134478
3134485
3134515
3134517
3134520
3134538
3134541
3134570
3134577
3134599
3134618
3134626
3134632
3134637
3134730
3134745
3134751
3134765
3134796
3134810
3134812
3134819
3134820
3134844
3134904
3134906
3134908
3134923
3134968
3135958
3135965
3136012
3136034
3136036
3136060
3136075
3136085
3136086
3136092
3136096
3136097
3136112
3136115
3136120
3136122
3136133
3136163
3136166
3136168
3136189
3136190
3136192
3136235
3136240
3136255
3136258
3136261
3136281
3136286
3136306
3136334
3136338
3136339
3136340
3136348
3136381
3136391
3136397
3136400
3136403
3136405
3136408
3136414
3136437
3136442
3136458
3136459
3136466
3136469
3136508
3136531
3136559
3136562
3136601
3136607
3136817
3136841
3136854
3136873
3136889
3136896
3136900
3136906
3136910
3136925
3136932
3136937
3136939
3136948
3136956
3136965
3136966
3136971
3136977
3136985
3136987
3137027
3137032
3137036
3137085
3137093
3137097
3137116
3137119
3137128
3137164
3137168
3137170
3137173
3137183
3137188
3137197
3137211
3137213
3137252
3137257
3137258
3137259
3137260
3137302
3137309
3137311
3137317
3137341
3137353
3137370
3137391
3137393
3137401
3137461
3137494
3137495
3137524
3137540
3137544
3137549
3137550
3137571
3137576
3137584
3137595
3137684
3138780
3138802
3138845
3138849
3138868
3138875
3138876
3138904
3138962
3138964
3138969
3139019
3139023
3139044
3139045
3139050
3139063
3139077
3139079
3139083
3139088
3139090
3139092
3139273
3139310
3139318
3139329
3139338
3139358
3139402
3139407
3139424
3139441
3139448
3139464
3139465
3139480
3139496
3139556
3139573
3139600
3139603
3139615
3139619
3139638
3139668
3139712
3139715
3139771
3139841
3139844
3139858
3139861
3139864
3139865
3139894
3139899
3139919
3139962
3139963
3139996
3140004
3140032
3140033
3140058
3140060
3140074
3140075
3140105
3140107
3140119
3140177
3140178
3140207
3140230
3140238
3140247
3140251
3140283
3140296
3140311
3140313
3140323
3140325
3140344
3140345
3140364
3142120
3142150
3142171
3142173
3142190
3142227
3142254
3142264
3142266
3142297
3142308
3142343
3142355
3142359
3142371
3142380
3142401
3142526
3142631
3142652
3142660
3142664
3142672
3142722
3142728
3142796
3142823
3142839
3142851
3142861
3142898
3142935
3142937
3142964
3143000
3143044
3143046
3143071
3143143
3143195
3143208
3143220
3143224
3143237
3143250
3143273
3143342
3143374
3143397
3143410
3143433
3143464
3143492
3143576
3143597
3143606
3143620
3143633
3143635
3143651
3143653
3143685
3143713
3143728
3143792
3143840
3143853
3143866
3143894
3143896
3143905
3143909
3143975
3143983
3144057
3144169
3144233
3144248
3144279
3144296
3144345
3144349
3144356
3144360
3144362
3144376
3144389
3144475
3144481
3144532
3144586
3144602
3144631
3144662
3144687
3144708
3144759
3144789
3144795
3144813
3144815
3144826
3144984
3145003
3145015
3145036
3145110
3145132
3145155
3145161
3145175
3145204
3147152
3147161
3147179
3147209
3147211
3147230
3147263
3147330
3147381
3147410
3147544
3147623
3147629
3147673
3147704
3147769
3147773
3147792
3147796
3147800
3147846
3147944
3147955
3147963
3148015
3148099
3148103
3148118
3148154
3148156
3148162
3148165
3148171
3148244
3148254
3148255
3148265
3148267
3148269
3148271
3148280
3148330
3148397
3148401
3148436
3148557
3148580
3148584
3148662
3148669
3148683
3148700
3148714
3148733
3148781
3148813
3148832
3148842
3148860
3148873
3148916
3148966
3148972
3148991
3148997
3149005
3149007
3149026
3149036
3149055
3149127
3149154
3149164
3149175
3149287
3149318
3149381
3149471
3149512
3149517
3149537
3149639
3149643
3149690
3149919
3149950
3150051
3150067
3152379
3152381
3152416
3152504
3152509
3152536
3152544
3152546
3152600
3152632
3152665
3152690
3152703
3152723
3152732
3152738
3152774
3152786
3152856
3152858
3152864
3152881
3152908
3152918
3152937
3152958
3153017
3153023
3153029
3153039
3153050
3153073
3153122
3153141
3153176
3153180
3153220
3153298
3153311
3153317
3153344
3153353
3153388
3153426
3153518
3153539
3153548
3153554
3153558
3153573
3153610
3153700
3153704
3153738
3153780
3153838
3153997
3154005
3154043
3154131
3154185
3154193
3154206
3154214
3154258
3154271
3154281
3154306
3154346
3154383
3154393
3154481
3154502
3154548
3154610
3154631
3154656
3154662
3154670
3154693
3154697
3154709
3154752
3154758
3154764
3154785
3154791
3154892
3154902
3154913
3154929
3154958
3154959
3155004
3155005
3155025
3155026
3155053
3155055
3155071
3155073
3155090
3155106
3155109
3155127
3155134
3155138
3155146
3155147
3155152
3155154
3155176
3155184
3155226
3156349
3156369
3156384
3156429
3156459
3156460
3156522
3156538
3156543
3156557
3156579
3156596
3156598
3156608
3156611
3156613
3156640
3156641
3156648
3156654
3156706
3156708
3156732
3156742
3156747
3156748
3156777
3156798
3156807
3156808
3156854
3156859
3156908
3156920
3156925
3156929
3156932
3156943
3156952
3156974
3156991
3157018
3157021
3157042
3157048
3157052
3157057
3157065
3157069
3157086
3157092
3157104
3157114
3157126
3157170
3157207
3157211
3157216
3157221
3157238
3157245
3157247
3157254
3157269
3157274
3157282
3157297
3157298
3157302
3157324
3157339
3157340
3157359
3157360
3157366
3157369
3157379
3157413
3157414
3157426
3157443
3157453
3157454
3157458
3157481
3157482
3157484
3157496
3157497
3157522
3157564
3157565
3157566
3157568
3157570
3157574
3157583
3157595
3157600
3157610
3157616
3157617
3157642
3157643
3157648
3157669
3157673
3157674
3157688
3157690
3157698
3157702
3157705
3157733
3157739
3157743
3157752
3157771
3157775
3157798
3157811
3157825
3157830
3157831
3157855
3157859
3157879
3157880
3157890
3157908
3157921
3157928
3157951
3159185
3159275
3159282
3159283
3159284
3159290
3159298
3159301
3159309
3159311
3159318
3159354
3159367
3159368
3159391
3159412
3159416
3159429
3159432
3159437
3159472
3159481
3159498
3159518
3159519
3159545
3159567
3159570
3159582
3159601
3159609
3159628
3159655
3159689
3159712
3159719
3159730
3159731
3159744
3159764
3159791
3159792
3159824
3159830
3159860
3159865
3159873
3159883
3159891
3159895
3159897
3159898
3159900
3159913
3159941
3159948
3159971
3159979
3159982
3159992
3159993
3159995
3159999
3160000
3160028
3160040
3160059
3160087
3160107
3160121
3160125
3160134
3160155
3160169
3160175
3160203
3160208
3160293
3160330
3160334
3160335
3160340
3160361
3160368
3160372
3160401
3160403
3160456
3160465
3160467
3160469
3160523
3160537
3160538
3160571
3160621
3160623
3160631
3160646
3160664
3160688
3160698
3160809
3160823
3161877
3161919
3161922
3161924
3161933
3161949
3161978
3161982
3161988
3162004
3162005
3162009
3162025
3162028
3162038
3162039
3162094
3162103
3162110
3162125
3162141
3162154
3162170
3162174
3162179
3162210
3162245
3162249
3162268
3162289
3162294
3162328
3162346
3162364
3162384
3162390
3162393
3162413
3162425
3162432
3162435
3162461
3162467
3162478
3162500
3162502
3162534
3162535
3162547
3162549
3162559
3162574
3162590
3162606
3162614
3162652
3162653
3162656
3162671
3162690
3162712
3162750
3162766
3162780
3162907
3162911
3162925
3162926
3162991
3163014
3163016
3163017
3163032
3163034
3163036
3163039
3163075
3163083
3163085
3163087
3163112
3163128
3163129
3163137
3163143
3163157
3163171
3163174
3163176
3163261
3163296
3163312
3163314
3163316
3163320
3163331
3163334
3163343
3163373
3163389
3163440
3163479
3164683
3164687
3164708
3164743
3164750
3164752
3164794
3164802
3164816
3164829
3164832
3164860
3164892
3164900
3164913
3164929
3164935
3164979
3165004
3165028
3165032
3165044
3165045
3165047
3165054
3165076
3165097
3165103
3165115
3165139
3165140
3165201
3165224
3165231
3165233
3165237
3165255
3165264
3165287
3165308
3165327
3165330
3165368
3165379
3165387
3165404
3165413
3165423
3165441
3165457
3165489
3165520
3165553
3165610
3165621
3165629
3165648
3165659
3165661
3165669
3165673
3165681
3165693
3165696
3165732
3165749
3165763
3165768
3165770
3165788
3165802
3165818
3165820
3165838
3165852
3165855
3165859
3165865
3165877
3165913
3165950
3165967
3165997
3166013
3166016
3166017
3166040
3166048
3166055
3166068
3166094
3166128
3166131
3166139
3166151
3166213
3166258
3166261
3166262
3167380
3167388
3167445
3167451
3167471
3167484
3167485
3167526
3167542
3167544
3167548
3167589
3167591
3167602
3167608
3167613
3167621
3167623
3167627
3167652
3167653
3167666
3167668
3167682
3167684
3167685
3167690
3167703
3167758
3167759
3167772
3167786
3167822
3167865
3167868
3167875
3167880
3167882
3167925
3167926
3167929
3167944
3167956
3167959
3167979
3167982
3167986
3167996
3168005
3168010
3168060
3168110
3168117
3168118
3168136
3168183
3168191
3168218
3168237
3168250
3168280
3168290
3168291
3168305
3168314
3168362
3168371
3168382
3168412
3168416
3168438
3168444
3168453
3168460
3168499
3168530
3168551
3168566
3168578
3168579
3168581
3168613
3168621
3168625
3168632
3168635
3168642
3168653
3168666
3168667
3168671
3168707
3168713
3168715
3168744
3168748
3168775
3168777
3168789
3168804
3168814
3168816
3168820
3168836
3168840
3168851
3168861
3168864
3168865
3168870
3168887
3168910
3168922
3168931
3168945
3168963
3168991
3169007
3169018
3169646
3170074
3170079
3170161
3170167
3170170
3170172
3170203
3170228
3170234
3170268
3170275
3170290
3170293
3170296
3170354
3170375
3170385
3170455
3170459
3170483
3170520
3170558
3170562
3170573
3170584
3170601
3170611
3170615
3170639
3170662
3170676
3170677
3170679
3170694
3170705
3170706
3170727
3170738
3170748
3170754
3170756
3170766
3170767
3170778
3170780
3170799
3170800
3170801
3170818
3170833
3170854
3170855
3170856
3170875
3170923
3170951
3170984
3171012
3171018
3171054
3171099
3171123
3171151
3171186
3171208
3171212
3171231
3171234
3171250
3171265
3171270
3171302
3171306
3171308
3171309
3171332
3171340
3171358
3171360
3171385
3171391
3171398
3171405
3171414
3171421
3171439
3171446
3171549
3171556
3171557
3171561
3171565
3171578
3171588
3171603
3171618
3171629
3171639
3171650
3171749
3172875
3172904
3172918
3172919
3172934
3172946
3172950
3172999
3173013
3173014
3173046
3173062
3173071
3173081
3173091
3173096
3173124
3173132
3173164
3173171
3173178
3173191
3173224
3173229
3173279
3173283
3173287
3173288
3173294
3173312
3173344
3173368
3173392
3173394
3173423
3173449
3173478
3173484
3173502
3173529
3173546
3173551
3173567
3173569
3173578
3173587
3173591
3173613
3173642
3173650
3173655
3173672
3173677
3173704
3173710
3173715
3173718
3173786
3173789
3173794
3173832
3173854
3173883
3173900
3173912
3173922
3173930
3173967
3173978
3173980
3173986
3174006
3174025
3174033
3174044
3174076
3174097
3174102
3174105
3174112
3174125
3174154
3174170
3174177
3174213
3174233
3174237
3174247
3174252
3174291
3174297
3174323
3174324
3174337
3174357
3174372
3174381
3174411
3174437
3174461
3174472
3174475
3174482
3175601
3175611
3175629
3175670
3175683
3175721
3175729
3175731
3175769
3175775
3175787
3175820
3175825
3175832
3175856
3175859
3175878
3175884
3175915
3175922
3175927
3175931
3175965
3175979
3175986
3176024
3176025
3176054
3176073
3176074
3176078
3176084
3176088
3176126
3176135
3176143
3176147
3176165
3176168
3176176
3176203
3176204
3176222
3176237
3176259
3176275
3176308
3176332
3176343
3176361
3176376
3176385
3176401
3176417
3176437
3176457
3176459
3176472
3176479
3176493
3176527
3176542
3176552
3176571
3176573
3176591
3176592
3176601
3176609
3176612
3176628
3176639
3176645
3176651
3176664
3176670
3176680
3176703
3176713
3176716
3176717
3176720
3176730
3176773
3176777
3176806
3176836
3176841
3176843
3176863
3176890
3176904
3177004
3177013
3177014
3177029
3177038
3177078
3177082
3177088
3177093
3177097
3177128
3177142
3177156
3177158
3177163
3178289
3178324
3178328
3178335
3178342
3178348
3178412
3178435
3178492
3178517
3178525
3178530
3178532
3178553
3178556
3178562
3178576
3178579
3178613
3178615
3178640
3178647
3178708
3178711
3178726
3178737
3178750
3178758
3178761
3178771
3178772
3178773
3178782
3178784
3178802
3178812
3178848
3178885
3178894
3178899
3178917
3178924
3178951
3178968
3178986
3178992
3179004
3179041
3179049
3179061
3179067
3179084
3179091
3179132
3179134
3179139
3179150
3179152
3179178
3179179
3179189
3179196
3179200
3179233
3179235
3179288
3179307
3179321
3179335
3179339
3179345
3179373
3179379
3179383
3179384
3179408
3179447
3179467
3179475
3179489
3179499
3179514
3179515
3179518
3179523
3179543
3179557
3179565
3179569
3179571
3179576
3179587
3179589
3179604
3179662
3179678
3179697
3179705
3179707
3179724
3179726
3179760
3179764
3179793
3179794
3179799
3179842
3179856
3179874
3179942
3179943
3179954
3179963
3179977
3179982
3179988
3179990
3181057
3181137
3181152
3181154
3181170
3181176
3181204
3181205
3181207
3181221
3181237
3181256
3181277
3181284
3181301
3181309
3181318
3181335
3181352
3181388
3181399
3181403
3181405
3181408
3181460
3181461
3181462
3181463
3181467
3181483
3181492
3181498
3181504
3181544
3181570
3181578
3181583
3181605
3181609
3181618
3181638
3181640
3181672
3181702
3181718
3181730
3181744
3181752
3181754
3181762
3181773
3181820
3181823
3181832
3181833
3181891
3181897
3181913
3181923
3181955
3181972
3181992
3181999
3182000
3182002
3182048
3182055
3182070
3182151
3182152
3182162
3182163
3182166
3182171
3182184
3182223
3182226
3182230
3182256
3182266
3182278
3182289
3182304
3182312
3182322
3182338
3182356
3182371
3182376
3182378
3182386
3182414
3182415
3182437
3182444
3182451
3182472
3182481
3182500
3182545
3182553
3182560
3182567
3182571
3182576
3182581
3182582
3182606
3182610
3182611
3182674
3182681
3183866
3183891
3183952
3183957
3183965
3183970
3184025
3184031
3184033
3184058
3184067
3184075
3184079
3184097
3184109
3184118
3184130
3184136
3184151
3184158
3184174
3184188
3184224
3184248
3184272
3184281
3184297
3184300
3184301
3184308
3184343
3184344
3184356
3184358
3184362
3184363
3184364
3184367
3184378
3184387
3184388
3184400
3184406
3184433
3184457
3184485
3184489
3184526
3184536
3184545
3184547
3184548
3184557
3184585
3184599
3184610
3184638
3184646
3184655
3184667
3184672
3184688
3184690
3184691
3184740
3184759
3184763
3184764
3184786
3184816
3184818
3184835
3184836
3184838
3184845
3184866
3184928
3184936
3184938
3184970
3184988
3185009
3185012
3185014
3185039
3185048
3185050
3185171
3185184
3185190
3185229
3185234
3185256
3185259
3185285
3185288
3185319
3185322
3185335
3185428
3186520
3186556
3186600
3186602
3186611
3186645
3186647
3186653
3186662
3186667
3186718
3186728
3186729
3186738
3186808
3186846
3186860
3186891
3186958
3187025
3187036
3187037
3187055
3187056
3187103
3187123
3187165
3187170
3187210
3187213
3187215
3187258
3187263
3187295
3187305
3187307
3187313
3187342
3187346
3187356
3187384
3187388
3187412
3187413
3187423
3187444
3187446
3187466
3187483
3187486
3187500
3187519
3187542
3187545
3187550
3187590
3187595
3187611
3187629
3187632
3187641
3187656
3187658
3187702
3187716
3187723
3187726
3187734
3187748
3187792
3187807
3187812
3187823
3187857
3187867
3187879
3187892
3187902
3187932
3187937
3187945
3187971
3187981
3188007
3188015
3188016
3188031
3188048
3188053
3188058
3188059
3188062
3188456
3190247
3190275
3190321
3190424
3190431
3190437
3190463
3190466
3190688
3190694
3190705
3190709
3190712
3190715
3190743
3190763
3190811
3190819
3190820
3190827
3190854
3190856
3190860
3190861
3191970
3192191
3192291
3192297
3192433
3192476
3192515
3192554
3192561
3192579
3192608
3192641
3192643
3192703
3192713
3192719
3192727
3192730
3192739
3192753
3192781
3192788
3192796
3192890
3192897
3192910
3192923
3192932
3192941
3192956
3192971
3193054
3193068
3193069
3193071
3193078
3193087
3193088
3193099
3193151
3193156
3193164
3193244
3193364
3193419
3193429
3193460
3193502
3193507
3193510
3193533
3194742
3194771
3194827
3194839
3194879
3194920
3194935
3194949
3194978
3194979
3195012
3195038
3195077
3195079
3195131
3195154
3195190
3195219
3195226
3195239
3195274
3195295
3195300
3195322
3195329
3195341
3195350
3195380
3195469
3195473
3195504
3195506
3195507
3195509
3195533
3195602
3195605
3195623
3195627
3195629
3195662
3195664
3195677
3195678
3195683
3195697
3195707
3195715
3195730
3195777
3195838
3195863
3195896
3195899
3195928
3195931
3195942
3195976
3195982
3195983
3195991
3196002
3196004
3196033
3196050
3196064
3196065
3196119
3196129
3196130
3196143
3196145
3196180
3196182
3196221
3196258
3196286
3196291
3196292
3196305
3197678
3197730
3197834
3197842
3197849
3197924
3198034
3198038
3198057
3198094
3198109
3198140
3198264
3198301
3198306
3198312
3198363
3198496
3198526
3198559
3198566
3198576
3198580
3198679
3198742
3198868
3198893
3198931
3198989
3199044
3199096
3199125
3199132
3199222
3199262
3199268
3199294
3199328
3199339
3199343
3199370
3199656
3199835
3199908
3199973
3199994
3200017
3200029
3200050
3200175
3200244
3200311
3200382
3200401
3200405
3200419
3200460
3200466
3200494
3200515
3200518
3200535
3200538
3200540
3200550
3200595
3200624
3200636
3200638
3200658
3200666
3200691
3200790
3200828
3203014
3203027
3203035
3203066
3203143
3203169
3203188
3203192
3203202
3203207
3203209
3203228
3203244
3203246
3203263
3203362
3203370
3203430
3203432
3203438
3203866
3203885
3203931
3203953
3203962
3203972
3204021
3204052
3204054
3204056
3204082
3204092
3204107
3204111
3204141
3204143
3204153
3204196
3204212
3204218
3204227
3204270
3204273
3204287
3204318
3204319
3204348
3204364
3204375
3204411
3204458
3204463
3208164
3208175
3208299
3208322
3208332
3208347
3208349
3208370
3208459
3208461
3208501
3208513
3208526
3208548
3208555
3208577
3208604
3208639
3208656
3208770
3208772
3209122
3209131
3209168
3209228
3209268
3209370
3209783
3209791
3209802
3209845
3210486
3210493
3210712
3210797
3213309
3213322
3213606
3213619
3213663
3213671
3213713
3213723
3213772
3213774
3213777
3213817
3213864
3213871
3213947
3213976
3213982
3214008
3214019
3214073
3214122
3214204
3214217
3214276
3214307
3214342
3214343
3214394
3214402
3214412
3214414
3214431
3214443
3214454
3214463
3214507
3214523
3214558
3214569
3214583
3214595
3214599
3214645
3214671
3214704
3214718
3214737
3214751
3214762
3214860
3214900
3214916
3214945
3214980
3214982
3214984
3215005
3215019
3215031
3215042
3215070
3215099
3215166
3215220
3215222
3215224
3215246
3215261
3215309
3215315
3215336
3215360
3215367
3215381
3215439
3215449
3215467
3215480
3215482
3215517
3215527
3215575
3215580
3215582
3215602
3215617
3215641
3215654
3215660
3215687
3215745
3215868
3215917
3215921
3215982
3215993
3215995
3216003
3216030
3216049
3216057
3216065
3216082
3216105
3216115
3216147
3216202
3216263
3216319
3216354
3216416
3216443
3216453
3216457
3216463
3216483
3216501
3216514
3216533
3216563
3216603
3218707
3218711
3218718
3218731
3218766
3218768
3218838
3218873
3218998
3219050
3219096
3219145
3219147
3219161
3219207
3219232
3219234
3219249
3219268
3219291
3219312
3219328
3219387
3219467
3219494
3219496
3219562
3219567
3219569
3219646
3219682
3219692
3219730
3219732
3219744
3219750
3219771
3219801
3219803
3219886
3219926
3219967
3219980
3219988
3220002
3220040
3220048
3220050
3220064
3220091
3220102
3220135
3220179
3220181
3220214
3220218
3220277
3220324
3220335
3220398
3220419
3220437
3220440
3220458
3220460
3220461
3220465
3220498
3220617
3220628
3220653
3220655
3220663
3220684
3220693
3220730
3220755
3220787
3220799
3220841
3220896
3220931
3220938
3220973
3221051
3221094
3221180
3221281
3221283
3221287
3221326
3221335
3221355
3221357
3221393
3221413
3221415
3221417
3221421
3221440
3221444
3221469
3221475
3221514
3221568
3221669
3221702
3221749
3221770
3223799
3223815
3223916
3224029
3224079
3224085
3224092
3224110
3224129
3224132
3224180
3224357
3224434
3224457
3224734
3224742
3224779
3224812
3224818
3224835
3224864
3224877
3224895
3224912
3224968
3224997
3225027
3225046
3225231
3225243
3225250
3225254
3225262
3225278
3225309
3225311
3225325
3225348
3225394
3225426
3225445
3225447
3225494
3225496
3225508
3225510
3225521
3225593
3225685
3225712
3225714
3225755
3225769
3225786
3225864
3225871
3225879
3225907
3225918
3226044
3226152
3226154
3226171
3226190
3226299
3226320
3226354
3226395
3226401
3226403
3226431
3226512
3226551
3226561
3226611
3226643
3226654
3226658
3226682
3226712
3226736
3226746
3226832
3226836
3226857
3226871
3226873
3226885
3226982
3227018
3227055
3227057
3227067
3227174
3227176
3228978
3229113
3229117
3229124
3229182
3229226
3229242
3229247
3229249
3229274
3229284
3229286
3229303
3229374
3229414
3229438
3229474
3229484
3229495
3229515
3229518
3229539
3229564
3229591
3229632
3229670
3229678
3229680
3229699
3229703
3229734
3229736
3229746
3229756
3229777
3229823
3229905
3229951
3230086
3230129
3230249
3230260
3230266
3230379
3230399
3230446
3230474
3230582
3230592
3230711
3230748
3230758
3230761
3230769
3230779
3230814
3230845
3230872
3230884
3230925
3231004
3231012
3231020
3231158
3231179
3231207
3231263
3231294
3231317
3231319
3231379
3231386
3231398
3231406
3231425
3231450
3231462
3231468
3231473
3231502
3231510
3231549
3231568
3231659
3231682
3231686
3231707
3231713
3231789
3231827
3231835
3231845
3231852
3231867
3231873
3231931
3231980
3231988
3232006
3232062
3232077
3232100
3232121
3232125
3232132
3232136
3232199
3232206
3234212
3234237
3234285
3234301
3234322
3234334
3234351
3234385
3234398
3234424
3234464
3234466
3234477
3234491
3234505
3234536
3234538
3234560
3234564
3234584
3234638
3234681
3234732
3234751
3234795
3234851
3234892
3234894
3234936
3234950
3234955
3234965
3234977
3234992
3235011
3235045
3235047
3235062
3235110
3235122
3235147
3235223
3235266
3235295
3235306
3235351
3235381
3235391
3235429
3235471
3235477
3235498
3235512
3235547
3235574
3235593
3235640
3235642
3235661
3235680
3235711
3235723
3235746
3235747
3235753
3235771
3235773
3235789
3235799
3235805
3235807
3235899
3235929
3235941
3235944
3235948
3235966
3236048
3236076
3236083
3236153
3236159
3236187
3236192
3236198
3236211
3236232
3236234
3236280
3236307
3236313
3236342
3236351
3236445
3236512
3236590
3236609
3236644
3236738
3236765
3236849
3236880
3236905
3236961
3236972
3237070
3237079
3237123
3237164
3237172
3237226
3237326
3237330
3237336
3239233
3239354
3239459
3239469
3239475
3239477
3239492
3239515
3239579
3239597
3239624
3239642
3239657
3239701
3239719
3239725
3239810
3239826
3239836
3239910
3239914
3239933
3239957
3239968
3240003
3240012
3240089
3240117
3240125
3240137
3240151
3240212
3240236
3240265
3240286
3240294
3240301
3240322
3240340
3240342
3240354
3240401
3240418
3240426
3240446
3240458
3240460
3240468
3240508
3240574
3240604
3240621
3240637
3240649
3240666
3240686
3240721
3240772
3240822
3240857
3240895
3240953
3241020
3241024
3241037
3241051
3241053
3241129
3241186
3241208
3241298
3241306
3241391
3241540
3241615
3241637
3241643
3241741
3241772
3241815
3241847
3241866
3241868
3241874
3241897
3241925
3241942
3241980
3242011
3242013
3242066
3242084
3242104
3242141
3242162
3242218
3242392
3242394
3242414
3242420
3244430
3244441
3244469
3244470
3244482
3244483
3244500
3244502
3244503
3244522
3244532
3244562
3244567
3244627
3244636
3244640
3244648
3244649
3244680
3244702
3244710
3244713
3244715
3244718
3244723
3244742
3244751
3244764
3244822
3244844
3244851
3244875
3244882
3244886
3244890
3244913
3244914
3244936
3244950
3244974
3244991
3245011
3245029
3245030
3245038
3245074
3245077
3245093
3245104
3245108
3245148
3245227
3245316
3245334
3245351
3245355
3245379
3245399
3245403
3245416
3245464
3245496
3245504
3245527
3245535
3245554
3245568
3245581
3245582
3245604
3245606
3245608
3245638
3245642
3245654
3245657
3245687
3245691
3245703
3245711
3245728
3245731
3245733
3245745
3245751
3245801
3245813
3245814
3245824
3245854
3245856
3245863
3245869
3245873
3245876
3245881
3245919
3245932
3245943
3245971
3245987
3246022
3246033
3246086
3247192
3247195
3247243
3247254
3247310
3247343
3247395
3247407
3247412
3247426
3247449
3247462
3247464
3247476
3247515
3247527
3247580
3247585
3247586
3247602
3247606
3247611
3247645
3247646
3247685
3247688
3247701
3247706
3247716
3247721
3247724
3247737
3247738
3247773
3247786
3247793
3247799
3247810
3247811
3247815
3247822
3247861
3247869
3247882
3247942
3247943
3247962
3247964
3247967
3247989
3247997
3248022
3248033
3248037
3248039
3248053
3248057
3248074
3248098
3248101
3248111
3248138
3248187
3248203
3248228
3248237
3248285
3248292
3248323
3248352
3248355
3248378
3248409
3248412
3248417
3248426
3248430
3248449
3248461
3248485
3248494
3248499
3248535
3248554
3248557
3248580
3248621
3248646
3248662
3248663
3248664
3248697
3248698
3248708
3248722
3248726
3248738
3248765
3248995
3249906
3249921
3249954
3249960
3249966
3249975
3249979
3249980
3249987
3250004
3250005
3250017
3250039
3250044
3250050
3250061
3250064
3250066
3250071
3250072
3250090
3250106
3250133
3250137
3250145
3250146
3250150
3250155
3250172
3250174
3250178
3250179
3250189
3250215
3250228
3250240
3250243
3250270
3250283
3250297
3250322
3250331
3250334
3250353
3250357
3250396
3250397
3250404
3250412
3250443
3250448
3250473
3250487
3250493
3250502
3250510
3250515
3250547
3250555
3250570
3250583
3250588
3250589
3250595
3250628
3250637
3250641
3250658
3250673
3250709
3250710
3250730
3250731
3250740
3250763
3250791
3250793
3250801
3250848
3250858
3250860
3250868
3250874
3250878
3250901
3250906
3250931
3250936
3250958
3250993
3250999
3251001
3251032
3251035
3251048
3251073
3251088
3251115
3251119
3251130
3251131
3251137
3251141
3251156
3251161
3251166
3251184
3251186
3251190
3251208
3251217
3251224
3251225
3251229
3251232
3251237
3251240
3251244
3251247
3251271
3251319
3251355
3251358
3251384
3251387
3251412
3251469
3251472
3251480
3251482
3251484
3251489
3251503
3251515
3251522
3251609
3252673
3252704
3252750
3252793
3252883
3252966
3252994
3253040
3253140
3253160
3253228
3253279
3253382
3253385
3253387
3253396
3253408
3253413
3253534
3253547
3253556
3253562
3253578
3253580
3253588
3253659
3253660
3253670
3253671
3253696
3253711
3253718
3253729
3253744
3253758
3253764
3253787
3253807
3253812
3253827
3253834
3253850
3253864
3253884
3253885
3253894
3253920
3253940
3253942
3253944
3253948
3253954
3253965
3253974
3253978
3253979
3253981
3253993
3254015
3254016
3254114
3254118
3254119
3254127
3254134
3254142
3254146
3254148
3254152
3254184
3254186
3254191
3254208
3254222
3254255
3254263
3254269
3255372
3255374
3255385
3255410
3255438
3255442
3255447
3255458
3255476
3255494
3255504
3255517
3255531
3255535
3255592
3255618
3255632
3255638
3255673
3255674
3255689
3255694
3255703
3255723
3255747
3255752
3255763
3255822
3255830
3255873
3255883
3255891
3255911
3255926
3255947
3255950
3255955
3255958
3255960
3255964
3255969
3255992
3256024
3256043
3256044
3256048
3256073
3256100
3256107
3256124
3256128
3256135
3256142
3256151
3256176
3256202
3256203
3256224
3256234
3256235
3256252
3256282
3256309
3256323
3256324
3256341
3256355
3256377
3256378
3256392
3256399
3256436
3256439
3256440
3256450
3256461
3256465
3256491
3256508
3256509
3256526
3256531
3256553
3256556
3256568
3256570
3256580
3256587
3256616
3256634
3256636
3256652
3256662
3256663
3256667
3256680
3256688
3256704
3256720
3256725
3256729
3256760
3256805
3256806
3256812
3256825
3256826
3256827
3256838
3256851
3256857
3256862
3256863
3256881
3256885
3256936
3256940
3256941
3256950
3256963
3258108
3258138
3258156
3258174
3258185
3258254
3258316
3258368
3258373
3258387
3258397
3258416
3258434
3258455
3258492
3258500
3258504
3258505
3258540
3258555
3258560
3258561
3258571
3258634
3258687
3258709
3258712
3258790
3258791
3258802
3258807
3258815
3259136
3259153
3259155
3259161
3259173
3259193
3259211
3259230
3259249
3259250
3259256
3259353
3259363
3259392
3259422
3259429
3259433
3259435
3259470
3259472
3259481
3259493
3259502
3259524
3259534
3259535
3259541
3259546
3259568
3259584
3259595
3259606
3259626
3259633
3259664
3259725
3259756
3259762
3259798
3260876
3260881
3260883
3260910
3260914
3260917
3260934
3260970
3260997
3261051
3261072
3261074
3261101
3261522
3261529
3261531
3261538
3261542
3261547
3261551
3261586
3261633
3261649
3261660
3261670
3261682
3261691
3261697
3261698
3261710
3261731
3261759
3261766
3261772
3261776
3261794
3261847
3261848
3261867
3261894
3261910
3261940
3261951
3261953
3261976
3261996
3261997
3262002
3262006
3262010
3262026
3262037
3262063
3262077
3262078
3262086
3262091
3262098
3262134
3262139
3262141
3262180
3262189
3262190
3262199
3262200
3262201
3262267
3262269
3262274
3262296
3262317
3262339
3262342
3262370
3262407
3262480
3262486
3262489
3262490
3262497
3262498
3262499
3263667
3263680
3263696
3263697
3263702
3263709
3263722
3263731
3263760
3263764
3263791
3263806
3263840
3263841
3263859
3263891
3263904
3263950
3263957
3263978
3263996
3264013
3264039
3264045
3264082
3264125
3264130
3264138
3264171
3264180
3264208
3264245
3264268
3264272
3264274
3264285
3264286
3264295
3264321
3264325
3264329
3264340
3264345
3264360
3264366
3264370
3264391
3264402
3264407
3264444
3264464
3264465
3264466
3264531
3264540
3264552
3264576
3264579
3264597
3264607
3264671
3264695
3264716
3264724
3264742
3264748
3264773
3264804
3264838
3264881
3264920
3264953
3264992
3265007
3265032
3265135
3265163
3265170
3265203
3265256
3265262
3265295
3265308
3265314
3265322
3265335
3265378
3265426
3265457
3265475
3265503
3265524
3265615
3265617
3265647
3265668
3265669
3265673
3265720
3265742
3265806
3265849
3265924
3267957
3267959
3268028
3268055
3268065
3268073
3268094
3268099
3268105
3268115
3268128
3268132
3268151
3268165
3268167
3268171
3268186
3268196
3268246
3268329
3268365
3268385
3268393
3268443
3268445
3268452
3268464
3268551
3268560
3268572
3268618
3268621
3268652
3268654
3268720
3268731
3268876
3268975
3268993
3269150
3269205
3269243
3269280
3269295
3269305
3269310
3269355
3269359
3269363
3269388
3269392
3269409
3269425
3269446
3269456
3269510
3269534
3269593
3269619
3269636
3269698
3269704
3269708
3269722
3269723
3269731
3269806
3269854
3269904
3269921
3269992
3270013
3270025
3270038
3270077
3270112
3270123
3270233
3270246
3270281
3270332
3270349
3270353
3270370
3270393
3270409
3270468
3270470
3270491
3270493
3270518
3270533
3270554
3270584
3270683
3270731
3270761
3270847
3271193
3273331
3273509
3273515
3273517
3273533
3273550
3273564
3273577
3273600
3273618
3273699
3273705
3273759
3273769
3273771
3273783
3273812
3273845
3273851
3273866
3273961
3273986
3274019
3274023
3274038
3274040
3274048
3274071
3274114
3274126
3274143
3274165
3274180
3274188
3274196
3274289
3274313
3274377
3274383
3274400
3274445
3274452
3274474
3274495
3274515
3274529
3274550
3274596
3274647
3274680
3274690
3274706
3274772
3274790
3274798
3274815
3274819
3274866
3274871
3274909
3275001
3275044
3275069
3275081
3275085
3275147
3275167
3275176
3275178
3275252
3275264
3275311
3275325
3275346
3275391
3275412
3275446
3275453
3275548
3275554
3275562
3275579
3275589
3275616
3275641
3275653
3275671
3275675
3275718
3275734
3275789
3275803
3275813
3275834
3275844
3275871
3275915
3275943
3275945
3275966
3276060
3276082
3276109
3276119
3276134
3276209
3276213
3276511
3276514
3276530
3276534
3278719
3278739
3278743
3322377
3322427
3322560
3323018
3323051
3323625
3323868
3323949
3324007
3324020
3324032
3324045
3324104
3324182
3330421
3330436
3330494
3330579
3330589
3331264
3331279
3331549
3331730
3331784
3332416
3334598
3334601
3334705
3334711
3334746
3334775
3334834
3335474
3335732
3336148
3336314
3336318
3336354
3336358
3336389
3340342
3340346
3340386
3341681
3341712
3341726
3341749
3341803
3341815
3341827
3341837
3341866
3341885
3341906
3341940
3342017
3342031
3342043
3342054
3342061
3342073
3342079
3342142
3342158
3342162
3342175
3342180
3342231
3342235
3342250
3342283
3342323
3342333
3342337
3342353
3342420
3342439
3342459
3342476
3342478
3342494
3342498
3342512
3342546
3342564
3342567
3342569
3342570
3342609
3342636
3342686
3342700
3342708
3342712
3342730
3342753
3342769
3342790
3342849
3342871
3342877
3342908
3342954
3342974
3343051
3343077
3343082
3343106
3343115
3343124
3343135
3343174
3343182
3343224
3343241
3343276
3343288
3343327
3343344
3343346
3343347
3343392
3343400
3343425
3343446
3343470
3343473
3343474
3343495
3343526
3343567
3343584
3343598
3343602
3343609
3343615
3343627
3343644
3343646
3343648
3343742
3343772
3343773
3343790
3343796
3343814
3343829
3343837
3343838
3343841
3343853
3343858
3343866
3343881
3343905
3343930
3343943
3343957
3343960
3343962
3343966
3343977
3343980
3344014
3344015
3344022
3344025
3344058
3344061
3344074
3344113
3344117
3344158
3344172
3344174
3344187
3344198
3344200
3344202
3344214
3344230
3344301
3344321
3344325
3344386
3344423
3344427
3344465
3344485
3344498
3344507
3344515
3344528
3344546
3344549
3344565
3344579
3344584
3344590
3344593
3344602
3344604
3344615
3344652
3344679
3344713
3344726
3344748
3344765
3344776
3344790
3344814
3344823
3344828
3344833
3344848
3344910
3344921
3344931
3344934
3344941
3344948
3344957
3344969
3344978
3345020
3345038
3345042
3345060
3345066
3345079
3345089
3345096
3345098
3345109
3345155
3345170
3345176
3345217
3345234
3345261
3345266
3345276
3345294
3345314
3345316
3345320
3345338
3345342
3345345
3345353
3345375
3345391
3345415
3345449
3345466
3345481
3345497
3345498
3345507
3345533
3345548
3345562
3345568
3345573
3345579
3345603
3345605
3345609
3345612
3345614
3345646
3345648
3345650
3345678
3345686
3345715
3345725
3345739
3345741
3345755
3345759
3345763
3345774
3345780
3345810
3345822
3345850
3345853
3345858
3345870
3345875
3345884
3345891
3345922
3345934
3345961
3345971
3345977
3345978
3345980
3345988
3346060
3346061
3346099
3346124
3346126
3346131
3346137
3346152
3346154
3346161
3346162
3346173
3346190
3346214
3346217
3346222
3346295
3346296
3346349
3346393
3346429
3346433
3346489
3346502
3346520
3346557
3346561
3346565
3346566
3346567
3346575
3346582
3346584
3346597
3346602
3346606
3346663
3346690
3346693
3346697
3346726
3346727
3346773
3346779
3346847
3346853
3346885
3346887
3346909
3346915
3346958
3346966
3346980
3347004
3347009
3347025
3347033
3347040
3347072
3347077
3347100
3347125
3347135
3347136
3347163
3347165
3347214
3347218
3347222
3347227
3347242
3347283
3347287
3347312
3347333
3347357
3347377
3347382
3347392
3347410
3347428
3347439
3347475
3347491
3347496
3347545
3347564
3347571
3347578
3347596
3347613
3347645
3347650
3347659
3347673
3347674
3347686
3347690
3347727
3347743
3347780
3347796
3347802
3347818
3347829
3347866
3347874
3347894
3347912
3347919
3347950
3347965
3347973
3347982
3347991
3348075
3348083
3348107
3348122
3348149
3348157
3348199
3348223
3348231
3348262
3348663
3349033
3350876
3351782
3351794
3351851
3351870
3351919
3351922
3351942
3351951
3351965
3351980
3352013
3352015
3352022
3352061
3352062
3352067
3352094
3352115
3352128
3352130
3352132
3352147
3352175
3352187
3352198
3352231
3352240
3352243
3352246
3352300
3352321
3352347
3352353
3352358
3352370
3352371
3352376
3352398
3352437
3352505
3352540
3352544
3352553
3352594
3352600
3352609
3352617
3352620
3352626
3352628
3352638
3352640
3352644
3352685
3352718
3352720
3352734
3352737
3352748
3352756
3352788
3352798
3352830
3352840
3352864
3352877
3352884
3352887
3352910
3352948
3352954
3352955
3352966
3352977
3353004
3353012
3353026
3353031
3353038
3353044
3353052
3353064
3353080
3353082
3353121
3353138
3353184
3353189
3353206
3353238
3353247
3353254
3353267
3353276
3353283
3353295
3353297
3353300
3353313
3353322
3353326
3353341
3353355
3353359
3353398
3353399
3353419
3353421
3353422
3353425
3353428
3353437
3353459
3353462
3353470
3353471
3353487
3353503
3353506
3353516
3353525
3353546
3353556
3353558
3353566
3353587
3353590
3353591
3353597
3353599
3353604
3353630
3353661
3353664
3353678
3353686
3353687
3353704
3353753
3353763
3353804
3353809
3353827
3353861
3353883
3353885
3353894
3353903
3353907
3353912
3353919
3353921
3353927
3353940
3353954
3353981
3353989
3354000
3354005
3354044
3354047
3354048
3354076
3354080
3354092
3354093
3354105
3354122
3354152
3354191
3354209
3354222
3354229
3354235
3354241
3354244
3354253
3354260
3354271
3354286
3354293
3354353
3354368
3354415
3354429
3354451
3354456
3354472
3354482
3354502
3354528
3354529
3354580
3354584
3354611
3354638
3354641
3354646
3354660
3354661
3354663
3354699
3354720
3354754
3354777
3354788
3354789
3354824
3354830
3354855
3354871
3354884
3354894
3354917
3354927
3354950
3354988
3354989
3354992
3355068
3355080
3355090
3355102
3355128
3355146
3355150
3355171
3355277
3355295
3355299
3356025
3356460
3356524
3356615
3356623
3356753
3356783
3356899
3356958
3357042
3357088
3357169
3357230
3357278
3357509
3357560
3357568
3357591
3357677
3357685
3357721
3357779
3357899
3357959
3358072
3358132
3358202
3358214
3358238
3358393
3358421
3358489
3358493
3358515
3358541
3358545
3358580
3358632
3358648
3358676
3358678
3358706
3358741
3358755
3358817
3358821
3358824
3358850
3358852
3358862
3358863
3358903
3358915
3358919
3358948
3358954
3358977
3358996
3358997
3359008
3359037
3359053
3359086
3359105
3359114
3359138
3359139
3359173
3359178
3359212
3359248
3359259
3359260
3359285
3359292
3359304
3359321
3359327
3359329
3359334
3359352
3359382
3359383
3359423
3359426
3359459
3359462
3359473
3359478
3359493
3359495
3359504
3359553
3359561
3359568
3359578
3359579
3359641
3359669
3359671
3359673
3359678
3359680
3359694
3359699
3359703
3359730
3359739
3359752
3359786
3359791
3359800
3359851
3359861
3359873
3359905
3359912
3360023
3360024
3360042
3360047
3360080
3360114
3360135
3360202
3360211
3360220
3360221
3360232
3360248
3360250
3360251
3360268
3360275
3360308
3360326
3360337
3360439
3360449
3360455
3360468
3360485
3360491
3360525
3360579
3360602
3360603
3360629
3360647
3360669
3360671
3360713
3360719
3360725
3360742
3360743
3360757
3360772
3360778
3360796
3360807
3360899
3360931
3360934
3360944
3360974
3361015
3361039
3361045
3361129
3361151
3361160
3361166
3361196
3361256
3361272
3361276
3361305
3361317
3361335
3361337
3361343
3361359
3361367
3361395
3361408
3361409
3361418
3361429
3361445
3361489
3361579
3361582
3361617
3361623
3361639
3361668
3361675
3361716
3361765
3361774
3361780
3361789
3361807
3361840
3361865
3361918
3361964
3362059
3362163
3362174
3362194
3362202
3362212
3362266
3362309
3362318
3362416
3362434
3362449
3362539
3362567
3362592
3362655
3362701
3362713
3362778
3362796
3362800
3362830
3362836
3362879
3362891
3362897
3362949
3362970
3363015
3363101
3363122
3363161
3363164
3363181
3363187
3363188
3363190
3363201
3363216
3363218
3363275
3363280
3363293
3363295
3363296
3363299
3363329
3363347
3363354
3363372
3363393
3363395
3363405
3363406
3363466
3363540
3363564
3363571
3363577
3363583
3363610
3363616
3363633
3363636
3363666
3363715
3363718
3363735
3363750
3363772
3363773
3363793
3363819
3363878
3363947
3363958
3363971
3364036
3364066
3364079
3364082
3364137
3364200
3364201
3364203
3364205
3364217
3364224
3364291
3364402
3364413
3364427
3364437
3364448
3364451
3364488
3364500
3364529
3364537
3364593
3364603
3364616
3364662
3364678
3364683
3364720
3364743
3364748
3364755
3364831
3364835
3364880
3364889
3364890
3364894
3364915
3364926
3364954
3364960
3364979
3365000
3365010
3365021
3365058
3365070
3365080
3365085
3365094
3365107
3365135
3365159
3365160
3365162
3365184
3365199
3365204
3365212
3365224
3365228
3365244
3365270
3365304
3365328
3365352
3365359
3365417
3365442
3365444
3365490
3365495
3365509
3365523
3365541
3365558
3365578
3365582
3365658
3365666
3365678
3365711
3365722
3365726
3365752
3365780
3365803
3365879
3365891
3365901
3365921
3365940
3365969
3365973
3365978
3365996
3366001
3366003
3366004
3366034
3366035
3366041
3366054
3366074
3366075
3366084
3366089
3366153
3366157
3366158
3366160
3366245
3366279
3366300
3366316
3366336
3366345
3366361
3366379
3366385
3366400
3366402
3366445
3366450
3366457
3366459
3366488
3366497
3366506
3366515
3366567
3366574
3366609
3366636
3366662
3366667
3366690
3366709
3366727
3366731
3366735
3366746
3366765
3366766
3366813
3366850
3366854
3366858
3366868
3366894
3366908
3366932
3366956
3366967
3366971
3366979
3366997
3367008
3367038
3367071
3367083
3367089
3367147
3367167
3367180
3367199
3367239
3367246
3367247
3367251
3367255
3367268
3367304
3367310
3367320
3367335
3367343
3367438
3367472
3367501
3367502
3367503
3367511
3367529
3367534
3367667
3367673
3367678
3367686
3367687
3367721
3367745
3367802
3367812
3367821
3367848
3367871
3367872
3367882
3367891
3367893
3367894
3367928
3368003
3368009
3368023
3368034
3368038
3368056
3368105
3368110
3368121
3368193
3368260
3368309
3368339
3368347
3368364
3368367
3368379
3368387
3368390
3368399
3368494
3368534
3368539
3368553
3368567
3368577
3368619
3368645
3368654
3368665
3368708
3368768
3368781
3368790
3368810
3368821
3368904
3373598
3373604
3373612
3373657
3373667
3373737
3373753
3373756
3373776
3373812
3373814
3373820
3373834
3373849
3373886
3373890
3373996
3374005
3374021
3374083
3374093
3374094
3374095
3374117
3374119
3374138
3374162
3374239
3374280
3374292
3374306
3374362
3374394
3374409
3374411
3374429
3374437
3374442
3374450
3374465
3374489
3374516
3374517
3374539
3374545
3374562
3374590
3374623
3374677
3374727
3374782
3374791
3374797
3374818
3374822
3374830
3374843
3374858
3374868
3374889
3374891
3374916
3374922
3374934
3374979
3374987
3374992
3375016
3375051
3375053
3375055
3375062
3375065
3375086
3375088
3375095
3375115
3375151
3375158
3375207
3375220
3375225
3375235
3375243
3375257
3375260
3375265
3375271
3375297
3375325
3375334
3375376
3375422
3375425
3375440
3375444
3375454
3375479
3375480
3375488
3375489
3375497
3375500
3375503
3375506
3375527
3375574
3375583
3375593
3375606
3375610
3375629
3375645
3375676
3375706
3375717
3375740
3375745
3375761
3375775
3375791
3375856
3375863
3375866
3375885
3375904
3375931
3375939
3375990
3375994
3375996
3376013
3376050
3376080
3376118
3376144
3376147
3376167
3376200
3376216
3376239
3376253
3376285
3376320
3376321
3376337
3376348
3376349
3376353
3376374
3376382
3376390
3376408
3376410
3376418
3376432
3376446
3376452
3376459
3376472
3376474
3376509
3376523
3376573
3376577
3376580
3376595
3376623
3376624
3376648
3376660
3376672
3376695
3376702
3376737
3376771
3376778
3376796
3376800
3376817
3376831
3376832
3376867
3376879
3376891
3376895
3376960
3376965
3376992
3377008
3377093
3377102
3377105
3377108
3377117
3377142
3377146
3377154
3377163
3377186
3377262
3377263
3377266
3377319
3377330
3377332
3377347
3377364
3377419
3377429
3377451
3377462
3377466
3377484
3377508
3377514
3377535
3377565
3377585
3377597
3377602
3377630
3377642
3377645
3377653
3377660
3377687
3377698
3377714
3377733
3377744
3377764
3377770
3377778
3377819
3377827
3377865
3377870
3377872
3377880
3377883
3377919
3377933
3377966
3377969
3377970
3377973
3377990
3378045
3378049
3378078
3378085
3378091
3378104
3378109
3378113
3378115
3378117
3378147
3378152
3378167
3378192
3378194
3378197
3378218
3378225
3378228
3378240
3378244
3378253
3378255
3378256
3378264
3378293
3378328
3378339
3378353
3378357
3378376
3378387
3378392
3378393
3378408
3378419
3378421
3378440
3378476
3378491
3378501
3378508
3378511
3378515
3378517
3378535
3378566
3378576
3378615
3378641
3378666
3378670
3378675
3378693
3378710
3378713
3378762
3378763
3378775
3378777
3378832
3378860
3378864
3378884
3378914
3378956
3378962
3378966
3379019
3379051
3379068
3379079
3379096
3379111
3379147
3379155
3379198
3379209
3379224
3379235
3379236
3379337
3379340
3379348
3379360
3379374
3379393
3379410
3379433
3379445
3379448
3379495
3379500
3379537
3379559
3379583
3379586
3379595
3379669
3379727
3379729
3379781
3379856
3379864
3379905
3379949
3379960
3380008
3380012
3380520
3380600
3380641
3380762
3380794
3380849
3380857
3380895
3380915
3381069
3381070
3381131
3381186
3381227
3381284
3381300
3381308
3381311
3381319
3381331
3381344
3381418
3381426
3381434
3381435
3381478
3381557
3381561
3381589
3381728
3381744
3381773
3381825
3381845
3381861
3381916
3381918
3381980
3382009
3382063
3382173
3382185
3382325
3382392
3382598
3382701
3382737
3382785
3382796
3382908
3382932
3382940
3383064
3383196
3383212
3383224
3383236
3383260
3383296
3383320
3383423
3383460
3383656
3383693
3383732
3383760
3383842
3383861
3383867
3383933
3383983
3384014
3384024
3384030
3384122
3384130
3384147
3384160
3384232
3384234
3384235
3384269
3384314
3384325
3384333
3384357
3384361
3384389
3384459
3384490
3384491
3384495
3384526
3384572
3384576
3384582
3384647
3384653
3384687
3384720
3384914
3384926
3384938
3384963
3384978
3384980
3384982
3384994
3385048
3385074
3385083
3385101
3385106
3385125
3385172
3385182
3385188
3385191
3385224
3385255
3385302
3385303
3385346
3385348
3385367
3385451
3385459
3385460
3385466
3385490
3385545
3385549
3385558
3385563
3385570
3385611
3385646
3385651
3385663
3385674
3385678
3385682
3385688
3385703
3385708
3385761
3385806
3385824
3385859
3385882
3385884
3385886
3385890
3385892
3385900
3385948
3385949
3385954
3385999
3386039
3386041
3386044
3386048
3386056
3386095
3386120
3386153
3386191
3386211
3386217
3386226
3386235
3386263
3386274
3386278
3386288
3386293
3386309
3386317
3386370
3386373
3386426
3386428
3386466
3386523
3386563
3386569
3386572
3386578
3386581
3386624
3386629
3386649
3386670
3386674
3386681
3386684
3386698
3386703
3386721
3386741
3386755
3386757
3386770
3386774
3386788
3386799
3386810
3386816
3386820
3386829
3386844
3386856
3386857
3386863
3386888
3386896
3386957
3386972
3386980
3387030
3387033
3387102
3387106
3387118
3387153
3387159
3387210
3387233
3387240
3387261
3387299
3387308
3387312
3387325
3387350
3387358
3387363
3387367
3387376
3387380
3387401
3387403
3387417
3387482
3387513
3387518
3387523
3387550
3387582
3387597
3387630
3387668
3387675
3387753
3387776
3387784
3387825
3387852
3387875
3387896
3387921
3387925
3387934
3387971
3387980
3387983
3387995
3388002
3388003
3388021
3388025
3388044
3388047
3388092
3388118
3388125
3388145
3388153
3388162
3388174
3388206
3388264
3388296
3388299
3388323
3388327
3388386
3388389
3388401
3388420
3388431
3388470
3388486
3388494
3388499
3388519
3388530
3388557
3388585
3388606
3388624
3388632
3388634
3388640
3388718
3388754
3388786
3388794
3388804
3388833
3388840
3388870
3388912
3388942
3389009
3389021
3389040
3389048
3389086
3389099
3389120
3389122
3389146
3389157
3389187
3389201
3389204
3389216
3389247
3389250
3389280
3389281
3389352
3389360
3389362
3389375
3389406
3389415
3389417
3389425
3389436
3389449
3389477
3389486
3389494
3389527
3389555
3389559
3389572
3389613
3389620
3389621
3389631
3389643
3389655
3389668
3389694
3389709
3389719
3389725
3389740
3389753
3389774
3389777
3389786
3389794
3389797
3389820
3389836
3389856
3389873
3389874
3389886
3389894
3389938
3389986
3390011
3390018
3390025
3390026
3390109
3390110
3390122
3390160
3390204
3390260
3390264
3390279
3390283
3390303
3390356
3390368
3390369
3390386
3390420
3390437
3390491
3390495
3390550
3390589
3390645
3390673
3390908
3390932
3390949
3390954
3390977
3391002
3391069
3391128
3391276
3391339
3391375
3395176
3395183
3395216
3395273
3395275
3395291
3395311
3395329
3395352
3395371
3395372
3395380
3395388
3395400
3395414
3395423
3395444
3395456
3395482
3395489
3395492
3395501
3395506
3395517
3395600
3395644
3395646
3395660
3395674
3395678
3395682
3395693
3395698
3395702
3395703
3395715
3395778
3395794
3395797
3395808
3395820
3395858
3395862
3395864
3395876
3395899
3395906
3395945
3395960
3395973
3395974
3395976
3395982
3396040
3396048
3396050
3396062
3396068
3396074
3396112
3396133
3396157
3396164
3396222
3396321
3396333
3396334
3396336
3396338
3396341
3396361
3396365
3396368
3396399
3396407
3396408
3396425
3396432
3396439
3396456
3396460
3396468
3396472
3396476
3396485
3396501
3396524
3396561
3396571
3396584
3396605
3396631
3396640
3396648
3396688
3396695
3396706
3396710
3396712
3396725
3396731
3396745
3396755
3396813
3396817
3396828
3396835
3396854
3396863
3396868
3396873
3396894
3396917
3396929
3396941
3396969
3396974
3396975
3396998
3397019
3397090
3397103
3397108
3397128
3397155
3397201
3397207
3397214
3397252
3397257
3397264
3397268
3397272
3397297
3397300
3397330
3397367
3397378
3397383
3397397
3397413
3397456
3397479
3397540
3397624
3397642
3397664
3397675
3397685
3397693
3397698
3397728
3397738
3397741
3397758
3397800
3397836
3397927
3397947
3397961
3397975
3397981
3398016
3398088
3398114
3398126
3398129
3398138
3398212
3398218
3398232
3398251
3398271
3398274
3398280
3398296
3398301
3398303
3398345
3398364
3398378
3398402
3398403
3398411
3398430
3398442
3398465
3398500
3398547
3398585
3398595
3398672
3398678
3398718
3398759
3398764
3398783
3398937
3399046
3399139
3399177
3399206
3399207
3399230
3399266
3399286
3399295
3399369
3399447
3399527
3399531
3399572
3399601
3399616
3399646
3399650
3399675
3399697
3399754
3399814
3399834
3399839
3399847
3399874
3399956
3400006
3400016
3400037
3400039
3400069
3400085
3400126
3400129
3400164
3400173
3400174
3400189
3400231
3400236
3400239
3400252
3400302
3400307
3400313
3400328
3400338
3400348
3400353
3400361
3400388
3400402
3400467
3400502
3400512
3400598
3400654
3400658
3400678
3400694
3400711
3400723
3400748
3400767
3400790
3400835
3400860
3400955
3400974
3401014
3401022
3401042
3401044
3401048
3401061
3401109
3401114
3401171
3401213
3401242
3401245
3401295
3401365
3401383
3401411
3401439
3401539
3401822
3401868
3402047
