2979135
2979137
2979146
2979164
2979177
2979198
2979204
2979256
2979257
2979285
2979302
2979679
2979682
2979754
2979757
2979771
2979772
2979773
2979775
2979785
2979821
2979867
2979870
3034938
3034942
3034977
3035043
3035045
3035110
3035136
3035190
3035242
3035360
3035709
3035730
3035746
3035779
3035801
3035815
3035845
3035855
3035889
3035899
3035913
3035948
3035950
3035952
3035971
3035981
3036084
3036085
3036104
3036113
3036145
3036148
3036169
3036172
3036175
3036183
3036191
3036208
3036221
3036346
3036355
3036363
3036370
3036390
3036469
3036499
3036501
3036520
3037751
3037869
3037881
3037884
3037912
3038127
3038154
3038162
3038193
3038195
3038211
3038228
3038229
3038237
3038282
3038309
3038349
3038430
3038475
3038476
3038560
3038601
3038605
3038650
3038681
3038686
3038805
3038852
3038886
3038947
3038963
3038971
3039024
3039058
3039122
3039163
3039187
3039197
3040354
3040359
3040391
3040411
3040423
3040428
3040455
3040638
3040658
3040683
3040685
3040824
3040849
3040904
3040951
3040962
3040972
3040991
3040997
3041021
3041071
3041083
3041087
3041096
3041107
3041136
3041141
3041178
3041190
3041210
3041293
3041322
3041367
3041425
3041441
3041447
3041450
3041454
3041494
3041497
3041498
3041508
3041567
3041579
3041634
3041652
3041680
3041772
3041793
3041812
3041820
3041828
3041970
3041984
3043084
3043106
3043313
3043377
3043389
3043437
3043519
3043560
3043568
3043586
3043611
3043649
3043748
3043773
3043812
3043868
3043870
3043892
3043899
3043915
3043952
3043963
3043987
3043998
3044013
3044014
3044090
3044094
3044099
3044107
3044115
3044131
3044170
3044173
3044199
3044203
3044205
3044219
3044225
3044226
3044232
3044238
3044370
3044375
3044388
3044393
3044486
3044504
3044610
3044629
3045699
3045701
3045719
3045778
3045787
3045798
3045815
3045892
3045924
3045925
3045973
3045977
3046028
3046052
3046061
3046080
3046123
3046182
3046191
3046194
3046209
3046218
3046240
3046278
3046290
3046294
3046297
3046468
3046478
3046517
3046518
3046536
3046539
3046568
3046612
3046617
3046660
3046672
3046687
3046697
3046757
3046771
3046795
3046800
3046811
3046837
3046879
3046908
3046920
3046946
3046959
3046965
3046967
3047044
3047071
3047082
3047085
3047099
3047151
3047164
3047165
3047280
3047287
3047292
3047304
3047305
3047321
3047380
3048418
3048435
3048467
3048599
3048610
3048612
3048616
3048617
3048647
3048649
3048651
3048657
3048666
3048670
3048689
3048701
3048780
3048830
3048833
3048841
3048860
3048875
3048920
3048938
3048958
3048964
3049018
3049025
3049035
3049039
3049040
3049048
3049056
3049078
3049133
3049222
3049226
3049242
3049268
3049282
3049285
3049288
3049327
3049344
3049347
3049436
3049437
3049452
3049470
3049515
3049549
3049553
3049562
3049599
3049621
3049646
3049647
3049673
3049712
3049713
3049727
3049758
3049850
3049860
3049863
3051160
3051251
3051276
3051277
3051471
3051514
3051525
3051575
3051576
3051592
3051598
3051607
3051611
3051627
3051648
3051672
3051694
3051723
3051804
3051905
3051931
3051935
3051963
3051978
3051992
3052011
3052021
3052027
3052037
3052131
3052139
3052141
3052169
3052191
3052214
3052249
3052268
3052277
3052309
3052403
3052442
3052446
3052469
3052497
3052507
3052599
3052608
3052609
3052640
3052642
3052656
3052714
3052721
3052726
3052727
3052761
3052799
3052823
3052882
3052909
3052950
3052952
3052957
3053001
3053010
3053015
3053037
3053038
3053055
3053069
3053120
3053129
3053139
3053159
3053180
3053188
3053230
3053252
3053254
3053288
3053327
3053351
3053356
3054474
3054507
3054533
3054536
3054619
3054623
3054635
3054644
3054651
3054655
3054708
3054824
3054850
3054860
3054869
3054876
3054903
3054907
3055018
3055040
3055041
3055045
3055060
3055069
3055252
3055572
3055652
3055724
3055768
3055795
3055873
3055899
3055924
3055928
3055991
3056050
3056594
3056620
3056625
3056662
3056663
3056665
3056673
3056695
3056711
3056726
3056765
3056824
3056832
3056838
3056845
3056859
3056921
3056950
3056955
3056966
3056972
3056993
3057031
3057059
3057074
3057119
3057141
3057147
3057198
3057200
3057201
3057212
3057230
3057279
3057324
3057348
3057391
3057436
3057457
3057512
3057543
3057557
3057569
3057595
3057621
3057643
3057654
3057722
3058743
3058816
3058820
3058855
3059072
3059298
3059302
3059324
3059326
3059451
3059461
3059542
3059581
3059669
3059736
3059778
3059807
3059810
3059823
3059846
3059857
3059868
3059877
3059960
3060025
3060100
3060112
3060123
3060168
3060195
3060198
3060240
3060241
3060251
3060296
3060305
3060353
3060356
3060406
3061448
3061467
3061504
3061552
3061606
3061683
3061709
3061736
3061747
3061854
3061877
3061879
3061885
3061907
3061927
3061945
3061971
3061975
3061990
3062008
3062037
3062043
3062045
3062060
3062079
3062082
3062144
3062157
3062173
3062182
3062195
3062216
3062264
3062278
3062284
3062320
3062328
3062350
3062361
3062362
3062376
3062382
3062400
3062435
3062442
3062484
3062494
3062530
3062539
3062583
3062637
3062662
3062675
3062713
3062715
3062718
3062752
3062824
3062831
3062841
3062856
3062935
3062984
3063000
3063076
3063083
3064255
3064272
3064284
3064295
3064319
3064351
3064384
3064392
3064503
3064553
3064615
3064626
3064742
3064786
3064801
3064852
3064916
3064927
3064952
3064958
3065007
3065019
3065028
3065107
3065390
3065401
3065402
3065418
3065442
3065467
3065473
3065475
3065478
3065486
3065552
3065567
3065602
3065796
3066795
3066800
3066868
3066916
3066966
3067021
3067024
3067032
3067158
3067176
3067193
3067206
3067250
3067261
3067262
3067311
3067320
3067349
3067384
3067385
3067386
3067395
3067426
3067440
3067441
3067445
3067450
3067520
3067558
3067601
3067623
3067677
3067697
3067702
3067704
3067716
3067741
3067765
3067819
3067831
3067874
3067897
3067900
3067911
3067924
3067992
3068012
3068024
3068113
3068117
3068128
3068220
3068221
3068223
3068248
3068265
3068304
3068330
3068374
3068387
3068438
3068441
3069538
3069543
3069642
3069645
3069674
3069693
3069696
3069733
3069843
3069872
3069904
3069911
3069987
3070153
3070261
3070348
3070352
3070367
3070370
3070403
3070432
3070480
3070600
3070630
3070751
3070844
3070911
3070932
3071019
3071100
3071121
3071222
3071262
3072246
3072247
3072444
3072475
3072492
3072523
3072536
3072606
3072637
3072658
3072694
3072704
3072726
3072733
3072767
3072777
3072801
3072910
3072915
3072956
3072994
3073061
3073074
3073129
3073141
3073154
3073176
3073247
3073265
3073274
3073328
3073376
3073377
3073414
3073434
3073452
3073526
3073549
3073591
3073598
3073602
3073669
3073761
3073825
3073840
3073924
3073952
3073960
3074987
3074992
3075006
3075009
3075057
3075074
3075075
3075088
3075102
3075137
3075147
3075184
3075238
3075241
3075256
3075273
3075283
3075319
3075382
3075404
3075438
3075450
3075453
3075560
3075561
3075609
3075683
3075721
3075723
3075750
3075753
3075785
3075788
3075796
3075856
3075929
3075968
3076045
3076081
3076098
3076116
3076153
3076162
3076175
3076213
3076221
3076306
3076339
3076361
3076389
3076393
3076481
3076493
3076503
3077662
3077673
3077851
3077852
3077898
3077909
3077922
3077926
3077951
3077967
3077971
3077978
3078036
3078044
3078131
3078137
3078221
3078246
3078259
3078287
3078327
3078393
3078395
3078416
3078481
3078484
3078553
3078589
3078649
3078672
3078694
3078709
3078734
3078744
3078784
3078804
3078890
3078962
3078969
3079079
3079119
3079135
3079180
3079206
3079225
3079239
3079264
3079268
3079293
3079350
3079364
3080392
3080401
3080406
3080411
3080426
3080474
3080475
3080565
3080577
3080597
3080643
3080665
3080780
3080786
3080789
3080810
3080846
3080851
3080937
3080956
3081011
3081092
3081113
3081137
3081162
3081166
3081173
3081186
3081190
3081208
3081266
3081267
3081294
3081297
3081348
3081694
3081725
3081733
3081807
3081817
3081845
3081856
3081860
3081921
3081938
3082079
3082093
3082107
3083114
3083173
3083257
3083272
3083273
3083348
3083368
3083371
3083372
3083381
3083424
3083452
3083486
3083506
3083512
3083534
3083552
3083613
3083676
3083683
3083688
3083694
3083708
3083720
3083739
3083806
3083820
3083843
3083863
3083884
3083891
3083898
3083918
3083943
3083950
3084067
3084133
3084137
3084139
3084312
3084377
3084392
3084393
3084432
3084471
3084605
3084635
3084724
3084742
3084749
3084791
3085798
3085827
3085854
3085914
3085915
3085968
3085980
3086056
3086074
3086097
3086125
3086142
3086212
3086216
3086244
3086251
3086256
3086286
3086301
3086348
3086383
3086390
3086430
3086491
3086544
3086547
3086550
3086580
3086585
3086610
3086628
3086632
3086634
3086646
3086651
3086665
3086674
3086682
3086692
3086737
3086747
3086789
3086791
3086794
3086799
3086809
3086818
3086854
3086896
3086899
3086926
3086929
3086962
3086996
3087026
3087027
3087067
3087080
3087082
3087107
3087262
3087292
3087366
3087435
3088493
3088494
3088515
3088684
3088694
3088699
3088700
3088751
3088773
3088804
3088882
3088886
3088942
3088947
3088952
3088996
3089011
3089028
3089035
3089057
3089069
3089093
3089113
3089127
3089154
3089192
3089283
3089300
3089301
3089310
3089327
3089373
3089433
3089437
3089465
3089469
3089502
3089538
3089680
3089687
3089706
3089711
3089740
3089761
3089781
3089813
3089841
3089858
3089868
3089968
3089997
3090022
3090063
3090076
3090149
3090200
3090232
3091256
3091308
3091318
3091331
3091377
3091383
3091396
3091406
3091439
3091540
3091575
3091576
3091602
3091614
3091638
3091644
3091689
3091728
3091758
3091828
3091847
3091893
3091935
3091958
3092024
3092029
3092039
3092061
3092097
3092110
3092158
3092184
3092217
3092232
3092249
3092272
3092280
3092289
3092312
3092318
3092399
3092428
3092445
3092452
3092455
3092565
3092644
3092653
3092671
3092677
3092707
3092753
3092767
3092769
3092787
3092792
3093912
3093957
3094092
3094200
3094208
3094233
3094278
3094291
3094299
3094301
3094310
3094338
3094365
3094414
3094429
3094486
3094525
3094559
3094635
3094643
3094644
3094654
3094695
3094746
3094753
3094832
3094843
3094844
3094884
3094900
3094910
3094915
3094957
3095062
3095073
3095083
3095159
3095160
3095176
3095262
3095266
3095281
3095285
3095304
3095308
3095322
3095333
3095360
3095410
3095412
3095449
3095490
3095492
3095495
3096740
3096760
3096763
3096805
3096810
3096819
3096833
3096843
3096844
3096885
3096945
3096970
3096987
3096996
3096997
3097059
3097080
3097084
3097105
3097114
3097163
3097201
3097245
3097255
3097265
3097275
3097289
3097345
3097356
3097378
3097405
3097408
3097441
3097464
3097521
3097532
3097541
3097542
3097628
3097714
3097733
3097734
3097765
3097802
3097882
3097932
3097939
3098035
3098088
3098091
3098121
3098161
3098170
3098192
3098196
3098270
3098287
3098289
3098306
3098323
3098324
3098405
3099377
3099388
3099395
3099396
3099406
3099407
3099413
3099420
3099450
3099476
3099503
3099547
3099564
3099645
3099658
3099665
3099669
3099670
3099678
3099691
3099714
3099727
3099744
3099747
3099766
3099793
3099839
3099844
3099928
3099937
3099952
3099971
3099990
3100053
3100064
3100129
3100134
3100147
3100187
3100216
3100263
3100287
3100347
3100358
3100455
3100556
3100600
3100626
3100645
3100654
3100737
3100749
3100781
3100784
3100803
3100814
3100888
3101038
3101068
3102084
3102098
3102108
3102131
3102174
3102176
3102177
3102217
3102303
3102360
3102362
3102397
3102456
3102461
3102484
3102487
3102689
3102738
3102745
3102764
3102801
3102802
3102813
3102849
3102863
3102880
3102887
3102897
3102903
3103150
3103161
3103242
3103295
3103357
3103375
3103403
3103414
3103447
3103471
3103473
3103488
3103500
3103502
3103615
3103628
3103708
3104783
3104843
3104868
3104872
3104874
3104888
3104954
3104971
3105011
3105019
3105049
3105079
3105101
3105111
3105113
3105116
3105128
3105141
3105149
3105151
3105178
3105192
3105218
3105224
3105230
3105248
3105328
3105333
3105365
3105380
3105404
3105472
3105536
3105537
3105582
3105620
3105623
3105683
3105685
3105692
3105717
3105744
3105786
3105824
3105882
3105914
3105921
3105968
3105976
3105981
3106008
3106068
3106088
3106142
3106163
3106270
3106271
3106281
3106341
3107189
3107198
3107199
3107258
3107320
3107329
3107357
3107362
3107375
3107408
3107419
3107449
3107459
3107498
3107549
3107564
3107571
3107626
3107710
3107714
3107749
3107753
3107775
3107781
3107841
3107848
3107861
3107871
3107987
3108022
3108546
3108571
3108575
3108709
3108730
3108743
3108744
3108987
3109025
3109082
3109101
3109106
3109118
3109126
3109132
3109466
3109478
3110504
3110514
3110537
3110568
3110632
3110725
3110750
3110829
3110897
3110902
3110940
3110949
3110982
3111002
3111009
3111040
3111041
3111116
3111129
3111167
3111176
3111178
3111244
3111253
3111268
3111307
3111314
3111365
3111385
3111403
3111419
3111422
3111433
3111555
3111619
3111638
3111660
3111715
3111726
3111778
3111807
3111809
3111821
3111828
3111849
3111910
3111912
3111913
3111914
3111971
3111989
3112006
3112009
3112044
3112151
3112159
3113290
3113308
3113416
3113417
3113469
3113475
3113564
3113568
3113576
3113639
3113686
3113712
3113744
3113746
3113768
3113782
3113799
3113839
3113880
3113905
3113939
3113989
3113990
3114012
3114047
3114048
3114050
3114111
3114200
3114226
3114302
3114378
3114510
3115789
3115800
3115888
3116108
3116117
3116994
3117097
3117105
3117136
3117187
3117200
3117211
3117212
3117213
3117222
3117247
3117256
3117331
3117353
3117362
3117374
3117377
3117380
3117400
3117422
3117427
3117465
3117629
3117847
3117901
3117926
3117933
3117936
3117961
3118105
3118111
3118139
3118168
3118221
3118254
3118329
3118330
3118350
3118400
3118401
3118405
3118436
3118458
3118549
3118558
3118559
3118562
3118599
3119749
3119750
3119758
3119784
3119839
3119852
3119860
3119894
3119922
3119932
3120040
3120075
3120121
3120159
3120184
3120185
3120202
3120232
3120331
3120399
3120438
3120457
3120481
3120488
3120556
3120785
3120861
3120865
3120922
3120931
3120942
3121016
3121049
3121109
3121231
3121253
3121339
3121788
3121795
3121820
3122404
3122442
3122455
3122517
3122519
3122553
3122644
3122652
3122653
3122692
3122708
3122718
3122721
3122723
3122726
3122736
3122745
3122775
3122779
3122783
3122784
3122814
3122851
3122884
3122889
3122904
3122923
3122931
3122977
3123015
3123034
3123054
3123109
3123135
3123183
3123242
3123280
3123284
3123309
3123466
3123476
3123480
3123483
3123490
3123510
3123642
3123671
3123698
3123715
3123799
3123814
3123823
3123914
3123923
3123927
3123969
3124011
3124039
3124087
3125087
3125095
3125117
3125132
3125145
3125150
3125172
3125274
3125275
3125292
3125293
3125319
3125429
3125430
3125437
3125491
3125496
3125530
3125541
3125549
3125573
3125582
3125590
3125595
3125608
3125628
3125629
3125653
3125699
3125707
3125717
3125763
3125784
3125890
3125921
3125955
3126006
3126007
3126037
3126063
3126071
3126127
3126147
3126165
3126166
3126170
3126182
3126242
3126255
3126335
3126352
3126358
3126369
3126426
3126431
3126532
3126553
3126579
3126591
3126592
3126647
3126655
3126659
3126664
3126718
3126753
3126768
3127828
3127834
3127842
3127862
3127876
3127897
3127914
3127927
3127930
3127994
3128005
3128015
3128016
3128018
3128142
3128145
3128265
3128288
3128303
3128450
3128451
3128481
3128483
3128519
3128522
3128549
3128593
3128611
3128625
3128636
3128651
3128672
3128705
3128718
3128737
3128769
3128830
3128834
3128867
3128883
3128898
3128919
3128927
3128940
3128944
3129019
3129025
3129124
3129131
3129143
3129150
3129176
3129187
3129197
3129218
3129220
3129252
3129371
3129405
3129414
3129420
3130774
3130788
3130793
3130888
3130899
3130933
3130963
3130965
3131005
3131040
3131095
3131159
3131223
3131296
3131300
3131307
3131351
3131357
3131395
3131398
3131468
3131485
3131487
3131575
3131599
3131681
3131695
3131705
3131715
3131747
3131781
3131869
3131898
3131910
3131931
3131953
3131995
3132103
3132110
3132124
3132189
3132193
3132197
3132198
3132207
3132215
3132221
3133215
3133231
3133257
3133264
3133280
3133282
3133333
3133389
3133403
3133423
3133464
3133499
3133563
3133594
3133613
3133614
3133618
3133660
3133677
3133695
3133753
3133754
3133758
3133785
3133829
3133836
3133893
3133909
3133922
3133944
3133990
3133998
3134017
3134021
3134023
3134031
3134053
3134092
3134114
3134141
3134177
3134179
3134296
3134298
3134316
3134421
3134462
3134471
3134477
3134557
3134581
3134593
3134595
3134603
3134701
3134719
3134730
3134809
3134833
3134856
3134902
3136039
3136045
3136053
3136117
3136119
3136178
3136219
3136222
3136229
3136230
3136249
3136256
3136258
3136262
3136290
3136306
3136312
3136322
3136347
3136356
3136371
3136393
3136451
3136505
3136529
3136553
3136555
3136565
3136566
3136577
3136588
3136840
3136849
3136857
3136863
3136873
3136913
3136920
3136977
3137028
3137060
3137145
3137151
3137163
3137237
3137291
3137319
3137320
3137380
3137403
3137415
3137472
3137479
3137481
3137494
3137541
3137684
3137706
3138800
3138874
3138893
3138911
3139025
3139048
3139066
3139074
3139153
3139341
3139374
3139403
3139423
3139427
3139446
3139465
3139557
3139560
3139578
3139610
3139844
3139875
3139901
3139924
3139945
3139971
3140036
3140049
3140061
3140066
3140111
3140220
3140243
3140264
3140323
3140345
3140362
3142209
3142213
3142293
3142371
3142449
3142563
3142617
3142656
3142670
3142695
3142697
3142721
3142762
3142796
3142827
3142841
3142847
3142864
3142906
3143075
3143216
3143267
3143401
3143496
3143587
3143608
3143758
3143760
3143809
3143896
3143905
3144057
3144158
3144181
3144260
3144264
3144333
3144380
3144439
3144485
3144522
3144557
3144610
3144675
3144845
3144865
3144876
3144911
3144925
3144927
3145030
3147194
3147200
3147201
3147240
3147330
3147353
3147363
3147382
3147398
3147423
3147433
3147437
3147511
3147677
3147694
3147700
3147702
3147708
3147723
3147746
3147821
3147854
3147967
3148143
3148252
3148393
3148452
3148594
3148702
3148750
3148854
3148864
3148899
3148937
3148953
3148959
3148982
3148988
3149009
3149034
3149087
3149108
3149229
3149252
3149322
3149498
3149525
3149529
3149677
3149687
3149692
3149877
3149956
3150138
3150346
3152377
3152490
3152632
3152642
3152661
3152663
3152707
3152734
3152738
3152809
3152939
3152970
3152981
3153002
3153060
3153064
3153246
3153251
3153271
3153273
3153300
3153307
3153359
3153481
3153663
3153866
3153976
3154029
3154068
3154116
3154175
3154208
3154214
3154229
3154269
3154329
3154341
3154421
3154433
3154452
3154463
3154498
3154531
3154604
3154606
3154639
3154678
3154682
3154822
3154824
3154908
3154927
3154949
3154970
3155028
3155071
3155097
3155126
3155154
3155172
3155175
3155180
3155186
3155196
3155314
3156345
3156348
3156512
3156514
3156605
3156643
3156650
3156666
3156706
3156734
3156755
3156766
3156770
3156797
3156801
3156826
3156830
3156871
3156876
3156934
3156939
3157050
3157059
3157061
3157063
3157065
3157160
3157195
3157212
3157229
3157279
3157361
3157363
3157417
3157455
3157577
3157631
3157697
3157704
3157719
3157787
3157809
3157887
3157894
3157917
3157923
3157929
3157947
3157957
3157968
3159162
3159259
3159297
3159305
3159308
3159353
3159360
3159361
3159387
3159394
3159398
3159402
3159494
3159501
3159527
3159541
3159557
3159587
3159592
3159598
3159645
3159646
3159695
3159701
3159707
3159731
3159827
3159866
3159868
3159914
3159926
3159937
3159960
3159978
3159998
3160051
3160053
3160057
3160066
3160116
3160196
3160258
3160278
3160348
3160485
3160510
3160532
3160534
3160586
3160590
3160608
3160612
3160629
3160711
3161874
3161916
3161944
3161954
3161966
3161969
3162014
3162036
3162107
3162113
3162157
3162164
3162170
3162181
3162273
3162287
3162340
3162389
3162425
3162460
3162499
3162579
3162613
3162620
3162636
3162639
3162651
3162659
3162698
3162757
3162764
3162765
3162771
3162794
3162796
3162812
3162814
3162904
3162921
3163007
3163082
3163186
3163197
3163218
3163228
3163230
3163293
3163321
3163353
3163362
3163414
3163480
3164676
3164737
3164740
3164786
3164824
3164857
3164859
3164865
3164872
3164900
3164902
3164939
3165004
3165020
3165048
3165103
3165123
3165159
3165212
3165217
3165237
3165323
3165350
3165384
3165387
3165401
3165452
3165543
3165605
3165617
3165619
3165638
3165649
3165668
3165717
3165774
3165802
3165813
3165832
3165867
3165875
3165877
3165878
3165893
3165914
3165980
3165992
3166015
3166021
3166027
3166045
3166104
3166119
3166125
3166142
3166159
3166265
3167390
3167479
3167494
3167523
3167533
3167542
3167564
3167587
3167631
3167634
3167657
3167684
3167739
3167837
3167839
3167890
3167938
3167966
3167984
3167994
3168005
3168043
3168057
3168059
3168064
3168125
3168209
3168241
3168309
3168327
3168371
3168377
3168391
3168402
3168405
3168407
3168472
3168497
3168545
3168571
3168575
3168608
3168610
3168650
3168659
3168668
3168692
3168698
3168703
3168738
3168744
3168760
3168778
3168842
3168851
3168865
3168929
3168955
3168979
3169018
3170073
3170076
3170130
3170133
3170142
3170239
3170249
3170280
3170281
3170295
3170386
3170391
3170406
3170564
3170575
3170576
3170660
3170665
3170730
3170764
3170769
3170783
3170787
3170792
3170795
3170816
3170895
3170902
3170912
3170920
3170965
3170969
3170976
3170990
3170993
3171018
3171098
3171123
3171149
3171155
3171171
3171205
3171206
3171218
3171219
3171231
3171264
3171271
3171285
3171393
3171406
3171432
3171434
3171452
3171481
3171501
3171548
3171640
3172915
3173009
3173038
3173065
3173073
3173105
3173131
3173143
3173160
3173183
3173189
3173192
3173194
3173205
3173245
3173265
3173266
3173293
3173298
3173320
3173328
3173364
3173389
3173400
3173401
3173447
3173486
3173489
3173529
3173592
3173619
3173654
3173679
3173775
3173786
3173809
3173810
3173835
3173837
3173842
3173855
3173863
3173866
3173873
3173905
3173911
3173935
3173981
3173992
3174021
3174023
3174031
3174051
3174057
3174149
3174216
3174226
3174239
3174245
3174255
3174331
3174333
3174340
3174369
3174381
3174441
3174472
3175695
3175771
3175835
3175884
3175885
3176029
3176101
3176131
3176140
3176152
3176154
3176169
3176243
3176285
3176331
3176337
3176361
3176383
3176391
3176403
3176404
3176410
3176485
3176494
3176498
3176509
3176550
3176561
3176563
3176568
3176582
3176586
3176594
3176597
3176630
3176634
3176691
3176693
3176817
3176823
3176844
3176848
3176895
3176933
3176976
3176985
3177039
3177070
3177079
3178298
3178299
3178421
3178433
3178439
3178453
3178501
3178580
3178596
3178617
3178620
3178643
3178644
3178677
3178709
3178740
3178773
3178818
3178821
3178826
3178891
3178896
3178897
3178912
3178930
3178951
3178957
3178968
3178974
3179047
3179129
3179137
3179169
3179198
3179222
3179263
3179342
3179373
3179379
3179406
3179456
3179463
3179536
3179566
3179580
3179623
3179629
3179702
3179722
3179739
3179742
3179753
3179755
3179815
3179838
3179873
3179951
3179972
3180007
3181221
3181239
3181250
3181251
3181297
3181339
3181408
3181521
3181546
3181551
3181559
3181561
3181568
3181574
3181590
3181599
3181601
3181652
3181672
3181679
3181685
3181718
3181772
3181791
3181906
3181909
3181960
3182032
3182048
3182054
3182058
3182131
3182177
3182179
3182205
3182280
3182350
3182378
3182380
3182422
3182451
3182463
3182529
3182530
3182536
3182589
3182644
3183848
3183929
3183946
3183982
3184030
3184034
3184087
3184103
3184118
3184127
3184215
3184244
3184257
3184260
3184290
3184306
3184308
3184337
3184375
3184385
3184403
3184455
3184484
3184504
3184505
3184526
3184528
3184535
3184555
3184582
3184641
3184700
3184702
3184709
3184725
3184728
3184754
3184771
3184794
3184822
3184834
3184863
3184922
3184947
3184964
3184977
3185025
3185026
3185070
3185097
3185142
3185148
3185226
3185266
3185272
3185335
3186621
3186624
3186629
3186661
3186948
3186951
3186954
3187020
3187076
3187090
3187104
3187178
3187196
3187203
3187205
3187226
3187247
3187261
3187273
3187386
3187391
3187416
3187435
3187442
3187449
3187456
3187486
3187509
3187511
3187552
3187553
3187554
3187588
3187614
3187615
3187636
3187697
3187701
3187703
3187707
3187739
3187746
3187754
3187775
3187837
3187997
3188014
3188042
3189229
3190287
3190302
3190312
3190419
3190455
3190461
3190479
3190704
3190715
3190745
3190759
3192020
3192038
3192054
3192141
3192296
3192537
3192703
3192754
3192761
3192765
3192791
3192815
3192824
3192856
3192880
3192898
3192900
3192949
3192950
3193099
3193140
3193162
3193164
3193169
3193187
3193193
3193307
3193510
3194725
3194750
3194796
3194853
3194944
3194996
3195084
3195112
3195147
3195319
3195338
3195390
3195395
3195403
3195418
3195426
3195430
3195442
3195472
3195490
3195533
3195539
3195547
3195553
3195589
3195639
3195645
3195703
3195713
3195781
3195789
3195799
3195826
3195833
3195862
3195870
3195881
3195899
3195901
3195908
3195973
3196066
3196082
3196110
3196156
3196160
3196230
3196263
3196292
3196315
3197811
3198040
3198042
3198125
3198287
3198336
3198361
3198397
3198449
3198511
3198983
3198995
3199025
3199121
3199243
3199259
3199284
3199617
3199860
3199868
3200229
3200261
3200269
3200401
3200458
3200483
3200488
3200490
3200513
3200518
3200532
3200545
3200644
3200670
3200735
3200815
3200828
3203038
3203131
3203158
3203190
3203878
3203974
3204071
3204117
3204306
3208295
3208328
3208351
3208382
3208399
3208409
3208497
3208532
3208546
3208579
3208608
3208639
3208738
3208789
3208915
3209151
3209278
3209280
3209345
3209364
3209462
3209723
3209793
3209826
3209833
3210637
3210644
3210702
3211009
3213706
3213772
3213783
3213823
3213827
3213896
3213930
3213937
3213941
3213972
3214015
3214116
3214128
3214139
3214143
3214151
3214235
3214268
3214324
3214379
3214423
3214511
3214517
3214667
3214708
3214710
3214786
3214842
3214873
3214914
3214941
3214956
3215068
3215146
3215166
3215199
3215240
3215333
3215358
3215399
3215406
3215457
3215470
3215573
3215575
3215656
3215662
3215789
3215882
3215980
3216001
3216012
3216024
3216076
3216099
3216214
3216243
3216332
3216477
3216569
3216586
3218854
3218876
3218897
3218918
3218941
3218991
3219050
3219092
3219101
3219126
3219211
3219224
3219249
3219274
3219328
3219450
3219454
3219463
3219483
3219531
3219654
3219723
3219811
3219846
3219851
3219884
3220097
3220148
3220241
3220333
3220356
3220421
3220586
3220624
3220659
3220841
3220921
3220963
3220967
3220992
3221019
3221101
3221121
3221170
3221227
3221236
3221277
3221359
3221382
3221384
3221467
3221508
3221539
3221543
3221576
3221745
3221845
3223996
3224031
3224058
3224085
3224129
3224132
3224382
3224449
3224476
3224722
3224728
3224872
3224941
3225132
3225184
3225206
3225208
3225359
3225400
3225486
3225607
3225609
3225617
3225722
3225777
3225804
3225920
3225959
3226019
3226125
3226231
3226243
3226251
3226406
3226475
3226495
3226501
3226580
3226584
3226754
3226766
3227030
3227061
3228976
3229080
3229109
3229140
3229161
3229173
3229249
3229257
3229276
3229388
3229438
3229476
3229480
3229560
3229604
3229710
3229769
3229823
3229862
3229891
3229912
3229930
3230090
3230157
3230192
3230215
3230260
3230393
3230411
3230422
3230442
3230578
3230600
3230666
3230695
3230748
3231047
3231064
3231068
3231072
3231082
3231124
3231230
3231305
3231425
3231435
3231439
3231479
3231520
3231682
3231732
3231762
3231767
3231858
3231869
3231873
3231956
3231990
3232095
3232204
3234144
3234284
3234287
3234379
3234439
3234488
3234552
3234573
3234765
3234823
3235004
3235011
3235015
3235072
3235246
3235306
3235331
3235360
3235370
3235374
3235445
3235537
3235572
3235596
3235600
3235606
3235663
3235680
3235692
3235698
3235722
3235749
3235787
3235903
3235966
3235974
3236011
3236034
3236059
3236081
3236120
3236187
3236196
3236251
3236284
3236344
3236372
3236509
3236528
3236623
3236646
3236671
3236694
3236740
3236820
3236874
3236878
3236907
3236922
3236953
3237025
3237158
3237160
3237320
3237350
3237351
3237353
3237359
3237386
3239373
3239395
3239447
3239644
3239655
3239672
3239810
3239896
3239904
3239906
3240029
3240043
3240059
3240089
3240121
3240158
3240203
3240296
3240352
3240383
3240403
3240451
3240462
3240470
3240535
3240574
3240604
3240793
3240809
3240815
3240863
3240865
3240879
3240889
3240897
3240903
3240904
3240931
3241016
3241078
3241106
3241112
3241174
3241325
3241414
3241505
3241522
3241567
3241571
3241594
3241701
3241768
3241855
3241882
3241894
3242082
3242117
3242253
3242396
3242414
3244403
3244434
3244488
3244497
3244499
3244502
3244544
3244601
3244613
3244650
3244670
3244691
3244748
3244757
3244783
3244786
3244811
3244887
3244934
3244968
3245048
3245049
3245093
3245175
3245186
3245221
3245325
3245332
3245339
3245347
3245350
3245384
3245414
3245418
3245433
3245478
3245498
3245504
3245525
3245526
3245548
3245562
3245601
3245654
3245661
3245673
3245683
3245696
3245711
3245718
3245730
3245742
3245746
3245767
3245799
3245801
3245806
3245836
3245885
3245994
3246031
3246059
3246119
3247107
3247314
3247343
3247366
3247415
3247470
3247503
3247563
3247575
3247615
3247654
3247685
3247715
3247734
3247748
3247752
3247770
3247791
3247800
3247805
3247822
3247830
3247845
3247856
3247889
3247963
3247995
3248005
3248036
3248041
3248060
3248061
3248093
3248108
3248128
3248198
3248199
3248200
3248253
3248267
3248352
3248372
3248435
3248450
3248475
3248486
3248504
3248521
3248526
3248557
3248597
3248639
3248644
3248648
3248674
3248733
3249944
3249995
3250054
3250172
3250207
3250212
3250215
3250220
3250232
3250255
3250262
3250312
3250317
3250340
3250362
3250371
3250382
3250389
3250402
3250414
3250472
3250473
3250497
3250547
3250549
3250586
3250592
3250608
3250715
3250718
3250743
3250760
3250771
3250800
3250857
3250874
3250877
3250903
3250922
3250933
3250943
3250946
3250992
3251035
3251081
3251082
3251150
3251207
3251242
3251280
3251326
3251336
3251360
3251424
3251433
3251487
3251495
3251499
3252729
3252748
3252918
3252993
3253041
3253050
3253065
3253155
3253158
3253216
3253279
3253316
3253380
3253395
3253398
3253412
3253624
3253769
3253788
3253791
3253803
3253805
3253806
3253834
3253847
3253862
3253885
3253894
3253905
3253908
3253909
3254031
3254131
3254145
3254146
3254155
3254178
3254188
3254279
3255387
3255440
3255447
3255499
3255553
3255577
3255590
3255636
3255657
3255710
3255719
3255823
3255828
3255879
3255969
3256023
3256086
3256096
3256130
3256212
3256263
3256312
3256317
3256331
3256342
3256363
3256412
3256448
3256481
3256486
3256517
3256541
3256562
3256563
3256571
3256588
3256597
3256598
3256602
3256618
3256664
3256688
3256798
3256911
3256921
3258070
3258104
3258175
3258189
3258277
3258365
3258381
3258405
3258462
3258469
3258524
3258533
3258566
3258567
3258574
3258589
3258674
3258693
3258694
3258707
3258767
3258800
3258827
3259185
3259192
3259314
3259350
3259364
3259373
3259460
3259484
3259495
3259528
3259585
3259587
3259624
3259671
3259722
3260847
3261010
3261030
3261072
3261080
3261546
3261577
3261581
3261591
3261611
3261625
3261630
3261655
3261756
3261849
3261859
3261897
3261911
3261933
3261966
3261971
3262025
3262174
3262216
3262224
3262240
3262342
3262350
3262369
3262393
3262488
3263673
3263678
3263682
3263699
3263703
3263791
3263814
3263844
3263857
3263869
3263885
3263933
3263945
3263958
3264023
3264029
3264035
3264040
3264042
3264051
3264077
3264078
3264091
3264110
3264135
3264155
3264158
3264228
3264274
3264280
3264291
3264305
3264375
3264380
3264395
3264433
3264461
3264537
3264628
3264673
3264718
3264775
3264842
3264845
3264855
3264910
3264949
3264966
3264976
3265281
3265361
3265537
3265546
3265556
3265562
3265645
3265649
3265653
3265662
3265673
3265700
3265749
3265814
3265924
3265935
3265940
3268028
3268119
3268142
3268163
3268281
3268294
3268321
3268468
3268518
3268797
3268889
3268964
3268977
3269000
3269067
3269249
3269330
3269425
3269473
3269516
3269628
3269640
3269649
3269655
3269733
3269806
3269894
3269908
3269941
3269999
3270021
3270233
3270266
3270288
3270307
3270338
3270432
3270670
3270677
3270729
3270774
3271191
3273308
3273352
3273362
3273540
3273542
3273725
3273746
3273781
3274040
3274067
3274107
3274124
3274161
3274233
3274235
3274256
3274269
3274310
3274313
3274427
3274429
3274462
3274478
3274523
3274550
3274578
3274708
3274724
3274780
3274859
3274871
3274905
3274937
3274950
3274954
3274968
3275055
3275069
3275104
3275282
3275287
3275299
3275317
3275373
3275477
3275651
3275750
3275803
3275873
3275883
3275891
3275897
3276055
3276060
3276105
3276156
3276466
3278690
3278715
3278731
3322451
3322505
3323080
3323133
3323397
3323500
3323882
3324010
3330396
3330584
3331269
3331588
3331618
3332326
3332369
3332454
3334598
3334691
3334699
3334701
3334715
3335695
3336120
3341728
3341803
3341923
3341927
3342126
3342195
3342412
3342420
3342492
3342506
3342510
3342522
3342532
3342551
3342571
3342579
3342623
3342643
3342654
3342680
3342683
3342724
3342740
3342829
3342855
3342918
3343005
3343022
3343132
3343140
3343147
3343153
3343154
3343198
3343266
3343305
3343338
3343344
3343373
3343382
3343479
3343507
3343555
3343575
3343578
3343581
3343617
3343625
3343635
3343653
3343686
3343689
3343695
3343755
3343757
3343841
3343871
3343883
3343912
3343915
3343922
3343925
3343965
3343966
3343994
3344116
3344131
3344216
3344232
3344243
3344331
3344361
3344374
3344383
3344398
3344441
3344443
3344455
3344466
3344487
3344492
3344524
3344532
3344536
3344596
3344638
3344650
3344744
3344748
3344752
3344770
3344776
3344778
3344805
3344817
3344973
3345020
3345064
3345132
3345174
3345227
3345228
3345234
3345308
3345317
3345421
3345423
3345470
3345559
3345598
3345601
3345604
3345623
3345652
3345710
3345745
3345749
3345757
3345768
3345781
3345807
3345845
3345848
3345858
3345907
3345955
3345956
3345982
3345986
3346034
3346036
3346060
3346088
3346134
3346232
3346286
3346352
3346358
3346404
3346464
3346519
3346620
3346696
3346729
3346765
3346773
3346780
3346876
3346880
3346911
3346947
3346999
3347019
3347029
3347081
3347102
3347160
3347271
3347329
3347412
3347420
3347455
3347483
3347520
3347528
3347533
3347578
3347596
3347687
3347691
3347709
3347715
3347737
3347769
3347777
3347822
3347824
3347853
3347889
3347908
3347978
3348101
3348158
3348185
3348200
3348550
3348615
3348926
3348958
3348983
3349004
3349016
3350873
3351761
3351791
3352018
3352093
3352151
3352178
3352189
3352287
3352373
3352419
3352457
3352492
3352599
3352610
3352638
3352646
3352658
3352666
3352695
3352744
3352750
3352751
3352809
3352817
3352880
3352901
3352904
3352917
3352919
3352926
3352971
3353032
3353108
3353112
3353154
3353166
3353228
3353247
3353380
3353386
3353463
3353531
3353542
3353548
3353571
3353621
3353647
3353688
3353693
3353719
3353732
3353735
3353741
3353743
3353752
3353767
3353781
3353831
3353856
3353881
3353917
3353939
3353945
3353991
3353996
3354052
3354157
3354175
3354180
3354182
3354256
3354262
3354341
3354452
3354490
3354536
3354613
3354678
3354683
3354711
3354725
3354748
3354770
3354785
3354798
3354830
3354888
3354971
3354979
3355014
3355036
3355048
3355291
3355295
3355398
3356393
3356528
3356547
3356596
3356658
3356686
3356833
3356837
3356845
3356970
3357137
3357831
3358230
3358250
3358352
3358386
3358477
3358625
3358648
3358671
3358769
3358870
3358903
3358913
3358936
3358940
3359072
3359104
3359133
3359178
3359188
3359196
3359211
3359231
3359245
3359402
3359426
3359446
3359488
3359568
3359608
3359668
3359676
3359725
3359730
3359736
3359832
3359846
3359854
3359956
3360095
3360110
3360143
3360157
3360160
3360218
3360230
3360398
3360406
3360430
3360433
3360476
3360505
3360548
3360566
3360576
3360651
3360683
3360821
3360870
3360994
3361111
3361256
3361258
3361276
3361340
3361368
3361408
3361484
3361507
3361548
3361576
3361706
3361777
3361780
3361819
3362059
3362062
3362090
3362142
3362236
3362277
3362315
3362446
3362664
3362688
3362739
3362756
3362765
3362929
3362941
3363145
3363190
3363239
3363246
3363284
3363375
3363432
3363484
3363540
3363541
3363639
3363661
3363803
3363822
3363834
3363843
3363849
3363911
3363929
3363932
3364004
3364048
3364140
3364160
3364167
3364181
3364332
3364356
3364379
3364474
3364611
3364664
3364735
3364760
3364813
3364824
3364836
3364843
3364850
3364888
3364920
3364980
3364984
3365006
3365023
3365095
3365130
3365133
3365177
3365217
3365219
3365273
3365337
3365360
3365384
3365390
3365394
3365533
3365557
3365561
3365563
3365572
3365617
3365625
3365633
3365662
3365679
3365718
3365821
3365836
3365846
3365849
3365881
3365910
3365984
3366118
3366119
3366134
3366152
3366220
3366225
3366245
3366302
3366316
3366357
3366414
3366424
3366532
3366534
3366592
3366630
3366697
3366720
3366730
3366795
3366812
3366897
3366908
3366941
3366982
3366987
3366990
3367021
3367025
3367069
3367123
3367161
3367224
3367241
3367290
3367343
3367422
3367444
3367524
3367633
3367653
3367807
3367851
3367859
3367885
3367908
3367910
3368124
3368201
3368216
3368399
3368403
3368450
3368456
3368488
3368612
3368648
3368668
3368719
3368791
3368899
3373616
3373621
3373625
3373656
3373690
3373711
3373717
3373751
3373760
3373800
3373824
3373829
3373836
3373854
3373869
3373913
3373999
3374009
3374024
3374076
3374086
3374190
3374241
3374289
3374358
3374398
3374435
3374441
3374501
3374598
3374623
3374647
3374651
3374682
3374687
3374703
3374714
3374750
3374817
3374834
3374869
3374897
3374934
3375035
3375098
3375129
3375144
3375168
3375181
3375229
3375234
3375301
3375302
3375325
3375338
3375341
3375344
3375362
3375428
3375451
3375455
3375457
3375552
3375587
3375604
3375613
3375749
3375760
3375903
3375904
3375992
3376005
3376088
3376175
3376293
3376404
3376416
3376431
3376432
3376462
3376467
3376475
3376535
3376599
3376628
3376749
3376813
3376886
3376932
3377030
3377072
3377102
3377198
3377284
3377340
3377380
3377462
3377482
3377518
3377522
3377555
3377607
3377645
3377649
3377654
3377736
3377778
3377827
3377855
3377858
3377890
3378006
3378123
3378127
3378173
3378210
3378217
3378256
3378264
3378349
3378387
3378416
3378417
3378462
3378583
3378600
3378611
3378619
3378685
3378749
3378750
3378810
3378823
3378826
3378847
3378885
3378904
3378915
3379011
3379122
3379150
3379220
3379236
3379248
3379333
3379362
3379432
3379453
3379454
3379459
3379484
3379507
3379527
3379622
3379687
3379782
3379786
3379826
3379897
3379949
3379960
3380050
3380066
3380079
3380279
3380292
3380671
3380707
3381030
3381038
3381066
3381135
3381237
3381352
3381363
3381414
3381439
3381482
3381546
3381658
3381660
3381668
3381672
3381676
3381800
3381804
3381821
3381845
3381942
3382005
3382029
3382141
3382181
3382293
3382357
3382389
3382456
3382463
3382582
3382598
3382644
3382725
3382793
3382809
3382940
3382964
3383104
3383169
3383420
3383436
3383559
3383563
3383571
3383603
3383668
3383891
3384022
3384066
3384083
3384139
3384143
3384183
3384200
3384313
3384355
3384473
3384475
3384479
3384490
3384503
3384563
3384706
3384771
3384809
3384893
3384978
3385062
3385202
3385251
3385299
3385332
3385339
3385346
3385415
3385431
3385561
3385562
3385606
3385620
3385634
3385652
3385686
3385794
3385816
3385864
3385894
3385925
3385943
3386013
3386035
3386052
3386079
3386083
3386086
3386094
3386131
3386153
3386194
3386213
3386244
3386266
3386294
3386296
3386309
3386322
3386349
3386363
3386395
3386401
3386424
3386450
3386508
3386576
3386594
3386666
3386675
3386712
3386714
3386743
3386768
3386789
3386842
3386896
3386925
3387058
3387093
3387099
3387111
3387161
3387163
3387208
3387275
3387279
3387313
3387364
3387403
3387462
3387553
3387566
3387576
3387663
3387688
3387707
3387713
3387738
3387754
3387968
3387974
3387992
3388002
3388038
3388054
3388062
3388066
3388108
3388169
3388184
3388194
3388217
3388263
3388284
3388303
3388313
3388342
3388441
3388468
3388527
3388545
3388589
3388600
3388627
3388632
3388638
3388644
3388714
3388723
3388842
3388856
3388878
3388892
3388903
3388906
3388918
3388920
3389032
3389049
3389092
3389139
3389150
3389169
3389185
3389203
3389298
3389371
3389376
3389388
3389426
3389430
3389442
3389472
3389489
3389535
3389560
3389583
3389605
3389633
3389682
3389848
3389917
3389921
3389959
3389960
3389975
3390003
3390014
3390016
3390041
3390110
3390139
3390245
3390272
3390275
3390299
3390364
3390693
3390783
3390799
3390873
3390893
3390945
3390949
3390985
3391258
3391276
3391343
3391351
3391355
3391409
3395165
3395223
3395275
3395311
3395316
3395350
3395386
3395419
3395426
3395513
3395522
3395534
3395536
3395585
3395613
3395624
3395802
3395804
3395871
3395874
3395948
3395984
3395993
3396021
3396032
3396156
3396262
3396319
3396405
3396448
3396449
3396459
3396488
3396521
3396547
3396562
3396688
3396692
3396721
3396769
3396843
3396860
3396905
3396921
3397021
3397025
3397026
3397066
3397073
3397223
3397229
3397247
3397248
3397340
3397477
3397480
3397482
3397489
3397571
3397670
3397685
3397763
3397922
3397989
3398069
3398101
3398136
3398156
3398290
3398402
3398430
3398431
3398467
3398542
3398590
3398605
3398657
3398831
3398945
3399175
3399245
3399305
3399392
3399402
3399415
3399556
3399685
3399744
3399864
3399869
3399884
3399919
3400011
3400044
3400114
3400152
3400156
3400178
3400201
3400216
3400289
3400343
3400627
3400753
3400773
3400886
3401010
3401036
3401119
3401130
3401149
3401179
3401243
3401289
3401313
3401388
3401437
3401442
3401484
3401574
3401593
3401598
3401704
3401827
