0.000000 1.000000 1.000000 1.000000
0.025000 0.702703 0.700000 0.700000
0.050000 0.643154 0.660574 0.660574
0.075000 0.568293 0.618271 0.618271
0.100000 0.532646 0.594118 0.594118
0.125000 0.504551 0.574681 0.574681
0.150000 0.469697 0.539118 0.539118
0.175000 0.440389 0.524629 0.524629
0.200000 0.417508 0.494129 0.494129
0.225000 0.389726 0.453493 0.453493
0.250000 0.347846 0.419741 0.419741
0.275000 0.322252 0.368435 0.368435
0.300000 0.281099 0.320296 0.320296
0.325000 0.238693 0.268872 0.268872
0.350000 0.199412 0.180041 0.180041
0.375000 0.150863 0.078890 0.078890
0.400000 0.065787 0.031159 0.031159
0.425000 0.023172 0.000000 0.000000
0.450000 0.020878 0.000000 0.000000
0.475000 0.000000 0.000000 0.000000
0.500000 0.000000 0.000000 0.000000
0.525000 0.000000 0.000000 0.000000
0.550000 0.000000 0.000000 0.000000
0.575000 0.000000 0.000000 0.000000
0.600000 0.000000 0.000000 0.000000
0.625000 0.000000 0.000000 0.000000
0.650000 0.000000 0.000000 0.000000
0.675000 0.000000 0.000000 0.000000
0.700000 0.000000 0.000000 0.000000
0.725000 0.000000 0.000000 0.000000
0.750000 0.000000 0.000000 0.000000
0.775000 0.000000 0.000000 0.000000
0.800000 0.000000 0.000000 0.000000
0.825000 0.000000 0.000000 0.000000
0.850000 0.000000 0.000000 0.000000
0.875000 0.000000 0.000000 0.000000
0.900000 0.000000 0.000000 0.000000
0.925000 0.000000 0.000000 0.000000
0.950000 0.000000 0.000000 0.000000
0.975000 0.000000 0.000000 0.000000
1.000000 0.000000 0.000000 0.000000
