2979274
2979956
3035207
3035768
3035851
3035855
3035859
3035928
3036326
3036491
3038148
3038178
3038190
3038431
3038680
3038865
3038895
3039113
3040371
3040406
3040792
3040864
3041032
3041229
3041277
3041587
3041794
3041824
3041952
3043187
3043300
3043433
3043529
3043645
3043665
3043786
3043810
3043938
3043946
3044055
3044219
3044252
3044677
3045801
3046054
3046063
3046091
3046168
3046198
3046238
3046328
3046432
3046786
3047237
3047389
3047395
3047426
3048728
3048971
3049863
3051248
3051285
3051347
3051367
3051487
3051669
3051737
3051793
3051913
3051982
3052020
3052189
3052193
3052335
3052629
3052721
3052892
3052943
3053149
3053155
3053282
3053355
3054502
3054581
3054677
3054687
3055014
3056979
3056988
3057218
3057339
3058727
3058857
3059010
3059323
3060116
3062287
3062329
3062711
3062841
3062940
3063096
3064345
3064701
3064705
3064853
3064876
3064957
3065075
3065360
3065398
3065551
3066931
3067051
3067208
3067444
3067449
3067635
3067696
3068169
3068413
3068476
3068559
3070429
3070546
3070601
3071020
3071221
3072325
3072963
3073029
3073243
3073289
3073411
3073768
3073813
3074983
3075003
3075042
3075096
3075243
3075278
3075429
3075534
3075722
3075732
3075766
3075789
3075962
3076000
3076035
3076039
3077839
3077897
3078007
3078034
3078452
3078754
3078794
3078866
3078969
3078995
3079049
3079151
3079221
3079348
3080490
3080552
3080790
3080847
3080852
3081091
3081190
3081234
3081614
3081793
3081966
3082324
3082467
3083213
3083357
3083619
3083667
3083719
3083874
3083913
3083951
3083993
3084285
3084351
3084755
3085889
3086069
3086500
3086534
3086540
3086722
3086970
3087035
3087098
3087445
3088611
3089071
3089100
3089281
3089430
3089745
3089755
3089811
3089938
3090152
3091402
3091429
3091446
3091478
3091515
3091815
3091893
3092051
3092081
3092132
3092268
3092279
3092409
3094167
3094251
3094350
3094357
3094765
3094884
3094906
3094928
3094936
3095094
3095127
3095246
3095359
3095381
3096833
3097352
3097734
3097834
3098059
3098074
3099434
3099621
3099656
3099872
3100017
3100194
3100483
3100722
3100869
3101028
3102178
3102242
3102248
3102279
3102373
3102664
3102716
3102837
3103087
3103217
3103285
3103386
3103429
3103676
3103692
3104970
3105080
3105166
3105311
3105612
3105656
3105686
3105783
3105822
3105962
3107438
3107481
3108026
3109010
3109049
3109463
3109474
3110516
3110840
3110967
3110992
3111073
3111082
3111119
3111213
3111442
3111554
3111777
3113493
3113961
3113963
3113989
3114038
3114161
3114472
3115785
3115886
3115950
3116104
3117071
3117172
3117231
3117849
3118015
3118036
3118093
3118203
3118330
3118386
3118672
3119785
3120021
3120022
3120364
3120367
3120505
3120985
3121015
3121252
3122429
3122866
3123065
3123101
3123102
3123264
3123335
3123603
3123676
3123800
3124096
3125280
3125468
3125612
3125628
3125849
3126014
3126054
3126080
3126300
3126375
3126382
3126607
3126811
3127840
3128007
3128130
3128482
3128493
3128688
3128906
3128918
3128932
3129214
3129396
3130662
3130758
3130762
3130773
3130834
3130988
3131196
3131360
3131566
3131918
3132064
3132077
3132127
3133464
3133492
3133567
3133634
3133668
3133840
3133960
3134196
3134197
3134613
3134922
3134968
3135966
3136126
3136396
3136410
3136592
3137181
3137210
3137230
3137452
3138800
3138963
3139004
3139254
3139404
3139869
3140181
3140304
3140328
3142551
3142692
3142743
3143685
3143706
3143962
3144161
3144275
3144442
3144569
3144871
3145036
3145058
3147706
3147733
3147750
3148208
3148563
3148582
3148644
3148683
3149073
3150051
3154076
3154438
3154849
3155110
3155195
3156484
3156499
3156500
3156625
3156863
3157057
3157095
3157112
3157119
3157173
3157262
3157366
3157377
3157549
3157628
3157952
3159273
3159348
3159473
3159742
3159776
3159793
3159798
3159803
3159923
3159951
3160061
3160257
3161947
3162601
3163152
3163387
3164636
3164693
3164851
3164879
3164954
3164973
3165280
3165357
3165477
3165536
3165857
3167609
3167818
3167891
3167984
3168011
3168422
3168470
3168528
3168530
3168789
3168957
3168963
3170200
3170422
3170555
3170697
3170827
3170858
3171122
3171164
3171287
3171317
3171341
3171425
3171471
3171662
3172828
3173196
3173370
3173487
3173542
3173581
3173599
3173662
3173682
3173722
3173723
3173787
3173822
3174195
3174474
3175601
3175638
3175735
3175995
3176254
3176437
3176512
3176738
3176804
3177114
3178326
3178562
3178601
3178782
3178790
3178820
3179028
3179310
3179428
3179560
3179584
3179746
3181450
3181727
3181766
3181778
3181881
3181914
3181931
3182098
3182126
3182188
3182359
3182675
3183857
3183934
3184100
3184196
3184214
3184417
3184481
3184492
3184516
3184634
3184699
3184755
3185050
3185083
3186864
3187018
3187036
3187257
3187347
3187404
3187448
3187453
3187755
3187831
3188109
3189233
3190815
3191957
3193231
3193428
3194862
3194873
3195128
3195446
3195531
3195563
3195627
3195788
3195874
3195971
3197651
3197743
3198104
3198708
3199358
3199579
3199782
3199807
3200104
3200210
3200519
3200670
3203256
3203290
3203851
3204378
3208355
3209129
3213829
3213854
3214116
3214669
3214729
3215259
3215445
3215668
3215706
3215822
3216117
3216160
3216189
3216344
3216487
3219130
3219144
3219260
3219276
3219738
3220337
3220843
3220919
3221227
3221271
3221640
3224885
3225015
3225140
3225553
3225823
3226021
3226156
3226249
3226343
3226524
3226961
3227078
3229138
3229357
3229762
3229881
3229910
3229957
3230109
3230668
3230684
3230795
3230808
3231191
3231344
3231462
3231982
3234429
3234911
3234928
3235266
3235268
3235508
3235808
3235901
3236097
3236128
3236228
3236234
3236842
3236861
3237085
3240127
3240373
3240468
3240867
3240924
3241194
3241389
3241851
3241968
3241972
3242241
3244557
3245000
3245108
3245340
3245513
3245563
3245602
3246053
3246072
3246090
3247555
3247702
3247703
3247713
3247901
3248046
3248064
3248091
3248354
3248758
3250452
3250553
3250660
3250788
3250899
3250901
3251176
3251195
3251228
3252672
3252674
3253447
3253820
3253894
3253927
3253975
3254060
3254116
3254269
3255519
3255897
3256396
3256520
3256616
3256626
3256630
3256652
3256780
3256791
3256919
3258104
3258576
3258642
3259243
3259449
3259539
3259651
3259656
3259797
3261095
3261852
3261983
3262102
3262209
3262227
3262242
3263680
3263706
3264042
3264398
3264410
3264947
3264972
3265108
3265163
3265252
3265339
3267961
3268395
3268520
3269103
3269536
3270906
3273342
3273783
3273849
3274558
3275089
3275188
3275192
3275712
3275871
3276078
3323517
3323805
3334730
3341850
3341889
3342058
3342091
3342502
3342558
3342665
3342681
3342731
3342920
3343221
3343234
3343236
3343313
3343528
3343806
3343832
3343951
3343962
3344195
3344335
3344452
3345119
3345145
3345523
3345612
3345928
3346107
3346314
3346556
3346605
3346739
3346777
3347109
3347205
3347431
3347766
3347913
3351785
3352015
3352106
3352801
3352807
3353111
3353355
3353356
3353484
3354374
3354453
3354677
3354848
3356488
3356888
3358108
3358112
3358477
3358671
3359012
3359088
3359205
3359404
3359421
3359485
3359957
3360639
3360810
3360840
3360854
3360999
3361674
3361964
3362196
3362812
3363009
3363260
3363878
3364128
3364241
3364445
3364549
3364559
3364843
3364955
3364989
3365024
3365627
3365760
3365806
3365865
3365984
3366021
3366116
3366135
3366525
3366712
3367621
3368013
3368260
3368570
3373602
3373621
3373825
3374043
3374134
3374139
3374278
3374329
3374402
3374488
3374682
3374693
3375150
3375514
3375605
3375629
3375817
3376117
3376349
3376410
3377026
3377552
3377560
3377569
3377705
3378010
3378057
3378424
3378452
3378494
3378951
3379144
3379167
3379397
3379521
3379699
3380021
3380687
3381277
3381701
3381989
3382471
3383320
3385061
3385595
3385929
3385975
3386001
3386594
3386663
3386735
3386752
3386833
3386883
3387109
3387618
3387743
3387954
3387967
3388012
3388023
3388177
3388423
3388425
3388899
3388920
3389055
3389092
3389249
3389250
3389277
3389292
3389303
3389329
3389362
3389375
3389383
3389472
3389615
3389743
3389935
3390239
3390344
3390857
3390893
3395363
3395492
3395647
3395659
3395683
3395806
3395942
3395973
3396221
3396282
3396530
3396567
3396568
3396729
3396832
3396891
3397247
3397484
3398257
3398422
3398570
3399306
3399516
3399735
3399811
3400184
3400189
3400767
3400989
3401070
3401125
