0.000000 0.620915 0.674620 0.674620
0.025000 0.620915 0.674620 0.674620
0.050000 0.608414 0.663812 0.663812
0.075000 0.586889 0.628378 0.628378
0.100000 0.528421 0.599903 0.599903
0.125000 0.504287 0.575195 0.575195
0.150000 0.468659 0.552124 0.552124
0.175000 0.444782 0.521771 0.521771
0.200000 0.416436 0.488955 0.488955
0.225000 0.383987 0.459852 0.459852
0.250000 0.351720 0.420068 0.420068
0.275000 0.323286 0.385826 0.385826
0.300000 0.295202 0.338677 0.338677
0.325000 0.256690 0.280697 0.280697
0.350000 0.215266 0.209403 0.209403
0.375000 0.160981 0.125317 0.125317
0.400000 0.104831 0.046118 0.046118
0.425000 0.043831 0.031393 0.031393
0.450000 0.020787 0.000000 0.000000
0.475000 0.000000 0.000000 0.000000
0.500000 0.000000 0.000000 0.000000
0.525000 0.000000 0.000000 0.000000
0.550000 0.000000 0.000000 0.000000
0.575000 0.000000 0.000000 0.000000
0.600000 0.000000 0.000000 0.000000
0.625000 0.000000 0.000000 0.000000
0.650000 0.000000 0.000000 0.000000
0.675000 0.000000 0.000000 0.000000
0.700000 0.000000 0.000000 0.000000
0.725000 0.000000 0.000000 0.000000
0.750000 0.000000 0.000000 0.000000
0.775000 0.000000 0.000000 0.000000
0.800000 0.000000 0.000000 0.000000
0.825000 0.000000 0.000000 0.000000
0.850000 0.000000 0.000000 0.000000
0.875000 0.000000 0.000000 0.000000
0.900000 0.000000 0.000000 0.000000
0.925000 0.000000 0.000000 0.000000
0.950000 0.000000 0.000000 0.000000
0.975000 0.000000 0.000000 0.000000
1.000000 0.000000 0.000000 0.000000
