0.000000 1.000000 1.000000 1.000000
0.025000 0.652459 0.690987 0.690987
0.050000 0.591928 0.647887 0.647887
0.075000 0.553172 0.610619 0.610619
0.100000 0.512306 0.585987 0.585987
0.125000 0.487192 0.564121 0.564121
0.150000 0.454789 0.535032 0.535032
0.175000 0.433354 0.507087 0.507087
0.200000 0.404500 0.480418 0.480418
0.225000 0.384035 0.453947 0.453947
0.250000 0.357104 0.425344 0.425344
0.275000 0.329398 0.382397 0.382397
0.300000 0.296491 0.337468 0.337468
0.325000 0.261813 0.292249 0.292249
0.350000 0.227247 0.226391 0.226391
0.375000 0.180025 0.140603 0.140603
0.400000 0.117300 0.054935 0.054935
0.425000 0.047509 0.033009 0.033009
0.450000 0.022200 0.000000 0.000000
0.475000 0.000000 0.000000 0.000000
0.500000 0.000000 0.000000 0.000000
0.525000 0.000000 0.000000 0.000000
0.550000 0.000000 0.000000 0.000000
0.575000 0.000000 0.000000 0.000000
0.600000 0.000000 0.000000 0.000000
0.625000 0.000000 0.000000 0.000000
0.650000 0.000000 0.000000 0.000000
0.675000 0.000000 0.000000 0.000000
0.700000 0.000000 0.000000 0.000000
0.725000 0.000000 0.000000 0.000000
0.750000 0.000000 0.000000 0.000000
0.775000 0.000000 0.000000 0.000000
0.800000 0.000000 0.000000 0.000000
0.825000 0.000000 0.000000 0.000000
0.850000 0.000000 0.000000 0.000000
0.875000 0.000000 0.000000 0.000000
0.900000 0.000000 0.000000 0.000000
0.925000 0.000000 0.000000 0.000000
0.950000 0.000000 0.000000 0.000000
0.975000 0.000000 0.000000 0.000000
1.000000 0.000000 0.000000 0.000000
